V1,V2,V3,V4,V5,V6,V7,V8,V9,V10,V11,V12,V13,V14,V15,V16,V17,V18,V19,V20,V21,V22,V23,V24,V25,V26,V27,V28,V29,V30,V31,V32,V33,V34,V35,V36,V37,V38,V39,V40,V41,V42,V43
54.526043756321506,3.300966477537565,57.38418770087536,-20.120244548406117,21.5338874906195,-31.39747107734309,-103.99083935868613,199.8091053098902,-33.943438139393535,90.18381661411432,-34.91461748038127,151.56625841764424,-35.18880214780411,-60.562590023348164,-33.84323052117408,229.60119726152288,75.35193828072535,-163.6803017582378,107.27780737777196,74.21737629369504,85.9969298189924,-4.127393131767275,-63.52395149202963,5.516724485395753,-150.774236176783,-112.67949983780657,94.93978310645818,110.41814384154347,34.67892296865098,-7.086232607144489,-51.51144165706545,-83.91750407293608,-26.43654527191078,-50.43719297430498,124.95816076062249,-99.04884906724887,32.85978599221584,-41.417780826557546,35.97765085288674,-102.6415290340645,25.050153912688817,-22.759417421851172,-165.7020702663305
3.300966477537565,0.20554679973810958,3.5097905959980222,-1.2507926756966943,1.271493391452898,-1.8954439330902637,-6.337671170674683,12.160284771408271,-2.0573331804882997,5.474351078291958,-2.1082658067459326,9.208677965769859,-2.126120945732251,-3.6511634912995516,-2.058946797748199,13.965884284419948,4.56653635263591,-9.901226795855164,6.535298575424493,4.518664975714211,5.264015215304119,-0.23294272115881917,-3.87993424784017,0.33140712987615273,-9.154186588179263,-6.8704764197573915,5.794484870935164,6.676582613790923,2.0881770718328108,-0.4246960838725057,-3.1352966021564295,-5.08654915862609,-1.6459277280520546,-3.0724482488482168,7.583307201809076,-6.04553818788889,2.000088623884144,-2.515465995740865,2.1759108938296414,-6.226364456601726,1.5164033092479015,-1.3809051404956108,-10.063805175898034
57.38418770087536,3.5097905959980222,60.85555488261975,-21.53014538663438,22.48585678903422,-33.22600682349781,-110.13024973462889,211.26712920252575,-36.074247234667965,95.26196303718322,-36.50850706676189,160.20952804208017,-37.224018866731136,-63.54891541642741,-35.973679195827124,242.29564812623622,79.48892066173187,-172.6746318341893,113.67318016796467,78.04731248289956,91.20497192356066,-4.227646601134195,-67.27631254431789,5.730169800519671,-158.98799154108198,-119.18001194589165,100.42269719208984,116.14551796154635,35.62061525209054,-7.258172680185786,-54.49014561876738,-88.53938955046574,-28.180159058392594,-53.13158819009533,132.62800462600123,-105.04177390227072,34.895928991457744,-43.03883338891741,37.511474159262605,-108.2058475987828,26.472504436763455,-24.36325970545738,-174.81245696911924
-20.120244548406117,-1.2507926756966943,-21.53014538663438,7.7225494707521305,-7.776920854295262,11.682274075702805,38.86148855554659,-74.41412717869733,12.772124920861751,-33.52757423980002,12.701258990797514,-56.41734197828695,13.105067221825651,22.144072582677616,12.750415049773414,-85.13709866354718,-27.914748837625947,60.59487693201721,-40.11428728014624,-27.313052130700004,-32.27841089420831,1.3972233329708879,23.770935924557726,-1.9534160373786575,55.83799674090326,41.977423086712875,-35.41553700784405,-40.63888333021417,-12.135386743219446,2.481891981567498,19.176941020111833,31.072051297117934,10.043645060768661,18.62957912602985,-46.881389736636095,37.14303686702829,-12.329150362302268,14.902334720330026,-12.998453070804276,37.95462765313752,-9.295623817245732,8.676935020620254,61.41692101436411
21.5338874906195,1.271493391452898,22.48585678903422,-7.776920854295262,8.688282026679891,-12.45268032728713,-40.876079152170846,78.61133876974401,-13.426451183325817,35.560384594352094,-13.798552021822616,59.72362728361705,-13.94318622042075,-23.995200575753465,-13.339108222624743,90.3316082541824,29.74833291520122,-64.73568343099242,42.19172848417746,29.14445299059391,33.67193647728835,-1.7247349885521093,-24.916099790311932,2.1874169514078123,-59.41189982286911,-44.255554337396696,37.25246965938534,43.65253175963732,13.67637493654741,-2.8047596393432883,-20.267102497311704,-33.12622276706154,-10.192017328995204,-19.80547869665392,49.350109965351884,-38.89126317516957,12.942457475606103,-16.249605233547694,14.186186046330207,-40.47741007085875,9.9054726032442,-9.01181265516271,-65.28233481490513
-31.39747107734309,-1.8954439330902637,-33.22600682349781,11.682274075702805,-12.45268032728713,18.284820030581074,60.23514581477279,-115.54861693651809,19.836401346666555,-52.1491632696461,19.93931994486211,-87.69457525234357,20.458689640558635,34.834339319452155,19.733190182278193,-132.43240026423277,-43.53593932970156,94.70457965083668,-62.21798332221083,-42.5547214313431,-49.76968763168207,2.3952579001124015,36.73287781500447,-3.140797477181685,86.94704713994494,65.13046661672404,-54.82707401412889,-63.607868483480246,-19.29773478450407,3.928231664699468,29.82126953971151,48.50603413663649,15.255249436845777,28.987959083050743,-72.82752107233455,57.43316951559059,-19.14073927361757,23.324255472515087,-20.439736608535743,59.217843617917524,-14.532773216285454,13.449223368969514,95.61331025287699
-103.99083935868613,-6.337671170674683,-110.13024973462889,38.86148855554659,-40.876079152170846,60.23514581477279,199.4158875674022,-382.63695573776005,65.32527935623584,-172.56099240284107,66.21803007978944,-290.1903558258801,67.45586649996618,115.2953715338235,65.11597296349863,-438.9535707662374,-144.0432947311642,312.9914958032127,-205.85038833342833,-141.4389356294444,-165.0355469039504,7.755661094776524,121.76890446737849,-10.432208975026422,288.0531942654231,215.84486632860177,-181.81330827441366,-210.5727248348663,-64.73354301241216,13.176635959072367,98.7155419363507,160.47144001771028,50.90512870905009,96.2677505949816,-240.1941419873197,190.1381833449273,-63.200674086139884,78.04388410540702,-68.06102435628121,196.10451093578666,-47.9888258835258,44.10601824878046,316.7176167005707
199.8091053098902,12.160284771408271,211.26712920252575,-74.41412717869733,78.61133876974401,-115.54861693651809,-382.63695573776005,734.482374763454,-125.16686024502295,331.2635622204926,-127.46234334553972,557.0058288347664,-129.4063137527674,-221.70748932239738,-124.78503107379605,843.0628720734634,276.6115645587936,-600.9946287268955,394.92222625012045,271.9604153307206,316.6001579944594,-14.978286806211859,-233.6618706337384,20.13218611871145,-553.2790692980054,-414.3481996313798,349.0071160733549,404.669304152267,125.26190511732246,-25.497977723604222,-189.48156308995152,-308.16736134597426,-97.6171564246918,-185.01509195005997,460.4559326176441,-364.7075082927135,121.17265212161007,-150.5501963057489,131.14674228604005,-376.70051466686493,92.11174371623017,-84.34527456337557,-608.271384605205
-33.943438139393535,-2.0573331804882997,-36.074247234667965,12.772124920861751,-13.426451183325817,19.836401346666555,65.32527935623584,-125.16686024502295,21.634950378919203,-56.51562542113843,21.414911047675606,-95.04760719390464,22.220491783073637,37.486082406589894,21.51268318096548,-143.14355955562482,-47.10914678738859,102.47706436544485,-67.48714111847998,-45.79097652184095,-54.03687002854183,2.5178357628350563,39.856856902352355,-3.3084400536117213,94.01999065822136,70.48563907391565,-59.39361946222139,-68.64794831311539,-20.32566949225337,4.166477456220562,32.26882289764931,52.44116691502214,16.554311438126152,31.244632868906514,-79.25911494104913,62.37730661328844,-20.79017092184407,24.872768504847194,-21.84788909871918,63.971075179044306,-15.727070270085793,14.7418239975487,103.40812845000218
90.18381661411432,5.474351078291958,95.26196303718322,-33.52757423980002,35.560384594352094,-52.1491632696461,-172.56099240284107,331.2635622204926,-56.51562542113843,149.47894119243523,-57.50992744344653,251.3003130587848,-58.42652604927874,-100.01816974621448,-56.32248370356214,380.16520216294276,124.80863698687276,-271.1939238307881,178.09211339361548,122.56441037331811,142.75014380199968,-6.768210477176472,-105.37985688751871,9.047852174307183,-249.59192176745094,-186.7930703121302,157.3734512555534,182.5860172395258,56.43963103213526,-11.522356833896046,-85.42208311136667,-139.0034203555494,-43.917387658587785,-83.38699960533238,207.81730803416357,-164.4831300953329,54.64085053456998,-67.86443598208466,59.12385762755457,-169.90092650294767,41.54789908082461,-38.07803584793472,-274.3786021176659
-34.91461748038127,-2.1082658067459326,-36.50850706676189,12.701258990797514,-13.798552021822616,19.93931994486211,66.21803007978944,-127.46234334553972,21.414911047675606,-57.50992744344653,22.569746684107823,-96.61745836299878,22.340463646263757,38.95969438123817,21.38250355855207,-146.92783836181678,-48.13696810002668,104.49802705201505,-68.26110501047089,-47.80842899542537,-54.722938680734444,2.7010514322634043,40.4623032877075,-3.6305886164188146,96.45804486027602,71.95585973992266,-60.598098500450725,-70.79963632506316,-23.03522119405098,4.687700540596077,32.875779042404666,53.640366102720215,16.850385741571582,32.408146647441946,-79.09311666868962,62.95651202693291,-20.841066413030603,27.09724775790706,-23.404972060392748,65.7106225353546,-15.971660859389376,14.21597917777027,105.9634054660146
151.56625841764424,9.208677965769859,160.20952804208017,-56.41734197828695,59.72362728361705,-87.69457525234357,-290.1903558258801,557.0058288347664,-95.04760719390464,251.3003130587848,-96.61745836299878,422.51654586032504,-98.23255176395719,-168.09820322273026,-94.72519558597895,639.1721953309569,209.81592238696226,-455.9185341060523,299.5145272311181,206.03839398417097,240.07385870203072,-11.36661560807841,-177.20137210705462,15.213205420451368,-419.5797028377726,-314.12240230129845,264.6224569465437,306.8908296580057,94.72210474103744,-19.31761986786099,-143.65893728759764,-233.70434717908043,-73.90729750703844,-140.194153270732,349.5015645769605,-276.62282685858577,91.91593190037615,-113.9659817572821,99.32564454895342,-285.6334342239462,69.86644312596363,-64.08027021772592,-461.27374082915907
-35.18880214780411,-2.126120945732251,-37.224018866731136,13.105067221825651,-13.94318622042075,20.458689640558635,67.45586649996618,-129.4063137527674,22.220491783073637,-58.42652604927874,22.340463646263757,-98.23255176395719,22.913587896559662,38.98246677423975,22.110076836336134,-148.28939448931757,-48.75992898560875,106.03451691975904,-69.65682396761436,-47.636202515757134,-55.76381341674849,2.6557207809853436,41.16110661367366,-3.4928123662361847,97.39501096295274,72.91199327299786,-61.418428140095045,-71.22927675215423,-21.611035817738195,4.419601638700587,33.36992042607674,54.29669202377055,17.084497186964438,32.449580404850956,-81.55923701484754,64.33427901973911,-21.415666031894915,26.15253288038891,-22.88605148629487,66.29770202125518,-16.25811960254423,15.049163531691779,107.08863312017158
-60.562590023348164,-3.6511634912995516,-63.54891541642741,22.144072582677616,-23.995200575753465,34.834339319452155,115.2953715338235,-221.70748932239738,37.486082406589894,-100.01816974621448,38.95969438123817,-168.09820322273026,38.98246677423975,67.55142301918875,37.37681351008453,-255.1730032698906,-83.67894657559229,181.8193964284638,-118.95034619350179,-82.74230574965833,-95.2258215836426,4.713707708256018,70.37161883958731,-6.265052239294226,167.48414907592553,125.1352341484143,-105.3132673365403,-122.85782035274681,-39.18602018989911,7.949109261716072,57.230906150917995,93.28049141267685,29.277772893480833,56.167710728003605,-138.22653115776663,109.6831512730659,-36.417952188943914,46.39395585909937,-40.28544027302619,114.13914755744388,-27.839322144411547,25.06439123480691,184.06086334985199
-33.84323052117408,-2.058946797748199,-35.973679195827124,12.750415049773414,-13.339108222624743,19.733190182278193,65.11597296349863,-124.78503107379605,21.51268318096548,-56.32248370356214,21.38250355855207,-94.72519558597895,22.110076836336134,37.37681351008453,21.408942879596975,-142.77785198070265,-46.950281107062196,102.08658464604625,-67.25425654046514,-45.73722086934952,-53.89531667973823,2.491522295996753,39.74818578329574,-3.3086569482274406,93.75628360771502,70.29864401170884,-59.2458034062765,-68.44130192494806,-20.401825480514418,4.178922280248401,32.169079673009776,52.26650468496808,16.55558407745756,31.194767345878688,-78.86877441601712,62.17203397965971,-20.70094379065075,24.921331608850256,-21.845456201531615,63.78602326009129,-15.662572301118843,14.63162980354251,103.1121133658853
229.60119726152288,13.965884284419948,242.29564812623622,-85.13709866354718,90.3316082541824,-132.43240026423277,-438.9535707662374,843.0628720734634,-143.14355955562482,380.16520216294276,-146.92783836181678,639.1721953309569,-148.28939448931757,-255.1730032698906,-142.77785198070265,968.7003803207942,317.63245529623237,-689.9807829164916,452.9474051888812,313.1837927701181,363.12270878904644,-17.33818629172436,-268.07280075698117,23.35946899521146,-635.6381479545602,-475.79421478658696,400.6818781007107,465.23987300005876,145.73738849282898,-29.6123094030822,-217.54278977408754,-353.95370947927364,-112.05236090665119,-212.8827726629936,527.1637096988969,-418.1362421562088,138.83591566569595,-174.2489097395655,151.50858125494275,-432.88853106367077,105.71313008974022,-96.16177864301937,-698.7301979419677
75.35193828072535,4.56653635263591,79.48892066173187,-27.914748837625947,29.74833291520122,-43.53593932970156,-144.0432947311642,276.6115645587936,-47.10914678738859,124.80863698687276,-48.13696810002668,209.81592238696226,-48.75992898560875,-83.67894657559229,-46.950281107062196,317.63245529623237,104.25610949069804,-226.5455296839924,148.65545261260002,102.52254872802462,119.11171213330806,-5.705757824404779,-87.9483173500326,7.612796681759805,-208.51972855840174,-156.0096843515298,131.40023641969907,152.6319667760497,47.47683279305514,-9.675655453751144,-71.35019838420035,-116.14084768747392,-36.63783036274216,-69.72035787786169,173.32538385564305,-137.24262315791134,45.59387047811833,-56.89939578005689,49.54754091813832,-141.98363796119733,34.70661501143203,-31.697003214066388,-229.21667679531367
-163.6803017582378,-9.901226795855164,-172.6746318341893,60.59487693201721,-64.73568343099242,94.70457965083668,312.9914958032127,-600.9946287268955,102.47706436544485,-271.1939238307881,104.49802705201505,-455.9185341060523,106.03451691975904,181.8193964284638,102.08658464604625,-689.9807829164916,-226.5455296839924,492.4101523694977,-323.0704529629315,-222.57500059564785,-258.7222145923325,12.462402291384432,191.03614923877095,-16.539988485385408,452.9730819135595,338.9299896476422,-285.40445815613754,-331.61502004498396,-102.83053377422377,20.942851204477783,155.0532984035116,252.3952542118678,79.49204012424768,151.39210370435814,-376.9249096316456,298.2127372507582,-99.14189138813344,123.30665236440433,-107.50593844657699,308.4823370731588,-75.46084635535689,69.03057202833922,497.9619466326607
107.27780737777196,6.535298575424493,113.67318016796467,-40.11428728014624,42.19172848417746,-62.21798332221083,-205.85038833342833,394.92222625012045,-67.48714111847998,178.09211339361548,-68.26110501047089,299.5145272311181,-69.65682396761436,-118.95034619350179,-67.25425654046514,452.9474051888812,148.65545261260002,-323.0704529629315,212.52530713543712,145.8722630142959,170.33502125895444,-8.018693950924872,-125.66806121959185,10.761126792384298,-297.2170173647489,-222.77554858634693,187.61944710441153,217.26023483258052,66.57249750619148,-13.538217829711206,-101.90599498162761,-165.62775199152156,-52.527088530420286,-99.30694469020483,248.08812733842507,-196.28585015494792,65.28175843417321,-80.3381263758526,70.132380687687,-202.3661183581645,49.5515847819618,-45.61897880373126,-326.81701236276007
74.21737629369504,4.518664975714211,78.04731248289956,-27.313052130700004,29.14445299059391,-42.5547214313431,-141.4389356294444,271.9604153307206,-45.79097652184095,122.56441037331811,-47.80842899542537,206.03839398417097,-47.636202515757134,-82.74230574965833,-45.73722086934952,313.1837927701181,102.52254872802462,-222.57500059564785,145.8722630142959,101.74847629429789,116.99174943789505,-5.663970908024661,-86.40788732711808,7.703868148389777,-205.41193035155177,-153.639523659252,129.33911930252336,150.53400021925214,48.35514197282262,-9.78571252857556,-70.2103851023607,-114.30634586481068,-36.21092355741344,-69.04088210102917,169.05955174176717,-134.57155736393563,44.60968692753933,-57.21971179701333,49.537948711847854,-139.96078328270747,34.076049179660544,-30.552966880432667,-225.7446677761817
85.9969298189924,5.264015215304119,91.20497192356066,-32.27841089420831,33.67193647728835,-49.76968763168207,-165.0355469039504,316.6001579944594,-54.03687002854183,142.75014380199968,-54.722938680734444,240.07385870203072,-55.76381341674849,-95.2258215836426,-53.89531667973823,363.12270878904644,119.11171213330806,-258.7222145923325,170.33502125895444,116.99174943789505,136.69503775847943,-6.321586883210389,-100.82915339553462,8.587231722474195,-238.2646544173877,-178.60961711408183,150.50924487555415,174.0467426911843,53.43233130919432,-10.888840674753357,-81.65343042110608,-132.67051189503132,-42.25643088982749,-79.63846507261675,198.6900553275479,-157.41160917637498,52.281092207212595,-64.55052598695073,56.23694706829051,-162.15285405317346,39.660842438141465,-36.48159409859162,-261.97589149426574
-4.127393131767275,-0.23294272115881917,-4.227646601134195,1.3972233329708879,-1.7247349885521093,2.3952579001124015,7.755661094776524,-14.978286806211859,2.5178357628350563,-6.768210477176472,2.7010514322634043,-11.36661560807841,2.6557207809853436,4.713707708256018,2.491522295996753,-17.33818629172436,-5.705757824404779,12.462402291384432,-8.018693950924872,-5.663970908024661,-6.321586883210389,0.3941243910662442,4.693272161370107,-0.46936442187159394,11.384540909682896,8.458669067246326,-7.065855641984455,-8.456036028900067,-2.8180412807302586,0.5563346418788513,3.891914760979677,6.3881746984772665,1.8880775146217983,3.8305055682010614,-9.31306017222441,7.327692299133019,-2.4623455436596116,3.2058057392453034,-2.816536255558897,7.808774547378464,-1.9144883527074348,1.6761928433059823,12.51002805726147
-63.52395149202963,-3.87993424784017,-67.27631254431789,23.770935924557726,-24.916099790311932,36.73287781500447,121.76890446737849,-233.6618706337384,39.856856902352355,-105.37985688751871,40.4623032877075,-177.20137210705462,41.16110661367366,70.37161883958731,39.74818578329574,-268.07280075698117,-87.9483173500326,191.03614923877095,-125.66806121959185,-86.40788732711808,-100.82915339553462,4.693272161370107,74.3937196121058,-6.353069155092814,175.9304473425711,131.80332089725758,-111.06833668769121,-128.57045826321846,-39.61299076963089,8.079716940771737,60.25529972624954,97.95301052459511,31.13110739042707,58.803984542807676,-146.57090607710776,116.11799379087633,-38.55827471974615,47.76724006702986,-41.59550084867344,119.73331023496675,-29.275291056585434,26.87767377092205,193.4215479634791
5.516724485395753,0.33140712987615273,5.730169800519671,-1.9534160373786575,2.1874169514078123,-3.140797477181685,-10.432208975026422,20.13218611871145,-3.3084400536117213,9.047852174307183,-3.6305886164188146,15.213205420451368,-3.4928123662361847,-6.265052239294226,-3.3086569482274406,23.35946899521146,7.612796681759805,-16.539988485385408,10.761126792384298,7.703868148389777,8.587231722474195,-0.46936442187159394,-6.353069155092814,0.6300832812652172,-15.281719473519448,-11.422582090056256,9.56812781377347,11.276357954615182,3.883941689258046,-0.7619795101796241,-5.2277751626705795,-8.52498991507138,-2.669514717255663,-5.200346307277449,12.317593849485611,-9.871647356205433,3.2813858237098716,-4.430134420195109,3.8230720823180953,-10.46119029859478,2.5372468651870084,-2.1750717780479154,-16.79188805005659
-150.774236176783,-9.154186588179263,-158.98799154108198,55.83799674090326,-59.41189982286911,86.94704713994494,288.0531942654231,-553.2790692980054,94.01999065822136,-249.59192176745094,96.45804486027602,-419.5797028377726,97.39501096295274,167.48414907592553,93.75628360771502,-635.6381479545602,-208.51972855840174,452.9730819135595,-297.2170173647489,-205.41193035155177,-238.2646544173877,11.384540909682896,175.9304473425711,-15.281719473519448,417.2284127329114,312.13498096181,-262.9202085598884,-305.41487853164466,-95.58025728666792,19.470272100749746,142.71077954623894,232.29905538782168,73.40107482221447,139.6333692620537,-346.1365404079499,274.40756982601715,-91.09313441602367,114.32631384310896,-99.40043942898507,284.08943621926016,-69.37479604930326,63.147091085033715,458.60977629844155
-112.67949983780657,-6.8704764197573915,-119.18001194589165,41.977423086712875,-44.255554337396696,65.13046661672404,215.84486632860177,-414.3481996313798,70.48563907391565,-186.7930703121302,71.95585973992266,-314.12240230129845,72.91199327299786,125.1352341484143,70.29864401170884,-475.79421478658696,-156.0096843515298,338.9299896476422,-222.77554858634693,-153.639523659252,-178.60961711408183,8.458669067246326,131.80332089725758,-11.422582090056256,312.13498096181,233.86002247423497,-196.9285076262814,-228.3052914147227,-70.95072979232113,14.399672218205689,106.94051598996855,173.86502768805659,55.178160197265264,104.49418741365142,-259.45719358123097,205.6910320022304,-68.34162467840595,85.13171084161085,-74.12551711687392,212.57009925113707,-51.96062059034651,47.47090139773561,343.17211776178954
94.93978310645818,5.794484870935164,100.42269719208984,-35.41553700784405,37.25246965938534,-54.82707401412889,-181.81330827441366,349.0071160733549,-59.39361946222139,157.3734512555534,-60.598098500450725,264.6224569465437,-61.418428140095045,-105.3132673365403,-59.2458034062765,400.6818781007107,131.40023641969907,-285.40445815613754,187.61944710441153,129.33911930252336,150.50924487555415,-7.065855641984455,-111.06833668769121,9.56812781377347,-262.9202085598884,-196.9285076262814,165.9053682866038,192.2474710547232,59.68517204530448,-12.149884349666825,-90.026497930943,-146.3847643271779,-46.490996723146445,-87.97369223398564,218.5747860236889,-173.30072411419803,57.53705555681147,-71.709992713031,62.38910912524306,-178.98508785944787,43.73332616553212,-39.98256049609323,-289.0434928140346
110.41814384154347,6.676582613790923,116.14551796154635,-40.63888333021417,43.65253175963732,-63.607868483480246,-210.5727248348663,404.669304152267,-68.64794831311539,182.5860172395258,-70.79963632506316,306.8908296580057,-71.22927675215423,-122.85782035274681,-68.44130192494806,465.23987300005876,152.6319667760497,-331.61502004498396,217.26023483258052,150.53400021925214,174.0467426911843,-8.456036028900067,-128.57045826321846,11.276357954615182,-305.41487853164466,-228.3052914147227,192.2474710547232,223.78841589735381,70.57456714423893,-14.363309097667633,-104.40029645587764,-170.06792650104254,-53.52695007335224,-102.27055681630495,252.86225002693595,-200.48086000768373,66.55801771434818,-84.05158785821685,73.04590492113365,-208.0235525722788,50.77676288593009,-46.01813683412324,-335.6713558376134
34.67892296865098,2.0881770718328108,35.62061525209054,-12.135386743219446,13.67637493654741,-19.29773478450407,-64.73354301241216,125.26190511732246,-20.32566949225337,56.43963103213526,-23.03522119405098,94.72210474103744,-21.611035817738195,-39.18602018989911,-20.401825480514418,145.73738849282898,47.47683279305514,-102.83053377422377,66.57249750619148,48.35514197282262,53.43233130919432,-2.8180412807302586,-39.61299076963089,3.883941689258046,-95.58025728666792,-70.95072979232113,59.68517204530448,70.57456714423893,25.30653696520146,-5.097271274187515,-32.347277178991966,-52.991481189880886,-16.580408532460247,-32.541128549200586,75.85099872761653,-61.224205675310394,20.11763269619124,-28.634017310260056,24.32315388720938,-65.22804498778886,15.652642149923567,-13.062129343323207,-104.86848355987948
-7.086232607144489,-0.4246960838725057,-7.258172680185786,2.481891981567498,-2.8047596393432883,3.928231664699468,13.176635959072367,-25.497977723604222,4.166477456220562,-11.522356833896046,4.687700540596077,-19.31761986786099,4.419601638700587,7.949109261716072,4.178922280248401,-29.6123094030822,-9.675655453751144,20.942851204477783,-13.538217829711206,-9.78571252857556,-10.888840674753357,0.5563346418788513,8.079716940771737,-0.7619795101796241,19.470272100749746,14.399672218205689,-12.149884349666825,-14.363309097667633,-5.097271274187515,1.048796982902429,6.556840746300958,10.768409945317169,3.3490513084554916,6.590177179392759,-15.500354295791729,12.47973942669076,-4.084604005468403,5.810455952207862,-4.92188358661599,13.253751738455621,-3.1761615219766037,2.6726178016009685,21.35014600974211
-51.51144165706545,-3.1352966021564295,-54.49014561876738,19.176941020111833,-20.267102497311704,29.82126953971151,98.7155419363507,-189.48156308995152,32.26882289764931,-85.42208311136667,32.875779042404666,-143.65893728759764,33.36992042607674,57.230906150917995,32.169079673009776,-217.54278977408754,-71.35019838420035,155.0532984035116,-101.90599498162761,-70.2103851023607,-81.65343042110608,3.891914760979677,60.25529972624954,-5.2277751626705795,142.71077954623894,106.94051598996855,-90.026497930943,-104.40029645587764,-32.347277178991966,6.556840746300958,48.91833567319333,79.52914305344476,25.201513104485304,47.76107862677506,-118.75200648836692,94.0687900071216,-31.28062149676095,38.82836391616018,-33.85359988739827,97.20958181549149,-23.780619146374754,21.759697839260255,156.91254665503035
-83.91750407293608,-5.08654915862609,-88.53938955046574,31.072051297117934,-33.12622276706154,48.50603413663649,160.47144001771028,-308.16736134597426,52.44116691502214,-139.0034203555494,53.640366102720215,-233.70434717908043,54.29669202377055,93.28049141267685,52.26650468496808,-353.95370947927364,-116.14084768747392,252.3952542118678,-165.62775199152156,-114.30634586481068,-132.67051189503132,6.3881746984772665,97.95301052459511,-8.52498991507138,232.29905538782168,173.86502768805659,-146.3847643271779,-170.06792650104254,-52.991481189880886,10.768409945317169,79.52914305344476,129.42469531758658,40.84204522927379,77.72474138792806,-193.00995041882547,152.865634656817,-50.80806648194899,63.428825031823706,-55.25314555767228,158.22529974579538,-38.68269807977949,35.29009371712584,255.3717944481882
-26.43654527191078,-1.6459277280520546,-28.180159058392594,10.043645060768661,-10.192017328995204,15.255249436845777,50.90512870905009,-97.6171564246918,16.554311438126152,-43.917387658587785,16.850385741571582,-73.90729750703844,17.084497186964438,29.277772893480833,16.55558407745756,-112.05236090665119,-36.63783036274216,79.49204012424768,-52.527088530420286,-36.21092355741344,-42.25643088982749,1.8880775146217983,31.13110739042707,-2.669514717255663,73.40107482221447,55.178160197265264,-46.490996723146445,-53.52695007335224,-16.580408532460247,3.3490513084554916,25.201513104485304,40.84204522927379,13.222056670572345,24.63774867486512,-60.99733498488352,48.562026978081185,-16.10619958356208,20.01873168885604,-17.3817139867186,49.96147071844291,-12.19583963017346,11.161044114860532,80.72213494021275
-50.43719297430498,-3.0724482488482168,-53.13158819009533,18.62957912602985,-19.80547869665392,28.987959083050743,96.2677505949816,-185.01509195005997,31.244632868906514,-83.38699960533238,32.408146647441946,-140.194153270732,32.449580404850956,56.167710728003605,31.194767345878688,-212.8827726629936,-69.72035787786169,151.39210370435814,-99.30694469020483,-69.04088210102917,-79.63846507261675,3.8305055682010614,58.803984542807676,-5.200346307277449,139.6333692620537,104.49418741365142,-87.97369223398564,-102.27055681630495,-32.541128549200586,6.590177179392759,47.76107862677506,77.72474138792806,24.63774867486512,46.878982346841234,-115.25509965784372,91.63617805017533,-30.397383600632697,38.65978570572947,-33.52478348348304,95.12790106184151,-23.187560289160057,20.905014962543273,153.4737606256805
124.95816076062249,7.583307201809076,132.62800462600123,-46.881389736636095,49.350109965351884,-72.82752107233455,-240.1941419873197,460.4559326176441,-79.25911494104913,207.81730803416357,-79.09311666868962,349.5015645769605,-81.55923701484754,-138.22653115776663,-78.86877441601712,527.1637096988969,173.32538385564305,-376.9249096316456,248.08812733842507,169.05955174176717,198.6900553275479,-9.31306017222441,-146.57090607710776,12.317593849485611,-346.1365404079499,-259.45719358123097,218.5747860236889,252.86225002693595,75.85099872761653,-15.500354295791729,-118.75200648836692,-193.00995041882547,-60.99733498488352,-115.25509965784372,290.72836089730606,-229.22600365183987,76.34741493653709,-92.3081933740541,80.90470077593982,-235.5807752616691,57.83423810277312,-53.84830757388496,-380.66450177599165
-99.04884906724887,-6.04553818788889,-105.04177390227072,37.14303686702829,-38.89126317516957,57.43316951559059,190.1381833449273,-364.7075082927135,62.37730661328844,-164.4831300953329,62.95651202693291,-276.62282685858577,64.33427901973911,109.6831512730659,62.17203397965971,-418.1362421562088,-137.24262315791134,298.2127372507582,-196.28585015494792,-134.57155736393563,-157.41160917637498,7.327692299133019,116.11799379087633,-9.871647356205433,274.40756982601715,205.6910320022304,-173.30072411419803,-200.48086000768373,-61.224205675310394,12.47973942669076,94.0687900071216,152.865634656817,48.562026978081185,91.63617805017533,-229.22600365183987,181.3658626372202,-60.289404244977476,74.06095496042902,-64.63034532096589,186.7689940731723,-45.727848754356366,42.17943801167133,301.7326445899988
32.85978599221584,2.000088623884144,34.895928991457744,-12.329150362302268,12.942457475606103,-19.14073927361757,-63.200674086139884,121.17265212161007,-20.79017092184407,54.64085053456998,-20.841066413030603,91.91593190037615,-21.415666031894915,-36.417952188943914,-20.70094379065075,138.83591566569595,45.59387047811833,-99.14189138813344,65.28175843417321,44.60968692753933,52.281092207212595,-2.4623455436596116,-38.55827471974615,3.2813858237098716,-91.09313441602367,-68.34162467840595,57.53705555681147,66.55801771434818,20.11763269619124,-4.084604005468403,-31.28062149676095,-50.80806648194899,-16.10619958356208,-30.397383600632697,76.34741493653709,-60.289404244977476,20.086174285593415,-24.39512660489355,21.369068206545286,-62.033293635859394,15.221912720847323,-14.113378016885816,-100.18889331921815
-41.417780826557546,-2.515465995740865,-43.03883338891741,14.902334720330026,-16.249605233547694,23.324255472515087,78.04388410540702,-150.5501963057489,24.872768504847194,-67.86443598208466,27.09724775790706,-113.9659817572821,26.15253288038891,46.39395585909937,24.921331608850256,-174.2489097395655,-56.89939578005689,123.30665236440433,-80.3381263758526,-57.21971179701333,-64.55052598695073,3.2058057392453034,47.76724006702986,-4.430134420195109,114.32631384310896,85.13171084161085,-71.709992713031,-84.05158785821685,-28.634017310260056,5.810455952207862,38.82836391616018,63.428825031823706,20.01873168885604,38.65978570572947,-92.3081933740541,74.06095496042902,-24.39512660489355,33.13831847621587,-28.339657707133313,77.89953423274012,-18.801627944946325,16.259938357239644,125.51614014402725
35.97765085288674,2.1759108938296414,37.511474159262605,-12.998453070804276,14.186186046330207,-20.439736608535743,-68.06102435628121,131.14674228604005,-21.84788909871918,59.12385762755457,-23.404972060392748,99.32564454895342,-22.88605148629487,-40.28544027302619,-21.845456201531615,151.50858125494275,49.54754091813832,-107.50593844657699,70.132380687687,49.537948711847854,56.23694706829051,-2.816536255558897,-41.59550084867344,3.8230720823180953,-99.40043942898507,-74.12551711687392,62.38910912524306,73.04590492113365,24.32315388720938,-4.92188358661599,-33.85359988739827,-55.25314555767228,-17.3817139867186,-33.52478348348304,80.90470077593982,-64.63034532096589,21.369068206545286,-28.339657707133313,24.38984786416734,-67.76022263813513,16.42551649857854,-14.411261455772712,-109.17658683326312
-102.6415290340645,-6.226364456601726,-108.2058475987828,37.95462765313752,-40.47741007085875,59.217843617917524,196.10451093578666,-376.70051466686493,63.971075179044306,-169.90092650294767,65.7106225353546,-285.6334342239462,66.29770202125518,114.13914755744388,63.78602326009129,-432.88853106367077,-141.98363796119733,308.4823370731588,-202.3661183581645,-139.96078328270747,-162.15285405317346,7.808774547378464,119.73331023496675,-10.46119029859478,284.08943621926016,212.57009925113707,-178.98508785944787,-208.0235525722788,-65.22804498778886,13.253751738455621,97.20958181549149,158.22529974579538,49.96147071844291,95.12790106184151,-235.5807752616691,186.7689940731723,-62.033293635859394,77.89953423274012,-67.76022263813513,193.4996034764249,-47.2620296456012,42.967498531892815,312.2792091962758
25.050153912688817,1.5164033092479015,26.472504436763455,-9.295623817245732,9.9054726032442,-14.532773216285454,-47.9888258835258,92.11174371623017,-15.727070270085793,41.54789908082461,-15.971660859389376,69.86644312596363,-16.25811960254423,-27.839322144411547,-15.662572301118843,105.71313008974022,34.70661501143203,-75.46084635535689,49.5515847819618,34.076049179660544,39.660842438141465,-1.9144883527074348,-29.275291056585434,2.5372468651870084,-69.37479604930326,-51.96062059034651,43.73332616553212,50.77676288593009,15.652642149923567,-3.1761615219766037,-23.780619146374754,-38.68269807977949,-12.19583963017346,-23.187560289160057,57.83423810277312,-45.727848754356366,15.221912720847323,-18.801627944946325,16.42551649857854,-47.2620296456012,11.575454321426836,-10.62100370186596,-76.28004539395958
-22.759417421851172,-1.3809051404956108,-24.36325970545738,8.676935020620254,-9.01181265516271,13.449223368969514,44.10601824878046,-84.34527456337557,14.7418239975487,-38.07803584793472,14.21597917777027,-64.08027021772592,15.049163531691779,25.06439123480691,14.63162980354251,-96.16177864301937,-31.697003214066388,69.03057202833922,-45.61897880373126,-30.552966880432667,-36.48159409859162,1.6761928433059823,26.87767377092205,-2.1750717780479154,63.147091085033715,47.47090139773561,-39.98256049609323,-46.01813683412324,-13.062129343323207,2.6726178016009685,21.759697839260255,35.29009371712584,11.161044114860532,20.905014962543273,-53.84830757388496,42.17943801167133,-14.113378016885816,16.259938357239644,-14.411261455772712,42.967498531892815,-10.62100370186596,10.15822939619143,69.49660879482525
-165.7020702663305,-10.063805175898034,-174.81245696911924,61.41692101436411,-65.28233481490513,95.61331025287699,316.7176167005707,-608.271384605205,103.40812845000218,-274.3786021176659,105.9634054660146,-461.27374082915907,107.08863312017158,184.06086334985199,103.1121133658853,-698.7301979419677,-229.21667679531367,497.9619466326607,-326.81701236276007,-225.7446677761817,-261.97589149426574,12.51002805726147,193.4215479634791,-16.79188805005659,458.60977629844155,343.17211776178954,-289.0434928140346,-335.6713558376134,-104.86848355987948,21.35014600974211,156.91254665503035,255.3717944481882,80.72213494021275,153.4737606256805,-380.66450177599165,301.7326445899988,-100.18889331921815,125.51614014402725,-109.17658683326312,312.2792091962758,-76.28004539395958,69.49660879482525,504.11747669376217
