V1,V2,V3,V4,V5,V6,V7,V8,V9,V10,V11,V12,V13,V14,V15,V16,V17,V18,V19,V20,V21,V22,V23,V24,V25,V26,V27,V28,V29,V30,V31,V32,V33,V34,V35,V36,V37,V38,V39,V40,V41,V42,V43
45.554288622838776,-266.88402301381626,151.09552329775912,-130.86731299692153,-258.5977637336536,-9.98013993912898,45.308719091838014,-115.55124317512927,-273.5725817190924,-37.313268231736195,2.3399297672929884,-290.49507445284263,5.6914394428244695,102.26520680779556,364.19895485111914,16.848545760943225,97.21559208098085,141.41165919371576,128.32224178265156,-168.62796929292463,159.1915498147032,-188.4747799721705,-228.2197534171079,10.284316354308055,30.72910088391874,140.57948686633722,-57.90650511479923,91.28299458608363,-20.880079637973978,166.2521241217114,135.63955389977144,-29.409489144012884,-227.17662774655872,-74.63676388387536,-279.0490907123715,125.30084747852631,-214.73831819548658,-95.61408730480339,-62.313800121955836,-28.169958842752447,112.20866446441411,-326.49809525648845,44.67144107300593
-266.88402301381626,1564.5088372134574,-886.0602968448737,767.5169355794206,1516.1366889641306,58.48797171033868,-264.9094178585282,677.3799108647512,1603.679828670887,218.25375061031232,-13.609789660440642,1703.9504422051143,-31.832651360273047,-600.1180786745797,-2134.187870454063,-98.60873292666754,-570.9207636493329,-829.0121878991247,-752.2152198429515,988.1310362128237,-934.0818119406297,1104.5747821577415,1337.9501934670343,-60.641540914530474,-179.12136016457106,-822.6739744734803,338.91598959480524,-535.661655402106,122.84502986513847,-975.1406718650966,-794.6911242159063,171.6069083622666,1331.8633315316108,436.8920128829406,1635.8817628458448,-735.3904406462527,1259.567786886424,560.7857429717083,365.61487040413266,165.28371077264825,-657.7172830954671,1914.2881155861319,-262.0884949444512
151.09552329775912,-886.0602968448737,502.04223779745615,-434.711979264626,-858.6704699604533,-32.9798394206209,149.7190408552146,-383.5707900424297,-908.2189313762373,-123.6110497838466,7.7713456041506745,-965.2690383433838,17.36415614915549,340.1167506717987,1208.2479597877962,55.79801671632363,323.65310549085103,469.5132954536829,426.01136114179093,-559.3276115589615,529.3151957417791,-625.3082691057183,-757.6192596143252,34.4571264700425,100.78472264398336,465.33504513669214,-191.68884812936477,303.3445620020336,-69.66216483627083,552.4697536122098,449.8244288462346,-96.8851855055573,-754.3461321359816,-247.1890141542868,-926.2870431921203,416.80627152613533,-713.6265296231977,-317.6482217060439,-207.23748933794363,-93.60955734276764,372.4938814533909,-1084.1939381722893,148.4908884781002
-130.86731299692153,767.5169355794206,-434.711979264626,376.74487714791957,743.9196011710492,28.805938091431145,-129.75734392193428,332.3665152795253,786.7317848088571,106.74535238551697,-6.550677812054164,836.4188942000301,-15.150184548005369,-294.6238824099214,-1046.8395023790636,-48.309653571217304,-280.5106785889189,-406.7218768730059,-369.0104320721519,484.7508264823358,-458.5823332218618,541.9152191897671,656.547216641572,-29.89141549545137,-87.74918812570579,-403.13092974186947,166.12046017392603,-263.1755530521245,60.48749851873167,-478.5876471605198,-389.77152294131963,83.91177683299401,653.4332885712819,214.10691362745527,802.7385563918998,-361.07807877220654,618.1924860504739,275.2619284170342,179.43517302380707,81.18442476819615,-322.62451874865,939.2929606240243,-128.67323665843128
-258.5977637336536,1516.1366889641306,-858.6704699604533,743.9196011710492,1469.3439231015714,56.75872164465935,-256.61131246610313,656.4761936702475,1554.0987243243112,211.30280676859812,-13.106228681443925,1651.5634926328048,-30.595745847487688,-581.6854324529536,-2068.1348261005305,-95.52227729747185,-553.5180895405842,-803.3962929196651,-728.951353150323,957.5925332707769,-905.3965482408142,1070.4588001505526,1296.6996339428115,-58.84915566245414,-173.5437441113203,-796.9878888565065,328.36170965175756,-519.3451265565141,119.17919691324836,-945.1068580142604,-770.0805530731301,166.14728662618373,1290.712273725779,423.25783763224996,1585.4440286517247,-712.828812155593,1220.780073102295,543.539183162624,354.34597834858823,160.2360516583487,-637.3583967738984,1855.2126820759072,-254.0426233360725
-9.98013993912898,58.48797171033868,-32.9798394206209,28.805938091431145,56.75872164465935,2.363903207903037,-10.0095411785258,25.406203200489365,59.97199546424979,7.956176685462867,-0.3832038013711342,63.83472247950102,-1.3916359529208306,-22.393033430059532,-80.02431934835417,-3.682600478758028,-21.378780863810125,-31.00636202313968,-28.118692408767334,37.15798660652521,-34.911190836138026,41.51145831893973,50.222398377112015,-2.2724335176681905,-7.1069529753648375,-30.90570512972838,12.76955219243905,-20.287141859918584,4.663566118210698,-36.43509747365386,-29.83853291536546,6.46982532059544,49.78811140352915,16.374149125086657,61.42925939643662,-27.450002410216932,47.059748240599255,21.023994230603183,13.586916815723136,6.240118935117648,-24.568425255626288,71.65049619469448,-9.816141553475063
45.308719091838014,-264.9094178585282,149.7190408552146,-129.75734392193428,-256.61131246610313,-10.0095411785258,45.422887117180196,-114.7378150362268,-271.57964838838694,-37.20062008472431,2.316163812212761,-287.8339733298764,6.622253999072055,101.13230055126908,362.0800206440759,16.812349868910623,95.93296976569272,140.3509584020702,127.38574601919501,-167.71623753489567,157.51080618169544,-187.3599875024193,-226.58495259404157,10.011607219141139,31.29606239123961,140.4222088448586,-57.83596257736675,90.43859701513341,-20.51293915404118,164.69983787221983,134.95721460382936,-29.669513842431158,-225.423063464299,-74.46869105092495,-277.09529532293567,123.86449890967174,-212.7128005884978,-94.77765653159949,-61.626966188465325,-27.91016207250336,111.40370181719251,-323.95057816812204,44.22752181711161
-115.55124317512927,677.3799108647512,-383.5707900424297,332.3665152795253,656.4761936702475,25.406203200489365,-114.7378150362268,293.3219621039759,694.3487619529332,94.39515145468438,-5.832674506748863,737.829402148937,-13.857310031232736,-259.81914417408336,-924.1344291250109,-42.69030287503184,-247.21879255355546,-358.9417128820749,-325.682742432873,427.92444901420726,-404.4334140681184,478.3422737877996,579.3844680863632,-26.26247737161607,-77.73267227944,-356.24325499905484,146.77890060410556,-232.0527526331377,53.22657691172694,-422.20143799763497,-344.13002621838984,74.31591792689186,576.6528685796243,189.17047144867212,708.4109375330038,-318.3910407354262,545.3468859559182,242.83285179014632,158.2649044346229,71.59301038737564,-284.75966802139055,828.8670157853467,-113.486980310483
-273.5725817190924,1603.679828670887,-908.2189313762373,786.7317848088571,1554.0987243243112,59.97199546424979,-271.57964838838694,694.3487619529332,1643.8373441700576,223.7153301174201,-13.940923434095778,1746.5902805255353,-32.70766668065777,-615.1154699130166,-2187.6778249006898,-101.08383059615689,-585.1802540664895,-849.7688569891437,-771.0497499369554,1012.907936743608,-957.4348956681613,1132.263631377681,1371.4663953329084,-62.14773488491131,-183.68667758980166,-843.3413052453024,347.4321692345359,-549.0797844156244,125.91020119404804,-999.5342183625802,-814.6191562118158,175.9394533162828,1365.2059359215514,447.85747118187834,1676.8667930899344,-753.766740074641,1291.0745302453777,574.8221437988115,374.7488125430024,169.4236738770615,-674.185742132816,1962.2143920187125,-268.64395776457593
-37.313268231736195,218.25375061031232,-123.6110497838466,106.74535238551697,211.30280676859812,7.956176685462867,-37.20062008472431,94.39515145468438,223.7153301174201,30.947658030525155,-2.104931781062867,236.99652817722315,-5.017909042290936,-83.43418385295674,-297.86259893212974,-13.84705535544147,-79.05345092399949,-115.6119409537727,-104.95271232208742,137.79462182390904,-129.84701075638063,153.98514947567622,186.3521852970898,-8.265657264442561,-25.04081196584989,-115.34363806903178,47.44905893543882,-74.12119313365113,16.814971295641325,-135.76485853570097,-110.94466811683317,24.298290670852023,185.73537720066767,61.23971771150309,227.8514935382669,-102.17927357636442,175.3504964950373,78.00875289884871,50.92990478273338,22.905138246026947,-91.81163960299537,266.7785473279895,-36.423440460001565
2.3399297672929884,-13.609789660440642,7.7713456041506745,-6.550677812054164,-13.106228681443925,-0.3832038013711342,2.316163812212761,-5.832674506748863,-13.940923434095778,-2.104931781062867,0.22295307168939532,-14.595527682260188,0.32568085384257506,5.171176641889901,18.49445688738558,0.8801559907057924,4.810122107799926,7.196311381314135,6.548682423504774,-8.488832207531857,8.020593504623434,-9.489173661488294,-11.480076097091525,0.47812461826344915,1.3914832285211323,7.228552794566154,-2.9451277533168985,4.4019155188850005,-0.9616934148719701,8.42753911189088,6.876641484906414,-1.5548945453253604,-11.571980395899367,-3.851888292395288,-14.026948890187338,6.318689692000076,-10.882478772896219,-4.799592367683127,-3.1974691399995665,-1.3753958926976086,5.743821449132885,-16.55042158265975,2.2394541615525756
-290.49507445284263,1703.9504422051143,-965.2690383433838,836.4188942000301,1651.5634926328048,63.83472247950102,-287.8339733298764,737.829402148937,1746.5902805255353,236.99652817722315,-14.595527682260188,1857.0891117847875,-33.129755074326084,-654.2695590417843,-2323.7219759137483,-107.21630043540013,-622.9874488618519,-902.9566669175287,-819.2286527324712,1075.9511840493851,-1018.3121429997879,1202.8850243394947,1457.4812527202396,-66.44644724291773,-194.29792040989864,-894.5389307466618,368.60472563958206,-584.2379343512938,134.34850997364336,-1062.6530305745691,-865.1330464613524,186.0609836173876,1450.7093558805027,475.1497844720209,1781.9859146512779,-801.8617005962075,1372.6413060374687,611.1358852473047,398.4938130228053,180.2336479275791,-716.2509738698839,2085.3303037363426,-285.70672520844425
5.6914394428244695,-31.832651360273047,17.36415614915549,-15.150184548005369,-30.595745847487688,-1.3916359529208306,6.622253999072055,-13.857310031232736,-32.70766668065777,-5.017909042290936,0.32568085384257506,-33.129755074326084,3.3307828336225023,11.153620304079025,44.94663329007699,2.261721781953214,9.981699438195413,16.818358157794723,15.343573266760943,-20.95242919719247,17.568109546144814,-23.160296528255603,-27.268416252665457,0.6667077976181106,5.703369725900592,19.190019315670614,-7.869067278280995,10.27358563078653,-1.852454578484377,18.92726676886952,17.020823645837236,-4.832472198836652,-26.891524479089604,-9.969018921921744,-33.45688000158432,13.524509006646735,-24.390487186152846,-11.008404750747642,-6.834687376592539,-3.182482462350791,13.465403930469437,-38.52539133852803,4.997657790184488
102.26520680779556,-600.1180786745797,340.1167506717987,-294.6238824099214,-581.6854324529536,-22.393033430059532,101.13230055126908,-259.81914417408336,-615.1154699130166,-83.43418385295674,5.171176641889901,-654.2695590417843,11.153620304079025,230.61990253665485,818.0654193294496,37.71878644305725,219.675988415891,318.01814505598037,288.5200548179219,-378.7315767126725,358.88637936996116,-423.4636556545146,-513.2426351544566,23.49576386741697,67.95613185917588,314.5895208630101,-129.6249871063583,205.7884306583954,-47.403881041310264,374.4176131663208,304.5089484568201,-65.28611562840375,-510.96387656033147,-167.14987848904468,-627.4876128448451,282.6643431865758,-483.6505453559944,-215.2865718654731,-140.47326512571584,-63.488141636341844,252.24986662769695,-734.4816346304868,100.67435334031627
364.19895485111914,-2134.187870454063,1208.2479597877962,-1046.8395023790636,-2068.1348261005305,-80.02431934835417,362.0800206440759,-924.1344291250109,-2187.6778249006898,-297.86259893212974,18.49445688738558,-2323.7219759137483,44.94663329007699,818.0654193294496,2912.264706022859,134.64141082441475,778.0009211746964,1130.8634819216081,1026.1348437766576,-1348.535343804275,1273.4662731541841,-1507.2976992832737,-1825.3138016498413,82.43673784521681,245.70983470079625,1123.5986405466176,-462.89723046911234,730.5929466083788,-167.30065619743488,1329.7348813991596,1084.5943630557013,-234.8203598678766,-1816.722767913832,-596.5578522961346,-2231.8484585616798,1002.4006045895158,-1717.5564610449517,-764.8236035667192,-498.3734036074297,-225.42389144236458,897.2367433343828,-2611.1809287727187,357.36543123564707
16.848545760943225,-98.60873292666754,55.79801671632363,-48.309653571217304,-95.52227729747185,-3.682600478758028,16.812349868910623,-42.69030287503184,-101.08383059615689,-13.84705535544147,0.8801559907057924,-107.21630043540013,2.261721781953214,37.71878644305725,134.64141082441475,6.243507754139646,35.806667983717055,52.244313463643735,47.41536482418182,-62.33879405300304,58.72273612583839,-69.66079933540898,-84.30447100543606,3.762213736588844,11.449174286867015,52.08966403058174,-21.450151627454886,33.658426600962436,-7.66345841352941,61.36797673421652,50.15976159097953,-10.949864120480608,-83.92413281130989,-27.644722621292743,-103.08629386967668,46.2042355097546,-79.26264728826169,-35.29455887558183,-22.99255322043981,-10.389632655343414,41.466852976252106,-120.59797599873177,16.480727288172314
97.21559208098085,-570.9207636493329,323.65310549085103,-280.5106785889189,-553.5180895405842,-21.378780863810125,95.93296976569272,-247.21879255355546,-585.1802540664895,-79.05345092399949,4.810122107799926,-622.9874488618519,9.981699438195413,219.675988415891,778.0009211746964,35.806667983717055,209.49156686250532,302.5708831736846,274.4696254559298,-360.2228713067662,341.8375939015974,-402.8256639437051,-488.4129256375051,22.52238132972216,64.36067804930913,298.68297441679255,-123.10996080260475,196.15674835114856,-45.33988273135492,356.4519915637136,289.5433951401116,-61.759660657547776,-486.1623206641777,-158.73450985370877,-597.1145179732065,269.2990210451921,-460.45893282705276,-204.974230332972,-133.75383508421965,-60.49767554090575,239.93791603589798,-698.9360334689242,95.88756464315652
141.41165919371576,-829.0121878991247,469.5132954536829,-406.7218768730059,-803.3962929196651,-31.00636202313968,140.3509584020702,-358.9417128820749,-849.7688569891437,-115.6119409537727,7.196311381314135,-902.9566669175287,16.818358157794723,318.01814505598037,1130.8634819216081,52.244313463643735,302.5708831736846,439.2855121171113,398.58751070807875,-523.5988009909856,494.994710985543,-585.3051292999214,-708.983215007871,32.14898315058516,94.90451682772107,435.87535240129506,-179.57220564949827,283.88577176216836,-65.1187871722061,516.7362281826069,421.08787510258105,-90.90250539011268,-705.7419643800889,-231.47885885571753,-866.8575600407745,389.70721145533133,-667.458185203713,-297.17025436347905,-193.74150283722133,-87.59351404553303,348.5111446945156,-1014.3764277477592,138.88795438867044
128.32224178265156,-752.2152198429515,426.01136114179093,-369.0104320721519,-728.951353150323,-28.118692408767334,127.38574601919501,-325.682742432873,-771.0497499369554,-104.95271232208742,6.548682423504774,-819.2286527324712,15.343573266760943,288.5200548179219,1026.1348437766576,47.41536482418182,274.4696254559298,398.58751070807875,361.66574016958816,-475.0999820855581,449.0823390251417,-531.0834745976836,-643.2800344827065,29.146520524981195,86.14234681799194,395.5780676883037,-162.96386888288262,257.5263889344513,-59.050402714632746,468.8329131122745,382.09746956770664,-82.52972078909335,-640.3563180702712,-210.0739452724301,-786.5254774836382,353.5528434026306,-605.5800062390209,-269.61691910595795,-175.77986490396538,-79.46358020194857,316.2324208782583,-920.3790013452273,126.00571461709467
-168.62796929292463,988.1310362128237,-559.3276115589615,484.7508264823358,957.5925332707769,37.15798660652521,-167.71623753489567,427.92444901420726,1012.907936743608,137.79462182390904,-8.488832207531857,1075.9511840493851,-20.95242919719247,-378.7315767126725,-1348.535343804275,-62.33879405300304,-360.2228713067662,-523.5988009909856,-475.0999820855581,624.5097299934414,-589.5987257770827,698.0154644994753,845.2436029003259,-38.16675827455932,-114.02527789594905,-520.3362799954378,214.38901680789652,-338.41626386633504,77.4978667764139,-615.6481600988171,-502.25181856273537,108.76484951693354,841.1402373594175,276.2412869260035,1033.510977916941,-464.0750468681674,795.2024255910526,354.1458793819802,230.69391116631314,104.4058012422415,-415.4098273262925,1209.0267171129544,-165.46867816246552
159.1915498147032,-934.0818119406297,529.3151957417791,-458.5823332218618,-905.3965482408142,-34.911190836138026,157.51080618169544,-404.4334140681184,-957.4348956681613,-129.84701075638063,8.020593504623434,-1018.3121429997879,17.568109546144814,358.88637936996116,1273.4662731541841,58.72273612583839,341.8375939015974,494.994710985543,449.0823390251417,-589.5987257770827,558.519796936368,-659.2150258072174,-798.9147782663331,36.5387238766174,105.99710438733116,489.8392883046589,-201.84245658304053,320.33782312853106,-73.764321544683,582.7221201976487,474.05002989646744,-101.71037278200048,-795.3010042692404,-260.2412878014482,-976.7617852749253,439.87207931313424,-752.7207928491606,-335.084211369611,-218.5901784065099,-98.82393771866387,392.6263033291151,-1143.215267572705,156.68481110228555
-188.4747799721705,1104.5747821577415,-625.3082691057183,541.9152191897671,1070.4588001505526,41.51145831893973,-187.3599875024193,478.3422737877996,1132.263631377681,153.98514947567622,-9.489173661488294,1202.8850243394947,-23.160296528255603,-423.4636556545146,-1507.2976992832737,-69.66079933540898,-402.8256639437051,-585.3051292999214,-531.0834745976836,698.0154644994753,-659.2150258072174,780.1986990315994,944.8376727290834,-42.71773277606708,-127.25264338586041,-581.41686385713,239.55741384147146,-378.34569970553474,86.68907716890686,-688.2851615799765,-561.3533378539813,121.45340852288267,940.2821936265549,308.6903100781245,1155.2766814544723,-518.9006227014397,889.0292267834362,395.91522997412085,257.93944035374426,116.72431245398728,-464.35572889189575,1351.5384548682937,-184.99904375184462
-228.2197534171079,1337.9501934670343,-757.6192596143252,656.547216641572,1296.6996339428115,50.222398377112015,-226.58495259404157,579.3844680863632,1371.4663953329084,186.3521852970898,-11.480076097091525,1457.4812527202396,-27.268416252665457,-513.2426351544566,-1825.3138016498413,-84.30447100543606,-488.4129256375051,-708.983215007871,-643.2800344827065,845.2436029003259,-798.9147782663331,944.8376727290834,1144.4493433091698,-51.909333985918025,-153.53459970124314,-703.5414217936107,289.8861855764896,-458.4638834780966,105.19352512512401,-833.9738930914566,-679.7064942801095,146.72170408221734,1139.0065549101694,373.59451261039425,1399.312601923351,-628.9548919348607,1077.226548219045,479.68171297715975,312.6145410574096,141.4380916071981,-562.4411968870303,1637.2163524966884,-224.1833428019888
10.284316354308055,-60.641540914530474,34.4571264700425,-29.89141549545137,-58.84915566245414,-2.2724335176681905,10.011607219141139,-26.26247737161607,-62.14773488491131,-8.265657264442561,0.47812461826344915,-66.44644724291773,0.6667077976181106,23.49576386741697,82.43673784521681,3.762213736588844,22.52238132972216,32.14898315058516,29.146520524981195,-38.16675827455932,36.5387238766174,-42.71773277606708,-51.909333985918025,2.4856874630952634,6.583443352756855,31.358515210149726,-12.938513078154488,20.98640109248462,-4.9333185229344005,38.00461870722323,30.641786687075147,-6.35358024951144,-51.67175327287514,-16.69411888200977,-63.44802534828762,28.827598931967437,-49.10340532612891,-21.847927968719496,-14.289562481891238,-6.46633687323691,25.46847854375044,-74.32422609025004,10.242105126393195
30.72910088391874,-179.12136016457106,100.78472264398336,-87.74918812570579,-173.5437441113203,-7.1069529753648375,31.29606239123961,-77.73267227944,-183.68667758980166,-25.04081196584989,1.3914832285211323,-194.29792040989864,5.703369725900592,67.95613185917588,245.70983470079625,11.449174286867015,64.36067804930913,94.90451682772107,86.14234681799194,-114.02527789594905,105.99710438733116,-127.25264338586041,-153.53459970124314,6.583443352756855,22.49255058537026,96.01581314263126,-39.59102987361319,61.33733475930332,-13.757766010268153,111.01956587577862,91.74162526277169,-20.602556380013276,-152.34616030475448,-50.78641080358205,-187.83559731592928,83.19563058931851,-143.36019316910838,-64.03779393612854,-41.338734532157986,-18.902640611450344,75.32433975856048,-219.0287198633862,29.818431109229127
140.57948686633722,-822.6739744734803,465.33504513669214,-403.13092974186947,-796.9878888565065,-30.90570512972838,140.4222088448586,-356.24325499905484,-843.3413052453024,-115.34363806903178,7.228552794566154,-894.5389307466618,19.190019315670614,314.5895208630101,1123.5986405466176,52.08966403058174,298.68297441679255,435.87535240129506,395.5780676883037,-520.3362799954378,489.8392883046589,-581.41686385713,-703.5414217936107,31.358515210149726,96.01581314263126,434.8394647391941,-179.09810462271963,281.03374953205525,-63.97941221049282,511.91944284249433,418.64215813686883,-91.47312675561955,-700.1494099687659,-230.727329106985,-860.3084492936043,385.3670272513409,-661.1810226310128,-294.49536705479903,-191.70783625324623,-86.73271641620973,345.93256628222287,-1006.1880040560504,137.5003084198687
-57.90650511479923,338.91598959480524,-191.68884812936477,166.12046017392603,328.36170965175756,12.76955219243905,-57.83596257736675,146.77890060410556,347.4321692345359,47.44905893543882,-2.9451277533168985,368.60472563958206,-7.869067278280995,-129.6249871063583,-462.89723046911234,-21.450151627454886,-123.10996080260475,-179.57220564949827,-162.96386888288262,214.38901680789652,-201.84245658304053,239.55741384147146,289.8861855764896,-12.938513078154488,-39.59102987361319,-179.09810462271963,73.77624015064819,-115.86266789917084,26.39617120504574,-210.9188500931,-172.47189304210784,37.65388267572729,288.4454295810038,95.02825116316252,354.4820236058531,-158.79488264751123,272.4187120538532,121.35061914609095,78.97696062526363,35.75204696622536,-142.50549322956627,414.5529990693106,-56.660993631627115
91.28299458608363,-535.661655402106,303.3445620020336,-263.1755530521245,-519.3451265565141,-20.287141859918584,90.43859701513341,-232.0527526331377,-549.0797844156244,-74.12119313365113,4.4019155188850005,-584.2379343512938,10.27358563078653,205.7884306583954,730.5929466083788,33.658426600962436,196.15674835114856,283.88577176216836,257.5263889344513,-338.41626386633504,320.33782312853106,-378.34569970553474,-458.4638834780966,20.98640109248462,61.33733475930332,281.03374953205525,-115.86266789917084,184.13817555884054,-42.43982170991631,334.1765438211744,272.015539593339,-58.35364168041031,-456.07976493597585,-149.25836286617408,-560.5540357379698,252.2459311894953,-431.66557653109663,-192.26807829965082,-125.25249273437582,-56.77465454761306,225.12144073427137,-655.7439495554398,89.89576910563888
-20.880079637973978,122.84502986513847,-69.66216483627083,60.48749851873167,119.17919691324836,4.663566118210698,-20.51293915404118,53.22657691172694,125.91020119404804,16.814971295641325,-0.9616934148719701,134.34850997364336,-1.852454578484377,-47.403881041310264,-167.30065619743488,-7.66345841352941,-45.33988273135492,-65.1187871722061,-59.050402714632746,77.4978667764139,-73.764321544683,86.68907716890686,105.19352512512401,-4.9333185229344005,-13.757766010268153,-63.97941221049282,26.39617120504574,-42.43982170991631,9.8917799005424,-76.82357103110448,-62.241631556445114,13.116487935126887,104.63632446696435,34.01575142298457,128.59992002264923,-58.13822602013205,99.2462946616444,44.19586247504244,28.826726091202033,13.07620091252546,-51.60402745870712,150.4990720944352,-20.6924503950732
166.2521241217114,-975.1406718650966,552.4697536122098,-478.5876471605198,-945.1068580142604,-36.43509747365386,164.69983787221983,-422.20143799763497,-999.5342183625802,-135.76485853570097,8.42753911189088,-1062.6530305745691,18.92726676886952,374.4176131663208,1329.7348813991596,61.36797673421652,356.4519915637136,516.7362281826069,468.8329131122745,-615.6481600988171,582.7221201976487,-688.2851615799765,-833.9738930914566,38.00461870722323,111.01956587577862,511.91944284249433,-210.9188500931,334.1765438211744,-76.82357103110448,608.120915280803,495.05223202514503,-106.49089396556278,-830.2106832396286,-271.92940022873375,-1019.6465110070436,458.87062760051685,-785.5157706026461,-349.6951096949385,-228.07881047282046,-103.1036183256146,409.9122520383355,-1193.334211606734,163.483894437615
135.63955389977144,-794.6911242159063,449.8244288462346,-389.77152294131963,-770.0805530731301,-29.83853291536546,134.95721460382936,-344.13002621838984,-814.6191562118158,-110.94466811683317,6.876641484906414,-865.1330464613524,17.020823645837236,304.5089484568201,1084.5943630557013,50.15976159097953,289.5433951401116,421.08787510258105,382.09746956770664,-502.25181856273537,474.05002989646744,-561.3533378539813,-679.7064942801095,30.641786687075147,91.74162526277169,418.64215813686883,-172.47189304210784,272.015539593339,-62.241631556445114,495.05223202514503,403.96065082936957,-87.57522652752887,-676.4588329528156,-222.24528086340345,-831.1053419926824,373.1117533430868,-639.4296590916332,-284.7594262520633,-185.50714301147613,-83.92930599981152,334.10293313762077,-972.2742928196672,133.03910942997592
-29.409489144012884,171.6069083622666,-96.8851855055573,83.91177683299401,166.14728662618373,6.46982532059544,-29.669513842431158,74.31591792689186,175.9394533162828,24.298290670852023,-1.5548945453253604,186.0609836173876,-4.832472198836652,-65.28611562840375,-234.8203598678766,-10.949864120480608,-61.759660657547776,-90.90250539011268,-82.52972078909335,108.76484951693354,-101.71037278200048,121.45340852288267,146.72170408221734,-6.35358024951144,-20.602556380013276,-91.47312675561955,37.65388267572729,-58.35364168041031,13.116487935126887,-106.49089396556278,-87.57522652752887,19.507786706253235,145.9819056286052,48.47198345199527,179.44788142504473,-79.92589578906083,137.52154980588045,61.284730892371336,39.81097328238822,18.018740819358776,-72.19256830509573,209.72730211443812,-28.56805720007176
-227.17662774655872,1331.8633315316108,-754.3461321359816,653.4332885712819,1290.712273725779,49.78811140352915,-225.423063464299,576.6528685796243,1365.2059359215514,185.73537720066767,-11.571980395899367,1450.7093558805027,-26.891524479089604,-510.96387656033147,-1816.722767913832,-83.92413281130989,-486.1623206641777,-705.7419643800889,-640.3563180702712,841.1402373594175,-795.3010042692404,940.2821936265549,1139.0065549101694,-51.67175327287514,-152.34616030475448,-700.1494099687659,288.4454295810038,-456.07976493597585,104.63632446696435,-830.2106832396286,-676.4588329528156,145.9819056286052,1133.8306029786866,371.8379066979883,1392.6305157000259,-626.1532255739152,1072.3691601241057,477.4340484189417,311.2913067196428,140.72605919323394,-559.9054476920967,1629.672013298233,-223.14450719191257
-74.63676388387536,436.8920128829406,-247.1890141542868,214.10691362745527,423.25783763224996,16.374149125086657,-74.46869105092495,189.17047144867212,447.85747118187834,61.23971771150309,-3.851888292395288,475.1497844720209,-9.969018921921744,-167.14987848904468,-596.5578522961346,-27.644722621292743,-158.73450985370877,-231.47885885571753,-210.0739452724301,276.2412869260035,-260.2412878014482,308.6903100781245,373.59451261039425,-16.69411888200977,-50.78641080358205,-230.727329106985,95.02825116316252,-149.25836286617408,34.01575142298457,-271.92940022873375,-222.24528086340345,48.47198345199527,371.8379066979883,122.44800499834763,456.8285125401652,-204.76382722112248,351.2220128122618,156.41688843074218,101.86379235734778,46.064794455250556,-183.7079699463105,534.3687016332856,-73.04344505029982
-279.0490907123715,1635.8817628458448,-926.2870431921203,802.7385563918998,1585.4440286517247,61.42925939643662,-277.09529532293567,708.4109375330038,1676.8667930899344,227.8514935382669,-14.026948890187338,1781.9859146512779,-33.45688000158432,-627.4876128448451,-2231.8484585616798,-103.08629386967668,-597.1145179732065,-866.8575600407745,-786.5254774836382,1033.510977916941,-976.7617852749253,1155.2766814544723,1399.312601923351,-63.44802534828762,-187.83559731592928,-860.3084492936043,354.4820236058531,-560.5540357379698,128.59992002264923,-1019.6465110070436,-831.1053419926824,179.44788142504473,1392.6305157000259,456.8285125401652,1710.9394926610748,-768.9528781440508,1317.053165900943,586.4867724468427,382.19733695215814,172.93252085630937,-687.6857955549889,2001.7800799274116,-274.09333245954065
125.30084747852631,-735.3904406462527,416.80627152613533,-361.07807877220654,-712.828812155593,-27.450002410216932,123.86449890967174,-318.3910407354262,-753.766740074641,-102.17927357636442,6.318689692000076,-801.8617005962075,13.524509006646735,282.6643431865758,1002.4006045895158,46.2042355097546,269.2990210451921,389.70721145533133,353.5528434026306,-464.0750468681674,439.87207931313424,-518.9006227014397,-628.9548919348607,28.827598931967437,83.19563058931851,385.3670272513409,-158.79488264751123,252.2459311894953,-58.13822602013205,458.87062760051685,373.1117533430868,-79.92589578906083,-626.1532255739152,-204.76382722112248,-768.9528781440508,346.4652714831423,-592.7439840593158,-263.8466104516362,-172.1649917081608,-77.81809399009536,309.10222030163675,-900.0781211755489,123.39094796682608
-214.73831819548658,1259.567786886424,-713.6265296231977,618.1924860504739,1220.780073102295,47.059748240599255,-212.7128005884978,545.3468859559182,1291.0745302453777,175.3504964950373,-10.882478772896219,1372.6413060374687,-24.390487186152846,-483.6505453559944,-1717.5564610449517,-79.26264728826169,-460.45893282705276,-667.458185203713,-605.5800062390209,795.2024255910526,-752.7207928491606,889.0292267834362,1077.226548219045,-49.10340532612891,-143.36019316910838,-661.1810226310128,272.4187120538532,-431.66557653109663,99.2462946616444,-785.5157706026461,-639.4296590916332,137.52154980588045,1072.3691601241057,351.2220128122618,1317.053165900943,-592.7439840593158,1014.6612632608791,451.7031125863486,294.617635668614,133.1808507670477,-529.4723505209633,1541.4140801935362,-211.1756739360039
-95.61408730480339,560.7857429717083,-317.6482217060439,275.2619284170342,543.539183162624,21.023994230603183,-94.77765653159949,242.83285179014632,574.8221437988115,78.00875289884871,-4.799592367683127,611.1358852473047,-11.008404750747642,-215.2865718654731,-764.8236035667192,-35.29455887558183,-204.974230332972,-297.17025436347905,-269.61691910595795,354.1458793819802,-335.084211369611,395.91522997412085,479.68171297715975,-21.847927968719496,-64.03779393612854,-294.49536705479903,121.35061914609095,-192.26807829965082,44.19586247504244,-349.6951096949385,-284.7594262520633,61.284730892371336,477.4340484189417,156.41688843074218,586.4867724468427,-263.8466104516362,451.7031125863486,201.11891078244494,131.12232326318085,59.31299111492104,-235.7266102592536,686.2900880935154,-94.01757299415647
-62.313800121955836,365.61487040413266,-207.23748933794363,179.43517302380707,354.34597834858823,13.586916815723136,-61.626966188465325,158.2649044346229,374.7488125430024,50.92990478273338,-3.1974691399995665,398.4938130228053,-6.834687376592539,-140.47326512571584,-498.3734036074297,-22.99255322043981,-133.75383508421965,-193.74150283722133,-175.77986490396538,230.69391116631314,-218.5901784065099,257.93944035374426,312.6145410574096,-14.289562481891238,-41.338734532157986,-191.70783625324623,78.97696062526363,-125.25249273437582,28.826726091202033,-228.07881047282046,-185.50714301147613,39.81097328238822,311.2913067196428,101.86379235734778,382.19733695215814,-172.1649917081608,294.617635668614,131.12232326318085,85.58673517420974,38.649306038316304,-153.6914065121438,447.42563727234,-61.31392622983732
-28.169958842752447,165.28371077264825,-93.60955734276764,81.18442476819615,160.2360516583487,6.240118935117648,-27.91016207250336,71.59301038737564,169.4236738770615,22.905138246026947,-1.3753958926976086,180.2336479275791,-3.182482462350791,-63.488141636341844,-225.42389144236458,-10.389632655343414,-60.49767554090575,-87.59351404553303,-79.46358020194857,104.4058012422415,-98.82393771866387,116.72431245398728,141.4380916071981,-6.46633687323691,-18.902640611450344,-86.73271641620973,35.75204696622536,-56.77465454761306,13.07620091252546,-103.1036183256146,-83.92930599981152,18.018740819358776,140.72605919323394,46.064794455250556,172.93252085630937,-77.81809399009536,133.1808507670477,59.31299111492104,38.649306038316304,17.508765463009677,-69.467444625635,202.3190496248254,-27.730915978797576
112.20866446441411,-657.7172830954671,372.4938814533909,-322.62451874865,-637.3583967738984,-24.568425255626288,111.40370181719251,-284.75966802139055,-674.185742132816,-91.81163960299537,5.743821449132885,-716.2509738698839,13.465403930469437,252.24986662769695,897.2367433343828,41.466852976252106,239.93791603589798,348.5111446945156,316.2324208782583,-415.4098273262925,392.6263033291151,-464.35572889189575,-562.4411968870303,25.46847854375044,75.32433975856048,345.93256628222287,-142.50549322956627,225.12144073427137,-51.60402745870712,409.9122520383355,334.10293313762077,-72.19256830509573,-559.9054476920967,-183.7079699463105,-687.6857955549889,309.10222030163675,-529.4723505209633,-235.7266102592536,-153.6914065121438,-69.467444625635,276.5106503927485,-804.7320095365593,110.16420995908457
-326.49809525648845,1914.2881155861319,-1084.1939381722893,939.2929606240243,1855.2126820759072,71.65049619469448,-323.95057816812204,828.8670157853467,1962.2143920187125,266.7785473279895,-16.55042158265975,2085.3303037363426,-38.52539133852803,-734.4816346304868,-2611.1809287727187,-120.59797599873177,-698.9360334689242,-1014.3764277477592,-920.3790013452273,1209.0267171129544,-1143.215267572705,1351.5384548682937,1637.2163524966884,-74.32422609025004,-219.0287198633862,-1006.1880040560504,414.5529990693106,-655.7439495554398,150.4990720944352,-1193.334211606734,-972.2742928196672,209.72730211443812,1629.672013298233,534.3687016332856,2001.7800799274116,-900.0781211755489,1541.4140801935362,686.2900880935154,447.42563727234,202.3190496248254,-804.7320095365593,2342.421297011473,-320.7685006946427
44.67144107300593,-262.0884949444512,148.4908884781002,-128.67323665843128,-254.0426233360725,-9.816141553475063,44.22752181711161,-113.486980310483,-268.64395776457593,-36.423440460001565,2.2394541615525756,-285.70672520844425,4.997657790184488,100.67435334031627,357.36543123564707,16.480727288172314,95.88756464315652,138.88795438867044,126.00571461709467,-165.46867816246552,156.68481110228555,-184.99904375184462,-224.1833428019888,10.242105126393195,29.818431109229127,137.5003084198687,-56.660993631627115,89.89576910563888,-20.6924503950732,163.483894437615,133.03910942997592,-28.56805720007176,-223.14450719191257,-73.04344505029982,-274.09333245954065,123.39094796682608,-211.1756739360039,-94.01757299415647,-61.31392622983732,-27.730915978797576,110.16420995908457,-320.7685006946427,43.95926901764926
