V1,V2,V3,V4,V5,V6,V7,V8,V9,V10,V11,V12,V13,V14,V15,V16,V17,V18,V19,V20,V21,V22,V23,V24,V25,V26,V27,V28,V29,V30,V31,V32,V33,V34,V35,V36,V37,V38,V39,V40,V41,V42,V43
0.9676299744801478,0.5773140080471443,0.15914216691627664,1.0534267686584824,1.3862108953319432,-1.1896891688218114,1.0196079219710865,-1.450418007924468,-0.24961256013160874,-0.6842480178063026,-0.8969272467623165,0.12926700640725167,2.5779670702794015,-2.0000973819546015,0.31786636272004815,0.7786837020358907,-2.242319542461197,-1.3962445535116548,-0.0930548640278472,1.095281281738661,1.1295500971434085,0.6117018118209923,-0.26595438851097664,0.2994853939434158,1.2991321780889409,0.6475818032602035,1.7777497101658364,-3.8005226985592855,-0.5106027189216117,1.9175910481596168,-0.3856480084636873,-1.0897545872050272,-0.007683236391267716,2.0551645252703015,-0.6989809339275862,0.2682851593456418,-0.6096383321660221,0.8015092406257601,-1.3165977147094772,2.315119671252666,2.0751225811473373,-1.03774504320686,0.9119544545385049
0.5773140080471443,0.9342923944860649,0.4887011265186501,0.8373632626419295,0.12473569583183808,-1.4821539151763028,1.127882454141717,-0.8304685900076169,-1.1460633801707543,-0.7131192092464209,-1.7441129998648295,-1.3275167902673792,1.8230733827478347,-1.2525556653587395,-0.19256703431495317,1.333134545693961,-0.7165007325850439,-0.6750051077863544,-0.20749968901312654,0.9320766723450269,0.029936158350159465,0.8264346077923276,0.13712447898924232,1.2370860105915746,1.5430978167263234,0.45295267414136964,0.7499685203457513,-1.6529741530523598,0.7439433040136462,1.192562269855799,-0.046853093207737,-0.4013846156608724,-0.3220876545967178,2.0351678228977423,-0.4932457949970455,-0.1300804235218114,-1.2822629678784554,0.2651715112028272,-1.2277224808449394,0.8814513635894853,1.258684119066791,-0.5624922476515454,-0.1000646628182695
0.15914216691627664,0.4887011265186501,0.38508617384830496,0.33695554197763866,-0.32625670855671113,-0.7148744588251096,0.5398680871976099,-0.18645134106194955,-0.8260836787851831,-0.41704510816836243,-1.008890825273469,-1.0233551317045742,0.5964789801825547,-0.3457018278163583,-0.236052317434888,0.7857451952316385,0.08692063164085831,-0.07000617826662525,-0.11072737229715238,0.4085191036484387,-0.307025404376955,0.47128395767694936,0.21219254649721883,0.8272208356968381,0.6900536349309082,0.16621506591202,0.0466403934224352,-0.20757241748456495,0.7383487834052835,0.3664471843894518,0.0670887455115594,0.01610631439643141,-0.27860053524282874,0.9184777309836734,-0.12190278929251461,-0.16486820365787097,-0.8107327790512217,-0.03222153298257444,-0.5774797373996446,1.486734910218591e-4,0.35990421473415485,-0.13825532567303767,-0.34077130432664315
1.0534267686584824,0.8373632626419295,0.33695554197763866,1.2307284980103093,1.2356909022981248,-1.5666668221006554,1.2985308625075178,-1.5632806069584704,-0.6589328184610631,-0.8768344784487548,-1.4168078702405318,-0.38364624062565417,2.8903586860013224,-2.183982100300864,0.2024148505834502,1.171549034513929,-2.1936350698363123,-1.4576813637850785,-0.14941972545984666,1.3034427193539204,0.9918301632073998,0.8462773526897608,-0.17224377404407987,0.7271939630803808,1.6653049167119742,0.7236945522199556,1.8187689192439502,-3.9123282184809134,-0.15235429441028955,2.0986078320483967,-0.3498635644995022,-1.0921837908492615,-0.13547536088356665,2.529241859069063,-0.7796784587286077,0.18862350844298822,-1.0174859863706534,0.7952978549437684,-1.5954177959452134,2.329635985436224,2.269501530229038,-1.1111330212893884,0.7432144231141632
1.3862108953319432,0.12473569583183808,-0.32625670855671113,1.2356909022981248,2.9029474445041554,-0.7844636407872089,0.8217107562047997,-2.1408569015833656,0.9407880259345275,-0.5300473939357296,0.2012770176704952,1.953681805448427,3.3854718619565176,-2.8263560274667556,0.9396277719479003,0.016461028726217467,-4.01017355828172,-2.22896095431972,0.03713146597928679,1.198418835504638,2.4343326996847106,0.2704263729474418,-0.7820616862865142,-0.904420407930314,0.9925522170623465,0.8450913762779387,2.9483679846833843,-6.191841133270297,-2.090449323852887,2.6862062773065913,-0.781775791018122,-1.88215887654871,0.42337469648027254,1.9510809344883489,-0.9456190695356608,0.7398126038130983,0.3117030858277806,1.4177776433893456,-1.3151108314931728,3.9575021307357314,2.942792526088066,-1.549524050034624,2.135499742488192
-1.1896891688218114,-1.4821539151763028,-0.7148744588251096,-1.5666668221006554,-0.7844636407872089,2.4770086130458546,-1.9367763968428877,1.7334364532886934,1.6138504507605393,1.2458523143922635,2.6896367906908245,1.6847276592636231,-3.554089929806803,2.544080286836288,0.11071783226643933,-2.101059778103702,1.957478163679551,1.5015716625626565,0.31701787915305024,-1.711617639399638,-0.5380359746808948,-1.3577391771236742,-0.06443505696332719,-1.7497467128500925,-2.6126587185344023,-0.89189506776527006,-1.7751467079754222,3.8734486730299644,-0.748737042157895,-2.4319900043060527,0.23646971591733998,1.0119105313864893,0.4293306493990847,-3.5923091368949818,0.9552290310843562,0.0533818723883153,1.9527103490566884,-0.7026239888090824,2.2107231078891783,-2.19258611067724,-2.5774545562973756,1.202358469908925,-0.2812952295436733
1.0196079219710865,1.127882454141717,0.5398680871976099,1.2985308625075178,0.8217107562047997,-1.9367763968428877,1.5400566917205882,-1.487961801203288,-1.1705120328969187,-1.0173197543951689,-2.025567663571918,-1.1293911630872113,2.9712553269764364,-2.1595941665061895,-0.010361002655089813,1.6085107122553488,-1.8157474519102825,-1.313664025232979,-0.2330123936391454,1.4097881487055794,0.6029594182370397,1.0669334901499292,-0.002920814202094224,1.2618036817029987,2.043484366230889,0.7505651000026345,1.588009905250705,-3.465717044452877,0.4170763087480953,2.0753911945162127,-0.244613328430171,-0.920727929501181,-0.3061140632676178,2.892127633730595,-0.7903967475448292,0.02120754884510964,-1.4748654652529736,0.6491191178220069,-1.8015023851454202,1.9887301977479797,2.2054231649678657,-1.0453573664936837,0.3816739975137532
-1.450418007924468,-0.8304685900076169,-0.18645134106194955,-1.5632806069584704,-2.1408569015833656,1.7334364532886934,-1.487961801203288,2.189236822164993,0.28401334844859805,0.9751572679211254,1.2551251018439225,-0.3084454382851942,-3.837975500309309,2.991084608860782,-0.5093254846127507,-1.0884310740128504,3.3898843293482432,2.1265281035620145,0.1274096644768824,-1.6141671555571702,-1.7569809146731545,-0.8718097246497516,0.43657021844129246,-0.3744863417656646,-1.8994526264902365,-0.9522404469670673,-2.6977294065841795,5.727817095327004,0.8625297291087026,-2.8532736705205153,0.5877587156839877,1.658365317611057,-0.02882676762427119,-3.015010255419039,1.060067714707936,-0.42749341155711484,0.8350480800348619,-1.2244150124675968,1.9145094234506284,-3.51106387585451,-3.1096289908777877,1.557329030539891,-1.4159587469738697
-0.24961256013160874,-1.1460633801707543,-0.8260836787851831,-0.6589328184610631,0.9407880259345275,1.6138504507605393,-1.1705120328969187,0.28401334844859805,1.9040510631126206,0.8149848542854128,2.3411378887500423,2.475139423422868,-1.1080925237879038,0.5759360308600631,0.6049803592667411,-1.7616535815784755,-0.5457545460429247,0.034216906703099036,0.2679804056278558,-0.807790473006219,0.8683351310585005,-1.0167658601127663,-0.5009260606791195,-1.9660409584818646,-1.573950098433352,-0.28750059298028907,0.11119555203385227,-0.07666860337547497,-1.7948109910779921,-0.5855185916207534,-0.2246654301590001,-0.17439267314446938,0.6180236328271106,-1.9416260502257268,0.2588282394029088,0.436358891255274,1.836296969450678,0.1763557152020306,1.15441576093954,0.30976671952414586,-0.5779025638877547,0.17869609276800044,0.9376410288968702
-0.6842480178063026,-0.7131192092464209,-0.41704510816836243,-0.8768344784487548,-0.5300473939357296,1.2458523143922635,-1.0173197543951689,0.9751572679211254,0.8149848542854128,0.7490811396361324,1.3171342718583046,0.7466132964149873,-1.9599224692486061,1.4269135673810511,0.007849832807305283,-1.083823955190259,1.2327454822922943,0.8448075061628457,0.1407258636053793,-0.9624928628361605,-0.39626492586230927,-0.7365876624610914,-0.028000847491976313,-0.8289559232028857,-1.2846752673269484,-0.5136678570441725,-1.0550227601082538,2.367009960752664,-0.3087068955429394,-1.4076899497215378,0.17133544305242968,0.6106091654281833,0.23924118545737336,-1.9171027890672556,0.48535921170230034,-0.021786213887299864,1.0056290534039587,-0.43196456788469445,1.2361238715754734,-1.3315791204927934,-1.4826386516165295,0.7103868349614293,-0.25226202537647613
-0.8969272467623165,-1.7441129998648295,-1.008890825273469,-1.4168078702405318,0.2012770176704952,2.6896367906908245,-2.025567663571918,1.2551251018439225,2.3411378887500423,1.3171342718583046,3.3414103129757735,2.8202481344708574,-2.9707256094385555,1.9672892125377857,0.5072277739137272,-2.5482301656080435,0.7906170334381093,0.9363937335975666,0.3965303822434454,-1.6094161418889785,0.3112745442227256,-1.5476780530460652,-0.39378649643980174,-2.483687344925156,-2.76446927884528,-0.7498804912811475,-0.9882116454269684,2.262372212902327,-1.7445671937461253,-1.8932650048949424,-0.02146083634162497,0.48306070728189254,0.6958616297847116,-3.588806594850313,0.7782081417042125,0.35615700387070626,2.5011868545179654,-0.29230296424420776,2.1700434783591493,-1.0965214279624023,-1.9681417715440674,0.8493850729977046,0.5059750159420765
0.12926700640725167,-1.3275167902673792,-1.0233551317045742,-0.38364624062565417,1.953681805448427,1.6847276592636231,-1.1293911630872113,-0.3084454382851942,2.475139423422868,0.7466132964149873,2.8202481344708574,3.4824772089570084,-0.31365422996940007,-0.1523762249488656,0.9891012240249439,-2.051075253620057,-1.8267637544405542,-0.6228150413818377,0.34239939663260943,-0.5640356724190065,1.7541371231439116,-1.086661007393319,-0.8044163693275262,-2.561123895481108,-1.6149819882354337,-0.08850976528458691,1.020119683231748,-1.9807428976253119,-2.701779981208906,0.12074800801515141,-0.49766186956018826,-0.7706206670360151,0.828028687194667,-1.6967294279322833,0.040210354169883,0.7435452900013875,2.215085008747744,0.6386822905676129,0.9495660317172808,1.552391526769569,0.22260350873793555,-0.2671106752277551,1.7241342964747561
2.5779670702794015,1.8230733827478347,0.5964789801825547,2.8903586860013224,3.3854718619565176,-3.554089929806803,2.9712553269764364,-3.837975500309309,-1.1080925237879038,-1.9599224692486061,-2.9707256094385555,-0.31365422996940007,7.066163916948462,-5.401476757405476,0.6681332352212292,2.495736350110502,-5.757506520085141,-3.6254222506037115,-0.3408109108134134,3.0391827397001396,2.685981410900226,1.8373940219702298,-0.5663403194871766,1.2618209101733238,3.8897027742421844,1.7918587116035043,4.58336792416555,-9.859669862489199,-0.8819564144012167,5.177153196468402,-0.9534026438556654,-2.7837259631172224,-0.16895098825226182,5.880812871267396,-1.8943817245315135,0.5644346222988247,-2.033540776937586,2.022848169398058,-3.7589905603107456,5.948042053937013,5.532986917742651,-2.7377732047645704,2.157933779436198
-2.0000973819546015,-1.2525556653587395,-0.3457018278163583,-2.183982100300864,-2.8263560274667556,2.544080286836288,-2.1595941665061895,2.991084608860782,0.5759360308600631,1.4269135673810511,1.9672892125377857,-0.1523762249488656,-5.401476757405476,4.17372067903738,-0.626278176583812,-1.689382392093984,4.6357727112102705,2.8634771743850584,0.22191764435850822,-2.2780468762405097,-2.2684451872303772,-1.2933757790420302,0.5267219577655609,-0.6843185204346908,-2.8064173811387656,-1.3676737308074554,-3.645725280361943,7.81701826016545,0.9831130819473667,-3.998051142665001,0.7898710395810548,2.2311489221267773,0.037181524581927854,-4.335162950950502,1.4537255706707208,-0.5199526747035432,1.31765767404956,-1.6310295161069701,2.7851261374676346,-4.755563208147884,-4.287047590163039,2.138967882260587,-1.8546700724095289
0.31786636272004815,-0.19256703431495317,-0.236052317434888,0.2024148505834502,0.9396277719479003,0.11071783226643933,-0.010361002655089813,-0.5093254846127507,0.6049803592667411,0.007849832807305283,0.5072277739137272,0.9891012240249439,0.6681332352212292,-0.626278176583812,0.36381733252224213,-0.3338633468633265,-1.1526243724998984,-0.5800041409239526,0.06597190412970581,0.16452181956264733,0.810343452587154,-0.11982844475120306,-0.29954086783241296,-0.6116131515622526,-0.05828041575878157,0.1641326998051936,0.7986278403069852,-1.648718915778156,-0.8893687131022738,0.591807211765527,-0.24798394911231145,-0.5293484497155341,0.2257481776727465,0.13691135961909004,-0.19587070148025437,0.28156118296509003,0.4281531440392449,0.40892826994810083,-0.12297829678415691,1.1005268065804188,0.6668293877942634,-0.3760071988432745,0.7377631056000312
0.7786837020358907,1.333134545693961,0.7857451952316385,1.171549034513929,0.016461028726217467,-2.101059778103702,1.6085107122553488,-1.0884310740128504,-1.7616535815784755,-1.083823955190259,-2.5482301656080435,-2.051075253620057,2.495736350110502,-1.689382392093984,-0.3338633468633265,1.9733893662576372,-0.8774139971820331,-0.839202929376444,-0.29890514698525,1.324426822926997,-0.09701932690377073,1.2215275952476223,0.2717676040914064,1.8481525129459655,2.1613456173155177,0.6418524746458647,0.9393626136083368,-2.1557954616840553,1.2308568325767133,1.6430637104743004,-0.03732027814956732,-0.4855454979670106,-0.528768942683988,2.8840265977477073,-0.6356781148958734,-0.2273213560938789,-1.9175651248894692,0.30992532111074417,-1.7780291042493475,1.0926611080432937,1.7030547447119286,-0.7566233901706291,-0.25603804130024
-2.242319542461197,-0.7165007325850439,0.08692063164085831,-2.1936350698363123,-4.01017355828172,1.957478163679551,-1.8157474519102825,3.3898843293482432,-0.5457545460429247,1.2327454822922943,0.7906170334381093,-1.8267637544405542,-5.757506520085141,4.6357727112102705,-1.1526243724998984,-0.8774139971820331,5.970854273766361,3.3870500039843314,0.08281395122074055,-2.2191796205940117,-3.2903228421068627,-0.8999651619734178,0.9388243177595073,0.49801324139025693,-2.2845149416418,-1.4739749987558273,-4.449777688207452,9.497915474406199,2.3476301243989304,-4.449429309618069,1.1079809653559576,2.793370621979428,-0.3350400807863854,-3.922420883076687,1.5403576270652257,-0.9162966344839972,0.38099159661437254,-2.0727291580291882,2.623947707983202,-5.92853776977772,-4.778324476508656,2.4634503827609153,-2.855749724595074
-1.3962445535116548,-0.6750051077863544,-0.07000617826662525,-1.4576813637850785,-2.22896095431972,1.5015716625626565,-1.313664025232979,2.1265281035620145,0.034216906703099036,0.8448075061628457,0.9363937335975666,-0.6228150413818377,-3.6254222506037115,2.8634771743850584,-0.5800041409239526,-0.839202929376444,3.3870500039843314,2.1026391339757486,0.08772965530206112,-1.485082654942007,-1.8506559753007452,-0.7257639800816362,0.5011012783540371,-0.1260957829298677,-1.6636175607249992,-0.8891097854956966,-2.6758750448284103,5.638794330927783,1.0838138217621152,-2.7194474722194015,0.6035882817272522,1.6582305529142436,-0.11462281937054343,-2.7152107570811244,1.019408733667538,-0.4802157819595738,0.5873399023189104,-1.2332581598383145,1.7194077706632107,-3.4955747958462164,-2.9892320201816953,1.5093307772019011,-1.5088432021880829
-0.0930548640278472,-0.20749968901312654,-0.11072737229715238,-0.14941972545984666,0.03713146597928679,0.31701787915305024,-0.2330123936391454,0.1274096644768824,0.2679804056278558,0.1407258636053793,0.3965303822434454,0.34239939663260943,-0.3408109108134134,0.22191764435850822,0.06597190412970581,-0.29890514698525,0.08281395122074055,0.08772965530206112,0.05444028291042609,-0.1726234298569546,0.06121253033031148,-0.17262231497388633,-0.0503207718682365,-0.28581418676537745,-0.3414744653362957,-0.09052679248194993,-0.09002711073291136,0.2172252195857002,-0.21156268402330605,-0.2113226352740954,-0.005367076889329706,0.040946777330125736,0.08075806133656888,-0.4106176595232232,0.08536805570812213,0.05223318441601586,0.2837468253959855,-0.01911622149018171,0.2525489352584777,-0.10087693253562321,-0.20294364092383302,0.08519650269085638,0.06532153447684301
1.095281281738661,0.9320766723450269,0.4085191036484387,1.3034427193539204,1.198418835504638,-1.711617639399638,1.4097881487055794,-1.6141671555571702,-0.807790473006219,-0.9624928628361605,-1.6094161418889785,-0.5640356724190065,3.0391827397001396,-2.2780468762405097,0.16452181956264733,1.324426822926997,-2.2191796205940117,-1.485082654942007,-0.1726234298569546,1.3909186980089143,0.9492360849920474,0.938593987092891,-0.13636825970538438,0.8739332390887986,1.8118222012810816,0.7673073394794173,1.8499816126944744,-4.0060806542907,-0.028169396718091835,2.1968579863801283,-0.3451469416603081,-1.1036833662996428,-0.1866645610403535,2.724044611580773,-0.8088507553477278,0.16124192491975983,-1.1684437785169695,0.798646814319358,-1.7232550431843003,2.362907684509783,2.3615102625726236,-1.1501537635987384,0.6984844046054518
1.1295500971434085,0.029936158350159465,-0.307025404376955,0.9918301632073998,2.4343326996847106,-0.5380359746808948,0.6029594182370397,-1.7569809146731545,0.8683351310585005,-0.39626492586230927,0.3112745442227256,1.7541371231439116,2.685981410900226,-2.2684451872303772,0.810343452587154,-0.09701932690377073,-3.2903228421068627,-1.8506559753007452,0.06121253033031148,0.9492360849920474,2.073809434714272,0.17084026928787274,-0.676206633129088,-0.8376639543824893,0.6800338702499136,0.6573001087783763,2.4443750546457843,-5.100216121533735,-1.8185856025221188,2.1529981848017585,-0.6500127091023233,-1.565111563836893,0.3836931220949829,1.4802524352188209,-0.7671207518916977,0.6456837842734635,0.3475444971242112,1.1885922977585384,-0.9898045145399489,3.274245753935036,2.399318900883331,-1.2695276266523536,1.7958093551172083
0.6117018118209923,0.8264346077923276,0.47128395767694936,0.8462773526897608,0.2704263729474418,-1.3577391771236742,1.0669334901499292,-0.8718097246497516,-1.0167658601127663,-0.7365876624610914,-1.5476780530460652,-1.086661007393319,1.8373940219702298,-1.2933757790420302,-0.11982844475120306,1.2215275952476223,-0.8999651619734178,-0.7257639800816362,-0.17262231497388633,0.938593987092891,0.17084026928787274,0.7890017790969717,0.10093528048766237,1.0661739662948475,1.3949075970571219,0.4688677066773068,0.8566849372035592,-1.9155692226535344,0.5776603891421639,1.259138847863838,-0.09433011958254232,-0.4755837888556422,-0.2953170478610374,1.9570179880915035,-0.4734730538054379,-0.06649907831028913,-1.168412038920692,0.32692194065608926,-1.2180003206051948,1.0413769479561787,1.3315985526371956,-0.6151091668309188,0.031177904408624082
-0.26595438851097664,0.13712447898924232,0.21219254649721883,-0.17224377404407987,-0.7820616862865142,-0.06443505696332719,-0.002920814202094224,0.43657021844129246,-0.5009260606791195,-0.028000847491976313,-0.39378649643980174,-0.8044163693275262,-0.5663403194871766,0.5267219577655609,-0.29954086783241296,0.2717676040914064,0.9388243177595073,0.5011012783540371,-0.0503207718682365,-0.13636825970538438,-0.676206633129088,0.10093528048766237,0.25915721153696575,0.48552294038975075,0.014816242841996606,-0.12869275204539957,-0.6695026589465579,1.3515033635787588,0.7396036312204997,-0.482769190844979,0.20038852575406044,0.44296784202575956,-0.19811217966619768,-0.1307267335088533,0.1833458149839057,-0.2309407399686527,-0.34902721194071745,-0.3427493863469712,0.0910271708695736,-0.9131663488809744,-0.5579964885854555,0.3103412916771406,-0.6055332452200027
0.2994853939434158,1.2370860105915746,0.8272208356968381,0.7271939630803808,-0.904420407930314,-1.7497467128500925,1.2618036817029987,-0.3744863417656646,-1.9660409584818646,-0.8289559232028857,-2.483687344925156,-2.561123895481108,1.2618209101733238,-0.6843185204346908,-0.6116131515622526,1.8481525129459655,0.49801324139025693,-0.1260957829298677,-0.28581418676537745,0.8739332390887986,-0.8376639543824893,1.0661739662948475,0.48552294038975075,2.0667035130293034,1.7227338976435078,0.3084499610962166,-0.029192707025995152,-0.050226134676726014,1.8180802924094464,0.6650855312190187,0.22380187733163995,0.12785918317882494,-0.6163819898442339,2.104655603738447,-0.32871443909617315,-0.44085832767184424,-1.9198431418655786,-0.1417984230275125,-1.219772150653181,-0.22243440947509818,0.6864154252804012,-0.22336970607981446,-0.9358949896302825
1.2991321780889409,1.5430978167263234,0.6900536349309082,1.6653049167119742,0.9925522170623465,-2.6126587185344023,2.043484366230889,-1.8994526264902365,-1.573950098433352,-1.2846752673269484,-2.76446927884528,-1.6149819882354337,3.8897027742421844,-2.8064173811387656,-0.05828041575878157,2.1613456173155177,-2.2845149416418,-1.6636175607249992,-0.3414744653362957,1.8118222012810816,0.6800338702499136,1.3949075970571219,0.014816242841996606,1.7227338976435078,2.8039479640356104,0.9837521611355592,1.9874113126854716,-4.330747229986362,0.6286552806800003,2.6736234721930754,-0.29360719312481887,-1.1457680884830836,-0.4056908395564287,3.8169455632208966,-1.0432997082273396,-0.023450844326952575,-1.963184642015122,0.7944851969258226,-2.363146486075699,2.4860932430978084,2.806596718101745,-1.318793771093702,0.43363350786829297
0.6475818032602035,0.45295267414136964,0.16621506591202,0.7236945522199556,0.8450913762779387,-0.89189506776527006,0.7505651000026345,-0.9522404469670673,-0.28750059298028907,-0.5136678570441725,-0.7498804912811475,-0.08850976528458691,1.7918587116035043,-1.3676737308074554,0.1641326998051936,0.6418524746458647,-1.4739749987558273,-0.8891097854956966,-0.09052679248194993,0.7673073394794173,0.6573001087783763,0.4688677066773068,-0.12869275204539957,0.3084499610962166,0.9837521611355592,0.4679121063507751,1.1416784163750904,-2.492110490276322,-0.20763353386530975,1.3234888069306192,-0.24469329651818297,-0.6933270882364706,-0.05614795829459669,1.4875244566940264,-0.4609988849857045,0.13573763848530168,-0.516183797871208,0.49965111830619696,-0.9740568038086233,1.493476164645665,1.3884119174811813,-0.6896457327017308,0.5464204106643669
1.7777497101658364,0.7499685203457513,0.0466403934224352,1.8187689192439502,2.9483679846833843,-1.7751467079754222,1.588009905250705,-2.6977294065841795,0.11119555203385227,-1.0550227601082538,-0.9882116454269684,1.020119683231748,4.58336792416555,-3.645725280361943,0.7986278403069852,0.9393626136083368,-4.449777688207452,-2.6758750448284103,-0.09002711073291136,1.8499816126944744,2.4443750546457843,0.8566849372035592,-0.6695026589465579,-0.029192707025995152,1.9874113126854716,1.1416784163750904,3.447601039850755,-7.304599428386797,-1.538228537921029,3.481445891986187,-0.8059411062389519,-2.1458994008718126,0.18069694878171244,3.329747062509907,-1.2637945556416412,0.6543380873544142,-0.6005094787388082,1.5964395554308204,-2.1509821397284963,4.534003102398291,3.8012157901020576,-1.9343324247981328,2.034184331985925
-3.8005226985592855,-1.6529741530523598,-0.20757241748456495,-3.9123282184809134,-6.191841133270297,3.8734486730299644,-3.465717044452877,5.727817095327004,-0.07666860337547497,2.367009960752664,2.262372212902327,-1.9807428976253119,-9.859669862489199,7.81701826016545,-1.648718915778156,-2.1557954616840553,9.497915474406199,5.638794330927783,0.2172252195857002,-4.0060806542907,-5.100216121533735,-1.9155692226535344,1.3515033635787588,-0.050226134676726014,-4.330747229986362,-2.492110490276322,-7.304599428386797,15.585089333813835,3.110259682019329,-7.505034071210958,1.7133011881317999,4.539303805970461,-0.3021965826777731,-7.237616306550976,2.6619266865020057,-1.3504990296652635,1.4212410444180987,-3.3650980775606,4.7315481390794725,-9.62501268238767,-8.12664298402888,4.135146523205848,-4.272681790912619
-0.5106027189216117,0.7439433040136462,0.7383487834052835,-0.15235429441028955,-2.090449323852887,-0.748737042157895,0.4170763087480953,0.8625297291087026,-1.7948109910779921,-0.3087068955429394,-1.7445671937461253,-2.701779981208906,-0.8819564144012167,0.9831130819473667,-0.8893687131022738,1.2308568325767133,2.3476301243989304,1.0838138217621152,-0.21156268402330605,-0.028169396718091835,-1.8185856025221188,0.5776603891421639,0.7396036312204997,1.8180802924094464,0.6286552806800003,-0.20763353386530975,-1.538228537921029,3.110259682019329,2.2899819504616503,-0.9066728927499419,0.5410889823939895,1.0541400244999057,-0.6429752417604003,0.40303418045056394,0.2879248660165473,-0.6755377246810951,-1.436884878772351,-0.8281014879299994,-0.17019568841046953,-2.1712520739643915,-1.0516552432062298,0.64145587036204,-1.7065522278956267
1.9175910481596168,1.192562269855799,0.3664471843894518,2.0986078320483967,2.6862062773065913,-2.4319900043060527,2.0753911945162127,-2.8532736705205153,-0.5855185916207534,-1.4076899497215378,-1.8932650048949424,0.12074800801515141,5.177153196468402,-3.998051142665001,0.591807211765527,1.6430637104743004,-4.449429309618069,-2.7194474722194015,-0.2113226352740954,2.1968579863801283,2.1529981848017585,1.259138847863838,-0.482769190844979,0.6650855312190187,2.6736234721930754,1.3234888069306192,3.481445891986187,-7.505034071210958,-0.9066728927499419,3.8489510045543827,-0.7587105944663439,-2.129320395828085,-0.06012663695883688,4.165869713167363,-1.3719342219569168,0.4937667219442441,-1.2884809090293023,1.554853037774217,-2.7004727516478515,4.548514642988805,4.110846578511109,-2.053951027405606,1.7665335055503815
-0.3856480084636873,-0.046853093207737,0.0670887455115594,-0.3498635644995022,-0.781775791018122,0.23646971591733998,-0.244613328430171,0.5877587156839877,-0.2246654301590001,0.17133544305242968,-0.02146083634162497,-0.49766186956018826,-0.9534026438556654,0.7898710395810548,-0.24798394911231145,-0.03732027814956732,1.1079809653559576,0.6035882817272522,-0.005367076889329706,-0.3451469416603081,-0.6500127091023233,-0.09433011958254232,0.20038852575406044,0.22380187733163995,-0.29360719312481887,-0.24469329651818297,-0.8059411062389519,1.7133011881317999,0.5410889823939895,-0.7587105944663439,0.2145356426826599,0.5130022239955591,-0.09957525980183252,-0.569290319860163,0.2553928874802602,-0.19530482430651164,-0.054752362556043564,-0.38429712617694184,0.3931113311612841,-1.084850485694839,-0.8189467153225711,0.4307579827366142,-0.5752813358791355
-1.0897545872050272,-0.4013846156608724,0.01610631439643141,-1.0921837908492615,-1.88215887654871,1.0119105313864893,-0.920727929501181,1.658365317611057,-0.17439267314446938,0.6106091654281833,0.48306070728189254,-0.7706206670360151,-2.7837259631172224,2.2311489221267773,-0.5293484497155341,-0.4855454979670106,2.793370621979428,1.6582305529142436,0.040946777330125736,-1.1036833662996428,-1.565111563836893,-0.4755837888556422,0.44296784202575956,0.12785918317882494,-1.1457680884830836,-0.6933270882364706,-2.1458994008718126,4.539303805970461,1.0541400244999057,-2.129320395828085,0.5130022239955591,1.341635665934382,-0.14584138763161492,-1.9591520292530753,0.7695430199488672,-0.4303483612795899,0.2709817363737372,-1.000487430501484,1.2719804857310042,-2.831567488592765,-2.327453751628972,1.190939515261269,-1.3148789572462936
-0.007683236391267716,-0.3220876545967178,-0.27860053524282874,-0.13547536088356665,0.42337469648027254,0.4293306493990847,-0.3061140632676178,-0.02882676762427119,0.6180236328271106,0.23924118545737336,0.6958616297847116,0.828028687194667,-0.16895098825226182,0.037181524581927854,0.2257481776727465,-0.528768942683988,-0.3350400807863854,-0.11462281937054343,0.08075806133656888,-0.1866645610403535,0.3836931220949829,-0.2953170478610374,-0.19811217966619768,-0.6163819898442339,-0.4056908395564287,-0.05614795829459669,0.18069694878171244,-0.3021965826777731,-0.6429752417604003,-0.06012663695883688,-0.09957525980183252,-0.14584138763161492,0.21649335429885488,-0.48206801292851864,0.01521314729888281,0.16614676334717618,0.5634695608224406,0.12504565707937665,0.29954270809931105,0.2812779714314839,-0.03013346675169709,-0.018401866377085324,0.37737682081537105
2.0551645252703015,2.0351678228977423,0.9184777309836734,2.529241859069063,1.9510809344883489,-3.5923091368949818,2.892127633730595,-3.015010255419039,-1.9416260502257268,-1.9171027890672556,-3.588806594850313,-1.6967294279322833,5.880812871267396,-4.335162950950502,0.13691135961909004,2.8840265977477073,-3.922420883076687,-2.7152107570811244,-0.4106176595232232,2.724044611580773,1.4802524352188209,1.9570179880915035,-0.1307267335088533,2.104655603738447,3.8169455632208966,1.4875244566940264,3.329747062509907,-7.237616306550976,0.40303418045056394,4.165869713167363,-0.569290319860163,-1.9591520292530753,-0.48206801292851864,5.500135719648625,-1.5657547019612912,0.1604427127149206,-2.58929898945012,1.3956833698380111,-3.4496901530075967,4.216859587668101,4.435965889009461,-2.1292501251389515,1.0387941351754804
-0.6989809339275862,-0.4932457949970455,-0.12190278929251461,-0.7796784587286077,-0.9456190695356608,0.9552290310843562,-0.7903967475448292,1.060067714707936,0.2588282394029088,0.48535921170230034,0.7782081417042125,0.040210354169883,-1.8943817245315135,1.4537255706707208,-0.19587070148025437,-0.6356781148958734,1.5403576270652257,1.019408733667538,0.08536805570812213,-0.8088507553477278,-0.7671207518916977,-0.4734730538054379,0.1833458149839057,-0.32871443909617315,-1.0432997082273396,-0.4609988849857045,-1.2637945556416412,2.6619266865020057,0.2879248660165473,-1.3719342219569168,0.2553928874802602,0.7695430199488672,0.01521314729888281,-1.5657547019612912,0.5384187165112128,-0.16634569475809488,0.5187976214597247,-0.5644525845493884,0.9667757107813179,-1.6262250260524664,-1.5006891003944995,0.7399357239520391,-0.5967592455403256
0.2682851593456418,-0.1300804235218114,-0.16486820365787097,0.18862350844298822,0.7398126038130983,0.0533818723883153,0.02120754884510964,-0.42749341155711484,0.436358891255274,-0.021786213887299864,0.35615700387070626,0.7435452900013875,0.5644346222988247,-0.5199526747035432,0.28156118296509003,-0.2273213560938789,-0.9162966344839972,-0.4802157819595738,0.05223318441601586,0.16124192491975983,0.6456837842734635,-0.06649907831028913,-0.2309407399686527,-0.44085832767184424,-0.023450844326952575,0.13573763848530168,0.6543380873544142,-1.3504990296652635,-0.6755377246810951,0.4937667219442441,-0.19530482430651164,-0.4303483612795899,0.16614676334717618,0.1604427127149206,-0.16634569475809488,0.22260353857104015,0.2943651910012373,0.333769070387898,-0.12563200812547382,0.8925305255581086,0.5657591015916038,-0.3145947479338235,0.5729409638831366
-0.6096383321660221,-1.2822629678784554,-0.8107327790512217,-1.0174859863706534,0.3117030858277806,1.9527103490566884,-1.4748654652529736,0.8350480800348619,1.836296969450678,1.0056290534039587,2.5011868545179654,2.215085008747744,-2.033540776937586,1.31765767404956,0.4281531440392449,-1.9175651248894692,0.38099159661437254,0.5873399023189104,0.2837468253959855,-1.1684437785169695,0.3475444971242112,-1.168412038920692,-0.34902721194071745,-1.9198431418655786,-1.963184642015122,-0.516183797871208,-0.6005094787388082,1.4212410444180987,-1.436884878772351,-1.2884809090293023,-0.054752362556043564,0.2709817363737372,0.5634695608224406,-2.58929898945012,0.5187976214597247,0.2943651910012373,1.9183166127165394,-0.1551893299973981,1.5701237634496987,-0.6291433420232264,-1.3461520323080987,0.5710914414904871,0.49838899962885425
0.8015092406257601,0.2651715112028272,-0.03222153298257444,0.7952978549437684,1.4177776433893456,-0.7026239888090824,0.6491191178220069,-1.2244150124675968,0.1763557152020306,-0.43196456788469445,-0.29230296424420776,0.6386822905676129,2.022848169398058,-1.6310295161069701,0.40892826994810083,0.30992532111074417,-2.0727291580291882,-1.2332581598383145,-0.01911622149018171,0.798646814319358,1.1885922977585384,0.32692194065608926,-0.3427493863469712,-0.1417984230275125,0.7944851969258226,0.49965111830619696,1.5964395554308204,-3.3650980775606,-0.8281014879299994,1.554853037774217,-0.38429712617694184,-1.000487430501484,0.12504565707937665,1.3956833698380111,-0.5644525845493884,0.333769070387898,-0.1551893299973981,0.7495692193004476,-0.9040464706860197,2.1063922155962476,1.7119679166456763,-0.878704853526229,0.9951467012105999
-1.3165977147094772,-1.2277224808449394,-0.5774797373996446,-1.5954177959452134,-1.3151108314931728,2.2107231078891783,-1.8015023851454202,1.9145094234506284,1.15441576093954,1.2361238715754734,2.1700434783591493,0.9495660317172808,-3.7589905603107456,2.7851261374676346,-0.12297829678415691,-1.7780291042493475,2.623947707983202,1.7194077706632107,0.2525489352584777,-1.7232550431843003,-0.9898045145399489,-1.2180003206051948,0.0910271708695736,-1.219772150653181,-2.363146486075699,-0.9740568038086233,-2.1509821397284963,4.7315481390794725,-0.17019568841046953,-2.7004727516478515,0.3931113311612841,1.2719804857310042,0.29954270809931105,-3.4496901530075967,0.9667757107813179,-0.12563200812547382,1.5701237634496987,-0.9040464706860197,2.2117901222016654,-2.7544112720459317,-2.838119451240305,1.3743339899700053,-0.7410976676315263
2.315119671252666,0.8814513635894853,1.486734910218591e-4,2.329635985436224,3.9575021307357314,-2.19258611067724,1.9887301977479797,-3.51106387585451,0.30976671952414586,-1.3315791204927934,-1.0965214279624023,1.552391526769569,5.948042053937013,-4.755563208147884,1.1005268065804188,1.0926611080432937,-5.92853776977772,-3.4955747958462164,-0.10087693253562321,2.362907684509783,3.274245753935036,1.0413769479561787,-0.9131663488809744,-0.22243440947509818,2.4860932430978084,1.493476164645665,4.534003102398291,-9.62501268238767,-2.1712520739643915,4.548514642988805,-1.084850485694839,-2.831567488592765,0.2812779714314839,4.216859587668101,-1.6262250260524664,0.8925305255581086,-0.6291433420232264,2.1063922155962476,-2.7544112720459317,5.989396367887413,4.944726190192332,-2.5288093622432144,2.763998995094896
2.0751225811473373,1.258684119066791,0.35990421473415485,2.269501530229038,2.942792526088066,-2.5774545562973756,2.2054231649678657,-3.1096289908777877,-0.5779025638877547,-1.4826386516165295,-1.9681417715440674,0.22260350873793555,5.532986917742651,-4.287047590163039,0.6668293877942634,1.7030547447119286,-4.778324476508656,-2.9892320201816953,-0.20294364092383302,2.3615102625726236,2.399318900883331,1.3315985526371956,-0.5579964885854555,0.6864154252804012,2.806596718101745,1.3884119174811813,3.8012157901020576,-8.12664298402888,-1.0516552432062298,4.110846578511109,-0.8189467153225711,-2.327453751628972,-0.03013346675169709,4.435965889009461,-1.5006891003944995,0.5657591015916038,-1.3461520323080987,1.7119679166456763,-2.838119451240305,4.944726190192332,4.452286866756223,-2.2240977377255735,1.9278744878643752
-1.03774504320686,-0.5624922476515454,-0.13825532567303767,-1.1111330212893884,-1.549524050034624,1.202358469908925,-1.0453573664936837,1.557329030539891,0.17869609276800044,0.7103868349614293,0.8493850729977046,-0.2671106752277551,-2.7377732047645704,2.138967882260587,-0.3760071988432745,-0.7566233901706291,2.4634503827609153,1.5093307772019011,0.08519650269085638,-1.1501537635987384,-1.2695276266523536,-0.6151091668309188,0.3103412916771406,-0.22336970607981446,-1.318793771093702,-0.6896457327017308,-1.9343324247981328,4.135146523205848,0.64145587036204,-2.053951027405606,0.4307579827366142,1.190939515261269,-0.018401866377085324,-2.1292501251389515,0.7399357239520391,-0.3145947479338235,0.5710914414904871,-0.878704853526229,1.3743339899700053,-2.5288093622432144,-2.2240977377255735,1.1191071749391024,-1.0370971070435093
0.9119544545385049,-0.1000646628182695,-0.34077130432664315,0.7432144231141632,2.135499742488192,-0.2812952295436733,0.3816739975137532,-1.4159587469738697,0.9376410288968702,-0.25226202537647613,0.5059750159420765,1.7241342964747561,2.157933779436198,-1.8546700724095289,0.7377631056000312,-0.25603804130024,-2.855749724595074,-1.5088432021880829,0.06532153447684301,0.6984844046054518,1.7958093551172083,0.031177904408624082,-0.6055332452200027,-0.9358949896302825,0.43363350786829297,0.5464204106643669,2.034184331985925,-4.272681790912619,-1.7065522278956267,1.7665335055503815,-0.5752813358791355,-1.3148789572462936,0.37737682081537105,1.0387941351754804,-0.5967592455403256,0.5729409638831366,0.49838899962885425,0.9951467012105999,-0.7410976676315263,2.763998995094896,1.9278744878643752,-1.0370971070435093,1.6155208284698928
