V1,V2,V3,V4,V5,V6,V7,V8,V9,V10,V11,V12,V13,V14,V15,V16,V17,V18,V19,V20,V21,V22,V23,V24,V25,V26,V27,V28,V29
0.3652805741869523,0.888708073940732,0.2623525425004628,0.09506514748457591,-0.34638226393396204,0.8511058364726836,0.27562207389928545,-0.8965335285851189,-0.5076313093963768,-1.6658351666039013,1.0336980149531216,0.33119568069361915,-0.5537643555735323,1.2934782031913343,0.5796903278621882,0.43794481332262336,1.317429411997246,0.005548515757642068,2.0074556789175935,-0.379137809509065,-0.9503196089351491,-0.4855190118077683,1.3943101175471162,0.7114558883930282,-0.21275246702266337,-0.07200876346838281,-0.9073578655513189,2.151815918983128,1.27192146181848
0.888708073940732,2.930540280438676,0.7767325684377192,0.9237161253805756,-1.3060615878276716,1.882801164040689,1.215713384641969,-1.2507399635342664,-0.8884984232984412,-3.09097583013733,2.1174645301804307,0.5109743302477034,-1.1733360868405176,3.2026350589698063,1.122048625400637,1.2860133827018243,3.2092578310471165,0.18812534661118052,3.602120969780168,-0.6254886573085682,-2.709190786781448,-0.5596834468926876,3.317041425327313,1.3347506875164021,-0.500754391669278,-0.20103168206103675,-2.595964392856191,5.1733751483959995,2.6056102317997705
0.2623525425004628,0.7767325684377192,0.6222438176975439,0.0578582413592258,-0.3528861068935046,1.3022422744325448,0.3498326354937475,-1.0076509483472218,-0.24118566337152625,-1.7385652793704656,0.52002769909213,-0.08593313489605472,-0.7718542503397867,1.2006387469568829,0.4891769470719122,0.49066289171752825,1.2432811098408758,0.3004097616539323,1.213952904240349,-0.08827598053461042,-1.0136417260620454,-0.29532391604532815,1.0587665426810278,0.4931632926218721,-0.020103522214787794,-0.7223132035926608,-1.0147324595498837,1.8125496105147045,0.780677565525132
0.09506514748457591,0.9237161253805756,0.0578582413592258,0.9012218786491477,-0.6807808730968893,-0.3150649245371245,0.587089931118441,1.0301701525181657,0.24879736445630962,1.140005614114207,-0.436405892657062,-0.29008041340021473,0.4011163957059757,0.01804295570847726,-0.3273334236405418,0.19022987700100305,-0.08787855835883267,0.221970927184678,-1.1670425826276736,0.21956984771428437,-0.27153772586904357,0.7240365019809486,-0.05276711662659326,-0.5059874125797157,-0.10515765220754762,0.023990052956839116,-0.5047719414345397,0.05816287311649741,-0.5140032897084521
-0.34638226393396204,-1.3060615878276716,-0.3528861068935046,-0.6807808730968893,0.8019557137270455,-0.6678143595050269,-0.5884309455268424,0.15356870054765526,0.23085330009661637,0.6734568933964824,-0.3478548732829038,0.048876279264944665,0.2221495128075506,-1.0212019128838383,-0.2553312479738991,-0.49684953317426417,-0.9678519615042465,-0.29180453185667815,-0.7158070055943282,0.11287946519098192,0.8980217453042597,-0.144054358767208,-1.0012533665163552,-0.17307659709229362,0.21847270747599268,0.2856929431279094,1.1478150730282393,-1.7964338652644865,-0.5630258351917463
0.8511058364726836,1.882801164040689,1.3022422744325448,-0.3150649245371245,-0.6678143595050269,3.615152179356208,0.49732443325460635,-3.6193418058080398,-1.3028761106959297,-5.930948361028145,2.4333595889162796,0.46608347305896597,-2.265463185775714,3.6968064442872004,1.7906850493124469,1.2543439457740573,3.853747613726085,0.46143136263416146,5.5157623286938415,-0.8571798478886187,-2.6961330376301165,-1.5766090292772263,3.6378467845210793,2.077544784935385,-0.3005000387813266,-1.4531891528493701,-2.639723727664424,5.979685712387096,3.3255430542356708
0.27562207389928545,1.215713384641969,0.3498326354937475,0.587089931118441,-0.5884309455268424,0.49732443325460635,0.6946484575285324,0.04607074909683239,-0.058598262832220194,-0.5262521422323326,0.4933355576481105,-0.020591233576229304,-0.2882701377530445,1.010931284744755,0.1762667505952619,0.4863452243675777,0.9682439352080635,0.13811442461208903,0.45498466837826024,-0.01966674177612483,-1.0429005905331072,0.10775761015456778,0.9599289328323213,0.20800678835970685,-0.11816481729939574,-0.10015251859862881,-0.9690174827212417,1.4369587290789059,0.5319443477860905
-0.8965335285851189,-1.2507399635342664,-1.0076509483472218,1.0301701525181657,0.15356870054765526,-3.6193418058080398,0.04607074909683239,4.552040504653568,1.7837283917433218,7.03678543879844,-3.260055077335791,-1.05465252105689,2.466881893027369,-3.8508529942194447,-2.2024324809425546,-1.062384090243989,-4.0517097642191375,-0.06280051063103799,-7.348215909835513,1.3121255406807668,2.4502757088366063,2.3656397811770806,-4.051926061979518,-2.726006738500903,0.39775652945969203,1.0308285779366586,2.2533209838183095,-6.410848547369701,-4.233525382681573
-0.5076313093963768,-0.8884984232984412,-0.24118566337152625,0.24879736445630962,0.23085330009661637,-1.3028761106959297,-0.058598262832220194,1.7837283917433218,0.9788480729429201,2.9411725868487344,-1.7517622733432159,-0.7256088894481233,0.9115735378369244,-1.8301956241193922,-1.0272092054424622,-0.5311523576356654,-1.902881550872115,0.11344788742119143,-3.6545541894780644,0.757522102155014,1.1574748880622603,1.075271822165561,-2.1011397372803984,-1.315869821894613,0.3334498090363871,0.009938509352041153,1.0633144160889014,-3.219116745122228,-2.2082885453478585
-1.6658351666039013,-3.09097583013733,-1.7385652793704656,1.140005614114207,0.6734568933964824,-5.930948361028145,-0.5262521422323326,7.03678543879844,2.9411725868487344,11.540785440899327,-5.893890822302775,-1.8756264997725622,4.128890696822449,-7.053723232453929,-3.6759182145988984,-2.111195356730102,-7.353733401641045,-0.03306631336405296,-12.303521455104804,2.191414819570689,4.855409707166414,3.7713236981060536,-7.428362616903905,-4.652105418108457,0.7814735523201974,1.3339215478747712,4.302067245053422,-11.508026845137444,-7.431194155421852
1.0336980149531216,2.1174645301804307,0.52002769909213,-0.436405892657062,-0.3478548732829038,2.4333595889162796,0.4933355576481105,-3.260055077335791,-1.7517622733432159,-5.893890822302775,4.122716240974201,1.6097971372678654,-2.015032645578892,4.163934695162511,2.049350177083935,1.2061231287545178,4.335514356990637,-0.5194732949234808,7.445804789847878,-1.4466501236424407,-2.949718448912279,-2.251935944340923,4.6562393202878365,2.8532114171883967,-0.6255980482585437,0.46831683496627513,-2.2294612632030484,6.683661786617362,4.744731384640118
0.33119568069361915,0.5109743302477034,-0.08593313489605472,-0.29008041340021473,0.048876279264944665,0.46608347305896597,-0.020591233576229304,-1.05465252105689,-0.7256088894481233,-1.8756264997725622,1.6097971372678654,0.8227318194062321,-0.5527307328134514,1.2406159356725601,0.7368451194596,0.2954199675166125,1.3175171958843308,-0.397977316131985,2.849029220980697,-0.6309747340730334,-0.7720120677997738,-0.9341797692487472,1.572119470300117,1.0973690982735347,-0.27534469853469323,0.5902306249004956,-0.44610653601450395,2.1329378768553866,1.816949249057207
-0.5537643555735323,-1.1733360868405176,-0.7718542503397867,0.4011163957059757,0.2221495128075506,-2.265463185775714,-0.2882701377530445,2.466881893027369,0.9115735378369244,4.128890696822449,-2.015032645578892,-0.5527307328134514,1.6255104713214832,-2.5908887511371637,-1.2977738520486775,-0.8348075085685815,-2.7331476348673465,-0.06130198273662973,-4.071064503510333,0.6453929686914854,1.9214128726745103,1.2864237333553838,-2.628288724947841,-1.6362667785172123,0.187221782999051,0.6183982866993897,1.5957258780204246,-4.059541930343799,-2.5448409852172476
1.2934782031913343,3.2026350589698063,1.2006387469568829,0.01804295570847726,-1.0212019128838383,3.6968064442872004,1.010931284744755,-3.8508529942194447,-1.8301956241193922,-7.053723232453929,4.163934695162511,1.2406159356725601,-2.5908887511371637,5.2665019007889065,2.343129137566266,1.7399187283608235,5.418690413460931,-0.004890073368026714,7.894762705519099,-1.3853183191529255,-3.957380127157574,-2.099287740907369,5.494889320511619,2.9838176748903775,-0.6571643922543586,-0.49632027159776737,-3.488639998614881,8.409540368275204,5.054524034016292
0.5796903278621882,1.122048625400637,0.4891769470719122,-0.3273334236405418,-0.2553312479738991,1.7906850493124469,0.1762667505952619,-2.2024324809425546,-1.0272092054424622,-3.6759182145988984,2.049350177083935,0.7368451194596,-1.2977738520486775,2.343129137566266,1.2509910575416219,0.720876948178363,2.461709988420924,-0.08384461087619194,4.170570201310814,-0.7652442995725797,-1.6157531028157623,-1.2595761410457522,2.540517903028414,1.5801617327812152,-0.3018489332903072,-0.20394884702066415,-1.3906734228783417,3.902308827575504,2.5663671615853705
0.43794481332262336,1.2860133827018243,0.49066289171752825,0.19022987700100305,-0.49684953317426417,1.2543439457740573,0.4863452243675777,-1.062384090243989,-0.5311523576356654,-2.111195356730102,1.2061231287545178,0.2954199675166125,-0.8348075085685815,1.7399187283608235,0.720876948178363,0.6773764875716912,1.7922288132972353,0.09870614890793016,2.21472315738523,-0.36082532003416506,-1.4182626155886982,-0.524390417677963,1.7831313242275997,0.87124149893569,-0.19484358513640734,-0.2482194448391534,-1.274561877666081,2.775532782702933,1.5244646617553177
1.317429411997246,3.2092578310471165,1.2432811098408758,-0.08787855835883267,-0.9678519615042465,3.853747613726085,0.9682439352080635,-4.0517097642191375,-1.902881550872115,-7.353733401641045,4.335514356990637,1.3175171958843308,-2.7331476348673465,5.418690413460931,2.461709988420924,1.7922288132972353,5.654878370546835,-0.03437650656738373,8.231584988553987,-1.42166149459295,-4.063275826135591,-2.2674582137667887,5.663611908793385,3.130477713205512,-0.6649459952633672,-0.46437826024094103,-3.49934182345747,8.660604054488404,5.271768698126965
0.005548515757642068,0.18812534661118052,0.3004097616539323,0.221970927184678,-0.29180453185667815,0.46143136263416146,0.13811442461208903,-0.06280051063103799,0.11344788742119143,-0.03306631336405296,-0.5194732949234808,-0.397977316131985,-0.06130198273662973,-0.004890073368026714,-0.08384461087619194,0.09870614890793016,-0.03437650656738373,0.3993740882743082,-0.5798964835769564,0.17146387280109412,-0.049571766581447296,0.2877959743843146,-0.18021206870800896,-0.2672875298881941,0.050737026387285895,-0.6646529016503173,-0.34545935656201326,0.045929875611717026,-0.40155907456582296
2.0074556789175935,3.602120969780168,1.213952904240349,-1.1670425826276736,-0.7158070055943282,5.5157623286938415,0.45498466837826024,-7.348215909835513,-3.6545541894780644,-12.303521455104804,7.445804789847878,2.849029220980697,-4.071064503510333,7.894762705519099,4.170570201310814,2.21472315738523,8.231584988553987,-0.5798964835769564,14.883058560822922,-2.893917792557047,-5.207744869706969,-4.475646201645084,8.7488531526897,5.474443775313745,-1.21171243507451,-0.06053721259249918,-4.449102485300752,13.18392317134483,9.025204247092574
-0.379137809509065,-0.6254886573085682,-0.08827598053461042,0.21956984771428437,0.11287946519098192,-0.8571798478886187,-0.01966674177612483,1.3121255406807668,0.757522102155014,2.191414819570689,-1.4466501236424407,-0.6309747340730334,0.6453929686914854,-1.3853183191529255,-0.7652442995725797,-0.36082532003416506,-1.42166149459295,0.17146387280109412,-2.893917792557047,0.630678172965895,0.8499802304731047,0.855620392539127,-1.6247027662044524,-1.0368765341593433,0.27343936380176215,-0.1389560717217587,0.7394757597067021,-2.4114422797680284,-1.7444218885111211
-0.9503196089351491,-2.709190786781448,-1.0136417260620454,-0.27153772586904357,0.8980217453042597,-2.6961330376301165,-1.0429005905331072,2.4502757088366063,1.1574748880622603,4.855409707166414,-2.949718448912279,-0.7720120677997738,1.9214128726745103,-3.957380127157574,-1.6157531028157623,-1.4182626155886982,-4.063275826135591,-0.049571766581447296,-5.207744869706969,0.8499802304731047,3.2118522866855654,1.30893781511687,-4.053090810477293,-2.0645779421955663,0.42694881455914885,0.4035744052581381,2.7361792415099426,-6.125625477557437,-3.530867459826513
-0.4855190118077683,-0.5596834468926876,-0.29532391604532815,0.7240365019809486,-0.144054358767208,-1.5766090292772263,0.10775761015456778,2.3656397811770806,1.075271822165561,3.7713236981060536,-2.251935944340923,-0.9341797692487472,1.2864237333553838,-2.099287740907369,-1.2595761410457522,-0.524390417677963,-2.2674582137667887,0.2877959743843146,-4.475646201645084,0.855620392539127,1.30893781511687,1.5657484921886873,-2.383156698548633,-1.72622559544234,0.2712138701993931,-0.07264529796397151,0.9058482868572122,-3.4535182901886596,-2.6944302292770668
1.3943101175471162,3.317041425327313,1.0587665426810278,-0.05276711662659326,-1.0012533665163552,3.6378467845210793,0.9599289328323213,-4.051926061979518,-2.1011397372803984,-7.428362616903905,4.6562393202878365,1.572119470300117,-2.628288724947841,5.494889320511619,2.540517903028414,1.7831313242275997,5.663611908793385,-0.18021206870800896,8.7488531526897,-1.6247027662044524,-4.053090810477293,-2.383156698548633,5.9128618823403585,3.2981453115756496,-0.7781986985215867,-0.15173127863546465,-3.5041938313383234,8.920917409616697,5.612016159976697
0.7114558883930282,1.3347506875164021,0.4931632926218721,-0.5059874125797157,-0.17307659709229362,2.077544784935385,0.20800678835970685,-2.726006738500903,-1.315869821894613,-4.652105418108457,2.8532114171883967,1.0973690982735347,-1.6362667785172123,2.9838176748903775,1.5801617327812152,0.87124149893569,3.130477713205512,-0.2672875298881941,5.474443775313745,-1.0368765341593433,-2.0645779421955663,-1.72622559544234,3.2981453115756496,2.1300328819307084,-0.3929733173524938,0.023516016598367856,-1.603806694009387,4.866773027194667,3.429410060186884
-0.21275246702266337,-0.500754391669278,-0.020103522214787794,-0.10515765220754762,0.21847270747599268,-0.3005000387813266,-0.11816481729939574,0.39775652945969203,0.3334498090363871,0.7814735523201974,-0.6255980482585437,-0.27534469853469323,0.187221782999051,-0.6571643922543586,-0.3018489332903072,-0.19484358513640734,-0.6649459952633672,0.050737026387285895,-1.21171243507451,0.27343936380176215,0.42694881455914885,0.2712138701993931,-0.7781986985215867,-0.3929733173524938,0.1890911603250651,-0.13808772189378857,0.4509402805285981,-1.2040403223553842,-0.755195841836329
-0.07200876346838281,-0.20103168206103675,-0.7223132035926608,0.023990052956839116,0.2856929431279094,-1.4531891528493701,-0.10015251859862881,1.0308285779366586,0.009938509352041153,1.3339215478747712,0.46831683496627513,0.5902306249004956,0.6183982866993897,-0.49632027159776737,-0.20394884702066415,-0.2482194448391534,-0.46437826024094103,-0.6646529016503173,-0.06053721259249918,-0.1389560717217587,0.4035744052581381,-0.07264529796397151,-0.15173127863546465,0.023516016598367856,-0.13808772189378857,1.5160577830917614,0.8054483708560386,-0.7715392527045397,0.15962826561336083
-0.9073578655513189,-2.595964392856191,-1.0147324595498837,-0.5047719414345397,1.1478150730282393,-2.639723727664424,-0.9690174827212417,2.2533209838183095,1.0633144160889014,4.302067245053422,-2.2294612632030484,-0.44610653601450395,1.5957258780204246,-3.488639998614881,-1.3906734228783417,-1.274561877666081,-3.49934182345747,-0.34545935656201326,-4.449102485300752,0.7394757597067021,2.7361792415099426,0.9058482868572122,-3.5041938313383234,-1.603806694009387,0.4509402805285981,0.8054483708560386,2.7751072871684355,-5.662128046336782,-2.8772421706068028
2.151815918983128,5.1733751483959995,1.8125496105147045,0.05816287311649741,-1.7964338652644865,5.979685712387096,1.4369587290789059,-6.410848547369701,-3.219116745122228,-11.508026845137444,6.683661786617362,2.1329378768553866,-4.059541930343799,8.409540368275204,3.902308827575504,2.775532782702933,8.660604054488404,0.045929875611717026,13.18392317134483,-2.4114422797680284,-6.125625477557437,-3.4535182901886596,8.920917409616697,4.866773027194667,-1.2040403223553842,-0.7715392527045397,-5.662128046336782,13.900068278960402,8.327474877944558
1.27192146181848,2.6056102317997705,0.780677565525132,-0.5140032897084521,-0.5630258351917463,3.3255430542356708,0.5319443477860905,-4.233525382681573,-2.2082885453478585,-7.431194155421852,4.744731384640118,1.816949249057207,-2.5448409852172476,5.054524034016292,2.5663671615853705,1.5244646617553177,5.271768698126965,-0.40155907456582296,9.025204247092574,-1.7444218885111211,-3.530867459826513,-2.6944302292770668,5.612016159976697,3.429410060186884,-0.755195841836329,0.15962826561336083,-2.8772421706068028,8.327474877944558,5.6965753808521695
