V1,V2,V3,V4,V5,V6,V7,V8,V9,V10,V11,V12,V13,V14,V15,V16,V17,V18,V19,V20,V21,V22,V23,V24,V25,V26,V27,V28,V29
0.5246661660472755,0.0833385742589538,-0.21696643128014564,0.3148620486504025,0.12198580808482377,0.30519091367214624,-0.02499455590633211,0.06185453970529214,0.4097273153463291,-1.4947657510312673,0.8552571435434608,0.22175873348329905,0.2040321875994017,0.6501259223248714,0.6315614255782989,-0.02257054612332584,-0.9664621854999943,-0.6008007348953467,-0.045280812788001036,-0.20792483838065673,0.7237103191639058,-0.39435107861444285,0.23996642339039873,0.17699465127276245,0.09687746143452948,-1.361420047430132,0.09319868302502926,1.2456218201411258,0.4785330352549925
0.0833385742589538,0.4044242449338649,-1.571124826259062,1.7203343885776448,-0.2932876526754526,0.20795686875936795,-0.5397755263553391,-0.37726460325419403,-0.28351065980702095,-1.7585540927121335,0.1745656604978404,0.6631448966516093,1.411816611901988,-0.16908466759825874,1.443392074359487,-0.6150266794551252,-0.8987575038092246,-1.2226477355450973,0.1714268465990801,0.7354069676723853,0.943097564274017,0.2842960871628346,1.1521313528480308,-1.1329341740258612,0.1049671770524064,-1.3578807157051922,0.1850877142966545,2.3568495483502803,0.9862761722469904
-0.21696643128014564,-1.571124826259062,7.805637570416953,-9.18679130583954,1.9594611862397262,-0.9192893048871374,2.414675954611467,2.2492484139806734,1.413873785275122,8.427516984562688,-0.8512173684124804,-2.9064588375326723,-6.510373401716692,0.8772510456327904,-6.954372291430992,3.3396438077813824,4.4139086938315755,5.781050542941834,-0.4944947149679047,-3.7421355925626933,-4.209685201129312,-1.7163196261732043,-5.719038306384935,5.666134568218174,-0.21248618998796043,6.2497673820367785,-0.694455816291026,-11.808271286538465,-4.352550294932416
0.3148620486504025,1.7203343885776448,-9.18679130583954,12.061819798695199,-2.4926274095041467,1.2262426120993517,-2.7738500229143153,-2.988041185884661,-1.57731802021289,-11.284719000446906,1.2936698679165108,2.9748774167964904,7.7485805112396475,-0.3043929818249524,8.474005769753193,-4.282180650942048,-5.598805017979408,-7.290114361709694,0.5208254584784936,4.733691522431315,5.140427951935198,2.320457813419669,7.189700226400491,-6.806019373606474,-0.0403722397597479,-8.110339948227837,0.8185536509142414,15.198953511424785,5.341735140144189
0.12198580808482377,-0.2932876526754526,1.9594611862397262,-2.4926274095041467,0.6544160942931492,-0.13423303936176245,0.5719513684134392,0.6952857675138071,0.48119786910606593,1.7768415487657792,-0.0025938628939444278,-0.5945843989734492,-1.5232554855506324,0.3739730756163202,-1.6110915092694293,0.9292910620051487,0.8814474334594633,1.2939383713541022,-0.0769394723582711,-1.075632553179359,-0.8128274501872391,-0.6434773286712703,-1.4503267809668798,1.532373544271963,0.03519868042312123,1.1795792124529927,-0.10868119292145556,-2.804187611402133,-0.9061030233832953
0.30519091367214624,0.20795686875936795,-0.9192893048871374,1.2262426120993517,-0.13423303936176245,0.31295389972838844,-0.2762076183153532,-0.210019174107054,0.08225139638705498,-1.8631668699318815,0.5771577725299514,0.41244369962126515,0.8564067632600525,0.3317912804195575,1.0750418252135256,-0.3946837347291022,-1.0537115922978162,-0.9940581529030109,0.025637256578541434,0.30657064211433244,0.8766573501580374,-0.02002172738427571,0.7743604858411829,-0.5038894696617313,0.05623675970002605,-1.50948215792195,0.1234206526379209,2.0377031524993736,0.7460122471772165
-0.02499455590633211,-0.5397755263553391,2.414675954611467,-2.7738500229143153,0.5719513684134392,-0.2762076183153532,0.8793493711207124,0.7621736385870926,0.5247562415682969,2.5421193868778613,-0.23977579692461487,-0.9383905049251214,-2.0740869781986775,0.3419515360423295,-2.1143666393674168,1.039992358789274,1.3891802067960675,1.7965702776329548,-0.31354833876972293,-1.2038103104486708,-1.3569531930246475,-0.5999477381199216,-1.799056138943514,1.7755120299165377,-0.13751537410243703,1.9370666267235281,-0.20286235079379067,-3.5771035110428837,-1.4541175434740057
0.06185453970529214,-0.37726460325419403,2.2492484139806734,-2.988041185884661,0.6952857675138071,-0.210019174107054,0.7621736385870926,1.0509659362085118,0.5336938276224283,2.5173468079552346,-0.25652331798097433,-0.5404212427447032,-1.800620282053857,0.19916253497538122,-1.8684729351575367,1.1862812897111121,1.3856559261813421,1.7159367027407098,-0.30819958424038246,-1.197659662879343,-1.122283356720005,-0.7574096939911693,-1.7069764955280584,1.6923842980946027,0.07822139185402409,1.8009094638648981,-0.11792305812900891,-3.5925228270619725,-1.3132234270856828
0.4097273153463291,-0.28351065980702095,1.413873785275122,-1.57731802021289,0.48119786910606593,0.08225139638705498,0.5247562415682969,0.5336938276224283,0.6754394491380826,0.4256606389373133,0.5679693015808353,-0.41768711297224315,-1.1798035651300958,0.7603628671017588,-0.8853578324513125,0.6560990254463964,0.06649567820368145,0.6760706741272997,-0.21254556375669226,-0.9703828949628828,-0.26897679562189875,-0.7164013782095895,-0.9752452957535287,1.3222293941552958,0.008252931606273025,0.11548796616823649,-0.07357348082398386,-1.3221963069447804,-0.5391179766045522
-1.4947657510312673,-1.7585540927121335,8.427516984562688,-11.284719000446906,1.7768415487657792,-1.8631668699318815,2.5421193868778613,2.5173468079552346,0.4256606389373133,13.711738143079296,-3.1748927565438514,-3.0243516398012034,-7.399665389112626,-1.4362143580208178,-8.81775836479554,3.8344789735781655,7.30090528120553,7.931039993671233,-0.4807772331614593,-3.6542156214837975,-6.290807782945164,-1.1151229835805079,-6.861728822977557,5.492278799407401,-0.15808035779058321,10.548607407345349,-0.9537980711134949,-16.356554950918728,-5.951121976438573
0.8552571435434608,0.1745656604978404,-0.8512173684124804,1.2936698679165108,-0.0025938628939444278,0.5771577725299514,-0.23977579692461487,-0.25652331798097433,0.5679693015808353,-3.1748927565438514,1.592315946944713,0.43367635559077733,0.697360390297646,1.1049393423518021,1.4431574623164551,-0.3732373262425802,-2.080189855486787,-1.4102943626771196,0.02805081693806417,-0.07940978687036485,1.4859914597897295,-0.43647475294489874,0.8096842780825753,-0.05031918224648057,0.1275139172418116,-2.774469945410835,0.13019822003280127,3.007959688106217,1.1113176539774203
0.22175873348329905,0.6631448966516093,-2.9064588375326723,2.9748774167964904,-0.5945843989734492,0.41244369962126515,-0.9383905049251214,-0.5404212427447032,-0.41768711297224315,-3.0243516398012034,0.43367635559077733,1.4260045679802,2.464799581024555,-0.41306714545372536,2.682071880648321,-1.0352287111657776,-1.7061372236216752,-2.093944818242759,0.14521145145066144,1.226735504463971,1.7399983345437597,0.3832482622752033,2.053795905788587,-1.984416071897479,0.2920762845940544,-2.4132989483622125,0.2940507872093932,4.179629025974786,1.6404583034483027
0.2040321875994017,1.411816611901988,-6.510373401716692,7.7485805112396475,-1.5232554855506324,0.8564067632600525,-2.0740869781986775,-1.800620282053857,-1.1798035651300958,-7.399665389112626,0.697360390297646,2.464799581024555,5.6806367469210475,-0.6011594910199093,5.887174662895507,-2.7893120926595456,-3.7495919926700374,-5.015163945445072,0.4730510432909688,3.1841229753713294,3.6676526995420073,1.4080588224430828,4.874407228012394,-4.780054729145956,0.18804663762753226,-5.492586025776112,0.6445181782495408,10.07441725876876,3.803722385601757
0.6501259223248714,-0.16908466759825874,0.8772510456327904,-0.3043929818249524,0.3739730756163202,0.3317912804195575,0.3419515360423295,0.19916253497538122,0.7603628671017588,-1.4362143580208178,1.1049393423518021,-0.41306714545372536,-0.6011594910199093,1.3632949774601115,-0.09114744057161354,0.25479323360124567,-0.8268364991788149,-0.2164604682575832,-0.12047512363984848,-0.6523814404544557,0.4118337255345562,-0.5956730044509647,-0.29672816148302544,0.9793500055328418,-0.07819305700789637,-1.259161056412673,0.0136673178249142,0.5590943085686941,0.12720171394585872
0.6315614255782989,1.443392074359487,-6.954372291430992,8.474005769753193,-1.6110915092694293,1.0750418252135256,-2.1143666393674168,-1.8684729351575367,-0.8853578324513125,-8.81775836479554,1.4431574623164551,2.682071880648321,5.887174662895507,-0.09114744057161354,6.685744644443894,-2.9329182233604913,-4.612028931938808,-5.607814172371157,0.363683821121922,3.2028979292105917,4.3126795309465775,1.2349742401660844,5.30198474897751,-4.841787972401505,0.25441353496164415,-6.6640881924886655,0.7119203667506891,11.516408807824916,4.227619970068353
-0.02257054612332584,-0.6150266794551252,3.3396438077813824,-4.282180650942048,0.9292910620051487,-0.3946837347291022,1.039992358789274,1.1862812897111121,0.6560990254463964,3.8344789735781655,-0.3732373262425802,-1.0352287111657776,-2.7893120926595456,0.25479323360124567,-2.9329182233604913,1.5954364136756847,1.9796798921620544,2.56853171076201,-0.2555811014579503,-1.704053414258785,-1.7620644339177092,-0.8971726087095903,-2.539420285171642,2.4871752368041333,0.03579811004379246,2.7644034639751927,-0.2557535481583019,-5.319653680609583,-1.8970003990544217
-0.9664621854999943,-0.8987575038092246,4.4139086938315755,-5.598805017979408,0.8814474334594633,-1.0537115922978162,1.3891802067960675,1.3856559261813421,0.06649567820368145,7.30090528120553,-2.080189855486787,-1.7061372236216752,-3.7495919926700374,-0.8268364991788149,-4.612028931938808,1.9796798921620544,4.300830967365658,4.182414363404734,-0.3232744733378647,-1.6148041361597616,-3.500227676323233,-0.3517660046379752,-3.468821438278709,2.6243524821705835,-0.19287357737887384,5.87273336759364,-0.42556029623742453,-8.619076447239069,-3.2061308697486988
-0.6008007348953467,-1.2226477355450973,5.781050542941834,-7.290114361709694,1.2939383713541022,-0.9940581529030109,1.7965702776329548,1.7159367027407098,0.6760706741272997,7.931039993671233,-1.4102943626771196,-2.093944818242759,-5.015163945445072,-0.2164604682575832,-5.607814172371157,2.56853171076201,4.182414363404734,4.936862091203056,-0.4026123026951906,-2.63803312015727,-3.7642300745543062,-1.0101448210151587,-4.493260589534162,3.9925486991015253,-0.1269634389056485,6.031954483501567,-0.5940526246689694,-10.049888222006505,-3.7298368053298168
-0.045280812788001036,0.1714268465990801,-0.4944947149679047,0.5208254584784936,-0.0769394723582711,0.025637256578541434,-0.31354833876972293,-0.30819958424038246,-0.21254556375669226,-0.4807772331614593,0.02805081693806417,0.14521145145066144,0.4730510432909688,-0.12047512363984848,0.363683821121922,-0.2555811014579503,-0.3232744733378647,-0.4026123026951906,0.28079478408673386,0.2892040879289438,0.3126677729764871,0.21669654390146492,0.3722979907701552,-0.38438143928474744,0.05518309080320267,-0.41423709718538776,0.03544883652930168,0.681025840235426,0.4454097038484671
-0.20792483838065673,0.7354069676723853,-3.7421355925626933,4.733691522431315,-1.075632553179359,0.30657064211433244,-1.2038103104486708,-1.197659662879343,-0.9703828949628828,-3.6542156214837975,-0.07940978687036485,1.226735504463971,3.1841229753713294,-0.6523814404544557,3.2028979292105917,-1.704053414258785,-1.6148041361597616,-2.63803312015727,0.2892040879289438,2.1742526685298236,1.7270689792860654,1.2325980398816057,2.873617317021415,-3.009490911188696,0.009521950809447378,-2.4472858440612044,0.32944806456685055,5.451149914772771,1.9726939528996255
0.7237103191639058,0.943097564274017,-4.209685201129312,5.140427951935198,-0.8128274501872391,0.8766573501580374,-1.3569531930246475,-1.122283356720005,-0.26897679562189875,-6.290807782945164,1.4859914597897295,1.7399983345437597,3.6676526995420073,0.4118337255345562,4.3126795309465775,-1.7620644339177092,-3.500227676323233,-3.7642300745543062,0.3126677729764871,1.7270689792860654,3.116829241110977,0.4666795359023939,3.2899024201286604,-2.6956105703182645,0.2534368612332845,-4.98144537907551,0.46572259761231705,7.641295423252786,2.924858944159122
-0.39435107861444285,0.2842960871628346,-1.7163196261732043,2.320457813419669,-0.6434773286712703,-0.02002172738427571,-0.5999477381199216,-0.7574096939911693,-0.7164013782095895,-1.1151229835805079,-0.43647475294489874,0.3832482622752033,1.4080588224430828,-0.5956730044509647,1.2349742401660844,-0.8971726087095903,-0.3517660046379752,-1.0101448210151587,0.21669654390146492,1.2325980398816057,0.4666795359023939,0.9111254986465928,1.3329753634536765,-1.580326753296516,-0.08404519169497565,-0.5355265265779661,0.0886860137671404,2.1533180747359437,0.7532369183549462
0.23996642339039873,1.1521313528480308,-5.719038306384935,7.189700226400491,-1.4503267809668798,0.7743604858411829,-1.799056138943514,-1.7069764955280584,-0.9752452957535287,-6.861728822977557,0.8096842780825753,2.053795905788587,4.874407228012394,-0.29672816148302544,5.30198474897751,-2.539420285171642,-3.468821438278709,-4.493260589534162,0.3722979907701552,2.873617317021415,3.2899024201286604,1.3329753634536765,4.433029465136818,-4.1932182056287814,0.12342230768366917,-5.033996696744622,0.5285045217785183,9.245237347873935,3.370734437771822
0.17699465127276245,-1.1329341740258612,5.666134568218174,-6.806019373606474,1.532373544271963,-0.5038894696617313,1.7755120299165377,1.6923842980946027,1.3222293941552958,5.492278799407401,-0.05031918224648057,-1.984416071897479,-4.780054729145956,0.9793500055328418,-4.841787972401505,2.4871752368041333,2.6243524821705835,3.9925486991015253,-0.38438143928474744,-3.009490911188696,-2.6956105703182645,-1.580326753296516,-4.1932182056287814,4.3921321220841625,-0.07082697912348043,3.846642526559735,-0.48756380183465364,-8.14154932094258,-2.973887306997993
0.09687746143452948,0.1049671770524064,-0.21248618998796043,-0.0403722397597479,0.03519868042312123,0.05623675970002605,-0.13751537410243703,0.07822139185402409,0.008252931606273025,-0.15808035779058321,0.1275139172418116,0.2920762845940544,0.18804663762753226,-0.07819305700789637,0.25441353496164415,0.03579811004379246,-0.19287357737887384,-0.1269634389056485,0.05518309080320267,0.009521950809447378,0.2534368612332845,-0.08404519169497565,0.12342230768366917,-0.07082697912348043,0.1693196282032846,-0.24424948317770195,0.03223411252289785,0.18879062476303915,0.18069074151390338
-1.361420047430132,-1.3578807157051922,6.2497673820367785,-8.110339948227837,1.1795792124529927,-1.50948215792195,1.9370666267235281,1.8009094638648981,0.11548796616823649,10.548607407345349,-2.774469945410835,-2.4132989483622125,-5.492586025776112,-1.259161056412673,-6.6640881924886655,2.7644034639751927,5.87273336759364,6.031954483501567,-0.41423709718538776,-2.4472858440612044,-4.98144537907551,-0.5355265265779661,-5.033996696744622,3.846642526559735,-0.24424948317770195,8.351353733341048,-0.714044080708881,-12.337707318593727,-4.6058158449265525
0.09319868302502926,0.1850877142966545,-0.694455816291026,0.8185536509142414,-0.10868119292145556,0.1234206526379209,-0.20286235079379067,-0.11792305812900891,-0.07357348082398386,-0.9537980711134949,0.13019822003280127,0.2940507872093932,0.6445181782495408,0.0136673178249142,0.7119203667506891,-0.2557535481583019,-0.42556029623742453,-0.5940526246689694,0.03544883652930168,0.32944806456685055,0.46572259761231705,0.0886860137671404,0.5285045217785183,-0.48756380183465364,0.03223411252289785,-0.714044080708881,0.12364725028430593,1.1700501002601547,0.4643500240789283
1.2456218201411258,2.3568495483502803,-11.808271286538465,15.198953511424785,-2.804187611402133,2.0377031524993736,-3.5771035110428837,-3.5925228270619725,-1.3221963069447804,-16.356554950918728,3.007959688106217,4.179629025974786,10.07441725876876,0.5590943085686941,11.516408807824916,-5.319653680609583,-8.619076447239069,-10.049888222006505,0.681025840235426,5.451149914772771,7.641295423252786,2.1533180747359437,9.245237347873935,-8.14154932094258,0.18879062476303915,-12.337707318593727,1.1700501002601547,20.771603664006367,7.500290225945622
0.4785330352549925,0.9862761722469904,-4.352550294932416,5.341735140144189,-0.9061030233832953,0.7460122471772165,-1.4541175434740057,-1.3132234270856828,-0.5391179766045522,-5.951121976438573,1.1113176539774203,1.6404583034483027,3.803722385601757,0.12720171394585872,4.227619970068353,-1.8970003990544217,-3.2061308697486988,-3.7298368053298168,0.4454097038484671,1.9726939528996255,2.924858944159122,0.7532369183549462,3.370734437771822,-2.973887306997993,0.18069074151390338,-4.6058158449265525,0.4643500240789283,7.500290225945622,2.934616367194115
