V1,V2,V3,V4,V5,V6,V7,V8,V9,V10,V11,V12,V13,V14,V15,V16,V17,V18,V19,V20,V21,V22,V23,V24,V25,V26,V27,V28,V29
0.7506658196067868,-0.7646867989881309,-0.7968052464181924,0.8952174752126462,0.41720302092954875,-0.21460190396413886,0.5597048537896138,0.6988037967074697,-0.1868678122445456,-1.2337711841849441,0.0932909035799465,-0.17229684565694256,-1.458091177935034,-1.181689923254409,0.48790355562252097,0.10016858463160637,-0.28319247090635763,0.3905858526761585,0.5110909518141264,-0.31314188955370664,0.5788076108607664,0.981699846419716,0.5694847415347135,0.17920727663684552,-1.5383257359088363,1.0632456962735894,-0.6474678971303717,0.09771071675854859,-0.4716976734902274
-0.7646867989881309,1.6746428454439273,0.13191136309282822,-1.448750093689366,0.3378836436668159,1.2261700170269805,-1.262443574176957,-1.05856028628765,0.12463467582740885,2.173265620258095,0.00459701783364692,-0.7595448119534857,1.5207897458386357,1.7028161767461987,-0.8052520877945744,0.14608229070804277,0.6380669309001095,-0.7776503673852708,-0.021705947688210887,0.25274428586865355,-0.045832739347833454,-0.9954487708648615,-0.7372580209281933,0.09784712102674502,2.7101503969413994,-1.2656978502432874,0.5647373182079569,0.14078109216626977,2.287969478376569
-0.7968052464181924,0.13191136309282822,1.8057417348119218,-0.6116251537209569,-1.34384300848864,-0.654861972205964,0.11039341380054923,-0.2925465125984857,0.4104577122196802,0.42540340404833515,-0.12325518183863492,1.330017516947044,1.3020489243956372,0.7254790276489395,-0.3990027192643068,-0.46526139067045214,-0.00480033988123154,-0.11228715506180238,-1.1858717796270704,0.40862950821719046,-1.0388283976811201,-1.3259964144418506,-0.6403723079578582,-0.33574679523882267,0.7955483057466798,-0.6500121804410832,0.6305470487800292,-0.4722311452102076,-1.2401099286943087
0.8952174752126462,-1.448750093689366,-0.6116251537209569,2.1916713936537855,0.08591434018890014,-0.9604083522258197,1.0357115141498137,0.9729824679342945,0.24473179670106263,-2.046113472476771,0.1354971883261825,0.3510245789825341,-1.261360778142425,-1.7324145819490295,0.8550551389247563,-0.01595915680778251,-0.4768608621796376,0.9127978904127471,0.4956665939011439,-0.5381516285418491,0.5150748695323167,1.6711264206604675,1.1066030496521486,0.12866108755054181,-2.5981014564392413,1.647178171366151,-0.9016260604160324,-0.13672217254902705,-1.6445303281126638
0.41720302092954875,0.3378836436668159,-1.34384300848864,0.08591434018890014,1.7257710575037897,0.8583754561259045,-0.4560188030121375,0.23296809655639075,-0.11673441155558949,-0.05466857998520456,0.09292865569566142,-1.5243312868229761,-1.1454642656874547,0.012834442165896028,0.2370035800419441,0.48890377382552297,0.2654080986076187,-0.09554152602492101,0.8773978027098177,-0.020911470673361413,1.0763240326259715,0.9378822958736037,0.439754374693481,0.20173038426774853,-0.31175159318939505,0.14286122151763184,-0.4153772630491623,0.49017641219100366,1.5567809099065333
-0.21460190396413886,1.2261700170269805,-0.654861972205964,-0.9604083522258197,0.8583754561259045,1.3632398933484304,-0.9381112043787616,-0.7814502979697074,-0.16753669756397926,1.4762364306239981,-0.06636296786506907,-1.2233561830598747,0.35378201325742403,0.9217233952575017,-0.4450376503601558,0.32319717398367304,0.5059136562234158,-0.5482365542284522,0.39778804559176756,0.07710890037030128,0.39203685986486264,-0.22005740429799378,-0.46434661503208646,0.24977638449618023,1.6929983052728603,-0.701937831202383,0.11377050580737429,0.2954435045228849,2.3143210431007772
0.5597048537896138,-1.262443574176957,0.11039341380054923,1.0357115141498137,-0.4560188030121375,-0.9381112043787616,1.0695201567387862,0.7779667755437233,-0.05782956236251014,-1.6914926355029056,0.0010636305201012933,0.770674069447288,-1.2233238474718422,-1.3711355721495289,0.5418787529429684,-0.20215561318284317,-0.5081351398097259,0.6108652210123309,-0.16811196805770126,-0.15843370988649855,-0.024967367245825545,0.6046035266770754,0.38758786312115473,-0.03778193112327099,-2.0029370126480863,1.1033910453317635,-0.47837492168233686,-0.2321112254142771,-1.8836366704552014
0.6988037967074697,-1.05856028628765,-0.2925465125984857,0.9729824679342945,0.23296809655639075,-0.7814502979697074,0.7779667755437233,1.3017965693422713,0.07455962136081346,-1.7980580098393768,0.27170353813433445,0.3939484153661675,-1.6948120669870923,-1.2412911458030804,0.5570800358589516,-0.09177137483454206,-0.39734174526840116,0.4568309421431936,0.25787662884185925,-0.21633745858691314,0.5835632992229854,0.7514794210541339,0.7869624148877303,0.03739014852982557,-2.0800231241225364,1.2999135410901268,-0.604971636911375,0.03434094184504198,-1.382261282560707
-0.1868678122445456,0.12463467582740885,0.4104577122196802,0.24473179670106263,-0.11673441155558949,-0.16753669756397926,-0.05782956236251014,0.07455962136081346,0.4715236170556233,7.307483605758212e-4,0.14113931570333063,0.2754772916080895,0.3782519114377915,0.22529323940502308,-0.08445911233570122,-0.1196201377406229,0.05631085904812078,0.06772336084744662,-0.1659307799531893,0.03244859556384381,0.035702071348427025,-0.05622991018349747,0.0649275508309577,-0.020547512010871533,0.11970677747555343,0.16370698397024616,-0.017684864228791945,-0.17972670622078604,-0.23706091185838155
-1.2337711841849441,2.173265620258095,0.42540340404833515,-2.046113472476771,-0.05466857998520456,1.4762364306239981,-1.6914926355029056,-1.7980580098393768,7.307483605758212e-4,3.302336433193154,-0.24666444119480796,-0.765117739090066,2.7931683298800603,2.4767229320084825,-1.1014735827424238,0.17163681381312096,0.8647687078832004,-1.0961812935919393,-0.18854334521993962,0.30811944410826075,-0.6111884692563581,-1.6035875842247038,-1.1020608123171476,0.02061694762543636,3.932226614681512,-2.2993600931444305,1.09989135230822,0.2134457148248334,2.840192561657539
0.0932909035799465,0.00459701783364692,-0.12325518183863492,0.1354971883261825,0.09292865569566142,-0.06636296786506907,0.0010636305201012933,0.27170353813433445,0.14113931570333063,-0.24666444119480796,0.33453223639988716,0.05209900379475831,-0.1783733609764563,-0.12802357477849313,-0.041009599204273765,-0.0677630329453472,-0.09284377629079359,0.05282844967284067,0.10512001556693411,-0.054202080541176985,0.27282876331900213,0.09908080782411205,0.11899075711836007,0.0438530948742299,-0.11523151273035181,0.4913777639650878,-0.15539159789658358,-0.08130556176903792,0.00467175779033437
-0.17229684565694256,-0.7595448119534857,1.330017516947044,0.3510245789825341,-1.5243312868229761,-1.2233561830598747,0.770674069447288,0.3939484153661675,0.2754772916080895,-0.765117739090066,0.05209900379475831,1.700119871508586,0.3896406253856958,-0.4557277819856924,0.014839392418662015,-0.5400210177203825,-0.39082233308518133,0.29781590798121865,-0.8353338918519234,-0.007323083722554035,-0.7694033072634151,-0.6247169647587808,-0.07449235341268333,-0.20767140533665385,-0.6268409309426802,0.4116683558814367,0.15094356010508095,-0.4910869042730341,-2.1944698575789916
-1.458091177935034,1.5207897458386357,1.3020489243956372,-1.261360778142425,-1.1454642656874547,0.35378201325742403,-1.2233238474718422,-1.6948120669870923,0.3782519114377915,2.7931683298800603,-0.1783733609764563,0.3896406253856958,3.801902625210464,2.2854810297398753,-0.9669168494728503,-0.14900547983580978,0.5496022173590551,-0.7003972946201119,-0.6652027528618387,0.25681014532391794,-1.320700085351254,-1.6476881697971966,-0.8765737406054132,-0.2674145513729079,3.413156973891699,-2.1630053598568764,1.2990446974994263,-0.19189270630614721,1.1627739476277645
-1.181689923254409,1.7028161767461987,0.7254790276489395,-1.7324145819490295,0.012834442165896028,0.9217233952575017,-1.3711355721495289,-1.2412911458030804,0.22529323940502308,2.4767229320084825,-0.12802357477849313,-0.4557277819856924,2.2854810297398753,2.262685197126221,-0.8684360328359167,0.07670753974433987,0.6777292846115133,-0.8652716087528517,-0.39658842166572045,0.4837114557227209,-0.5524542029533382,-1.4445822885616053,-0.8481360121156322,-0.1830488847811191,2.9743122554778556,-1.969582543775247,1.0369417546447752,0.11536190465326608,1.8617537988623534
0.48790355562252097,-0.8052520877945744,-0.3990027192643068,0.8550551389247563,0.2370035800419441,-0.4450376503601558,0.5418787529429684,0.5570800358589516,-0.08445911233570122,-1.1014735827424238,-0.041009599204273765,0.014839392418662015,-0.9669168494728503,-0.8684360328359167,0.5154746520912348,0.06440008343318451,-0.23663005727380312,0.39351214350329633,0.24565856612491704,-0.16438140771970078,0.248619874844172,0.7957209790179894,0.5366079357192507,7.713694947857069e-4,-1.486744031625908,0.6066400349088772,-0.3794953238257064,0.06586782293767487,-0.8110928254564536
0.10016858463160637,0.14608229070804277,-0.46526139067045214,-0.01595915680778251,0.48890377382552297,0.32319717398367304,-0.20215561318284317,-0.09177137483454206,-0.1196201377406229,0.17163681381312096,-0.0677630329453472,-0.5400210177203825,-0.14900547983580978,0.07670753974433987,0.06440008343318451,0.2031212537361865,0.1096198529236057,-0.06377485120329478,0.315849461330047,-0.02963864569064732,0.21798695561977893,0.2863540776071804,0.11017512001715675,0.05511554818630639,0.0718639517597695,-0.16241966572175656,-0.05365457792854068,0.19166333333244498,0.6102954675573322
-0.28319247090635763,0.6380669309001095,-0.00480033988123154,-0.4768608621796376,0.2654080986076187,0.5059136562234158,-0.5081351398097259,-0.39734174526840116,0.05631085904812078,0.8647687078832004,-0.09284377629079359,-0.39082233308518133,0.5496022173590551,0.6777292846115133,-0.23663005727380312,0.1096198529236057,0.35011640544811984,-0.31314037381993837,0.04671926662056214,0.06576043034666897,0.04070674784871134,-0.31628847588018866,-0.1756731425313586,0.07212114473049,0.9644653163979022,-0.6236546957107278,0.2145706684207628,0.16116272495566847,0.949651253079808
0.3905858526761585,-0.7776503673852708,-0.11228715506180238,0.9127978904127471,-0.09554152602492101,-0.5482365542284522,0.6108652210123309,0.4568309421431936,0.06772336084744662,-1.0961812935919393,0.05282844967284067,0.29781590798121865,-0.7003972946201119,-0.8652716087528517,0.39351214350329633,-0.06377485120329478,-0.31314037381993837,0.4695719280005625,0.037935930995465876,-0.1332777615559452,0.10865871363694762,0.6741111285549456,0.3702113204848634,-0.01614838998923033,-1.330542276970771,0.799624272130122,-0.3884454929055551,-0.1611827528815329,-1.0407099226891123
0.5110909518141264,-0.021705947688210887,-1.1858717796270704,0.4956665939011439,0.8773978027098177,0.39778804559176756,-0.16811196805770126,0.25787662884185925,-0.1659307799531893,-0.18854334521993962,0.10512001556693411,-0.8353338918519234,-0.6652027528618387,-0.39658842166572045,0.24565856612491704,0.315849461330047,0.04671926662056214,0.037935930995465876,0.900746569215768,-0.3612811520641035,0.7243334457832382,0.8870467412619416,0.5697027310948796,0.24749639616954855,-0.4003345510325526,0.4042204047752584,-0.40745142437524345,0.3583578825669849,0.8767804961562445
-0.31314188955370664,0.25274428586865355,0.40862950821719046,-0.5381516285418491,-0.020911470673361413,0.07710890037030128,-0.15843370988649855,-0.21633745858691314,0.03244859556384381,0.30811944410826075,-0.054202080541176985,-0.007323083722554035,0.25681014532391794,0.4837114557227209,-0.16438140771970078,-0.02963864569064732,0.06576043034666897,-0.1332777615559452,-0.3612811520641035,0.3326156071991049,-0.2375915260466818,-0.4234361613169867,-0.3474555077425002,-0.17115398136427087,0.42015203736248874,-0.4427644110469559,0.26820889304121404,-0.07779481117776345,0.060016295909937054
0.5788076108607664,-0.045832739347833454,-1.0388283976811201,0.5150748695323167,1.0763240326259715,0.39203685986486264,-0.024967367245825545,0.5835632992229854,0.035702071348427025,-0.6111884692563581,0.27282876331900213,-0.7694033072634151,-1.320700085351254,-0.5524542029533382,0.248619874844172,0.21798695561977893,0.04070674784871134,0.10865871363694762,0.7243334457832382,-0.2375915260466818,1.0555724535832085,0.8767801546878881,0.5200400367438442,0.29880412252998173,-0.7656873789613767,0.894703373205662,-0.6332178981159192,0.2407638603750614,0.6756145960911779
0.981699846419716,-0.9954487708648615,-1.3259964144418506,1.6711264206604675,0.9378822958736037,-0.22005740429799378,0.6046035266770754,0.7514794210541339,-0.05622991018349747,-1.6035875842247038,0.09908080782411205,-0.6247169647587808,-1.6476881697971966,-1.4445822885616053,0.7957209790179894,0.2863540776071804,-0.31628847588018866,0.6741111285549456,0.8870467412619416,-0.4234361613169867,0.8767801546878881,1.8576364889975374,0.9833582753302066,0.18946045624384283,-2.170031177637019,1.3441321214109119,-0.924809685868723,0.13478635314057794,-0.38410376767956916
0.5694847415347135,-0.7372580209281933,-0.6403723079578582,1.1066030496521486,0.439754374693481,-0.46434661503208646,0.38758786312115473,0.7869624148877303,0.0649275508309577,-1.1020608123171476,0.11899075711836007,-0.07449235341268333,-0.8765737406054132,-0.8481360121156322,0.5366079357192507,0.11017512001715675,-0.1756731425313586,0.3702113204848634,0.5697027310948796,-0.3474555077425002,0.5200400367438442,0.9833582753302066,0.8944514649833301,0.08184256596240774,-1.4772083039172457,0.7496127411272078,-0.4597046095726269,0.19416430808831575,-0.5962663262660152
0.17920727663684552,0.09784712102674502,-0.33574679523882267,0.12866108755054181,0.20173038426774853,0.24977638449618023,-0.03778193112327099,0.03739014852982557,-0.020547512010871533,0.02061694762543636,0.0438530948742299,-0.20767140533665385,-0.2674145513729079,-0.1830488847811191,7.713694947857069e-4,0.05511554818630639,0.07212114473049,-0.01614838998923033,0.24749639616954855,-0.17115398136427087,0.29880412252998173,0.18946045624384283,0.08184256596240774,0.19800631229948237,0.031511285235753146,0.2615291023786202,-0.21717652710032775,0.07269405860968021,0.40191377116082516
-1.5383257359088363,2.7101503969413994,0.7955483057466798,-2.5981014564392413,-0.31175159318939505,1.6929983052728603,-2.0029370126480863,-2.0800231241225364,0.11970677747555343,3.932226614681512,-0.11523151273035181,-0.6268409309426802,3.413156973891699,2.9743122554778556,-1.486744031625908,0.0718639517597695,0.9644653163979022,-1.330542276970771,-0.4003345510325526,0.42015203736248874,-0.7656873789613767,-2.170031177637019,-1.4772083039172457,0.031511285235753146,4.963271438560851,-2.505508233195408,1.2820825264694236,0.06717143361171592,3.292103827907979
1.0632456962735894,-1.2656978502432874,-0.6500121804410832,1.647178171366151,0.14286122151763184,-0.701937831202383,1.1033910453317635,1.2999135410901268,0.16370698397024616,-2.2993600931444305,0.4913777639650878,0.4116683558814367,-2.1630053598568764,-1.969582543775247,0.6066400349088772,-0.16241966572175656,-0.6236546957107278,0.799624272130122,0.4042204047752584,-0.4427644110469559,0.894703373205662,1.3441321214109119,0.7496127411272078,0.2615291023786202,-2.505508233195408,2.379606811743544,-1.1505820569595533,-0.2902958086148198,-1.4564198027180972
-0.6474678971303717,0.5647373182079569,0.6305470487800292,-0.9016260604160324,-0.4153772630491623,0.11377050580737429,-0.47837492168233686,-0.604971636911375,-0.017684864228791945,1.09989135230822,-0.15539159789658358,0.15094356010508095,1.2990446974994263,1.0369417546447752,-0.3794953238257064,-0.05365457792854068,0.2145706684207628,-0.3884454929055551,-0.40745142437524345,0.26820889304121404,-0.6332178981159192,-0.924809685868723,-0.4597046095726269,-0.21717652710032775,1.2820825264694236,-1.1505820569595533,0.6968722580594946,0.021230115402714005,0.3349605387677984
0.09771071675854859,0.14078109216626977,-0.4722311452102076,-0.13672217254902705,0.49017641219100366,0.2954435045228849,-0.2321112254142771,0.03434094184504198,-0.17972670622078604,0.2134457148248334,-0.08130556176903792,-0.4910869042730341,-0.19189270630614721,0.11536190465326608,0.06586782293767487,0.19166333333244498,0.16116272495566847,-0.1611827528815329,0.3583578825669849,-0.07779481117776345,0.2407638603750614,0.13478635314057794,0.19416430808831575,0.07269405860968021,0.06717143361171592,-0.2902958086148198,0.021230115402714005,0.3304913219145028,0.6060412588863231
-0.4716976734902274,2.287969478376569,-1.2401099286943087,-1.6445303281126638,1.5567809099065333,2.3143210431007772,-1.8836366704552014,-1.382261282560707,-0.23706091185838155,2.840192561657539,0.00467175779033437,-2.1944698575789916,1.1627739476277645,1.8617537988623534,-0.8110928254564536,0.6102954675573322,0.949651253079808,-1.0407099226891123,0.8767804961562445,0.060016295909937054,0.6756145960911779,-0.38410376767956916,-0.5962663262660152,0.40191377116082516,3.292103827907979,-1.4564198027180972,0.3349605387677984,0.6060412588863231,4.3209532961176365
