V1,V2,V3,V4,V5,V6,V7,V8,V9,V10,V11,V12,V13,V14,V15,V16,V17,V18,V19,V20,V21,V22,V23,V24,V25,V26,V27,V28,V29
0.2923137293687114,0.7535604615626823,0.18780983055670292,0.13297865761797348,-0.2925241652899328,0.5941077404264757,0.2779457397196046,-0.5943273729899249,-0.3862635802105225,-1.2033831596637283,0.8201431346313997,0.2657123947049344,-0.3899526933606544,0.9886568351681904,0.41471274717046286,0.3504954699095223,0.984368229923368,-0.002902015572473656,1.477314187319575,-0.2960749869913145,-0.7653613661604757,-0.344507716059255,1.0907220083370412,0.5356591546197451,-0.16983026425774952,-0.016826081281713014,-0.7069439695613547,1.6124915511670965,0.9825281745340236
0.7535604615626823,2.6616489750630765,0.61185485348485,1.0227877848655567,-1.2438356984132972,1.3345966412796386,1.173842667795894,-0.61659317192349,-0.6530735233705696,-2.058814257657353,1.620711903659138,0.36485772180095,-0.7890406635026898,2.560545436854398,0.7975058867294245,1.1042850536624882,2.544041758028159,0.17828347102854192,2.535325729963922,-0.4474701838329153,-2.270133408997019,-0.2457116631937894,2.6693494598862637,0.9298093877270609,-0.4350069774604067,-0.05400117615847186,-2.188343749025288,4.12726869949229,1.9746541302445075
0.18780983055670292,0.61185485348485,0.5529281357361729,0.08242440857328083,-0.3123268216020086,1.1002535011942818,0.3027209017850686,-0.7776825338605888,-0.13434094316697462,-1.327684057458906,0.2540285504327907,-0.17707207221136578,-0.6135250075496913,0.8991105761762428,0.3378781014543933,0.3885614435588658,0.9074870354908353,0.3235059300580237,0.7257504647206107,-0.014238033287328361,-0.7878743812662905,-0.14303973911661244,0.7368326412730152,0.3041534350938826,0.01809655290866255,-0.7416512940190847,-0.844723915222618,1.3272270193566846,0.4673949987343287
0.13297865761797348,1.0227877848655567,0.08242440857328083,0.904995904427171,-0.6906276261486807,-0.27075812233237867,0.638158748133751,0.9860421679308836,0.2140628472075786,1.0145902740039325,-0.29867192586936936,-0.24761404818183858,0.34624984029513234,0.1527154306153557,-0.2776422685070241,0.242917348636453,0.05462833422427955,0.1912362444070052,-0.9950249230569254,0.19086658616034854,-0.4008915414863157,0.6710582400986843,0.09698511926628564,-0.4313433792456552,-0.11231934257346944,0.061737406055594315,-0.5698116334215649,0.226064643133073,-0.3825540881773732
-0.2925241652899328,-1.2438356984132972,-0.3123268216020086,-0.6906276261486807,0.751244975596484,-0.5066403097556135,-0.5842705522483047,-0.0539628013154028,0.13714340116717047,0.3705515015575308,-0.22911549125650663,0.08331318742774602,0.1526164229886637,-0.8737353131686563,-0.17034706912212016,-0.4663376973396524,-0.8220902134477411,-0.2609820423773315,-0.3761413253616642,0.04559062148809417,0.8331966785862361,-0.23344166718548212,-0.8377059796676068,-0.08021931139035819,0.17496720707436172,0.21816381861582498,1.0241920029719054,-1.5065219437890707,-0.39543835886959555
0.5941077404264757,1.3345966412796386,1.1002535011942818,-0.27075812233237867,-0.5066403097556135,2.932037432070734,0.3355824041832161,-2.799661543788746,-0.9055058255312904,-4.489537528430217,1.5786819098514655,0.17598374382993817,-1.7754185826840605,2.719049826361355,1.3157583008456393,0.9587893681263395,2.868507897829878,0.49550277167568285,3.8677912529863523,-0.5503813245100516,-1.9900463982527432,-1.1169729830932806,2.575352022720451,1.460682374504402,-0.15877192185410552,-1.3773239222239648,-2.0058659681213302,4.389442492194715,2.298841845838756
0.2779457397196046,1.173842667795894,0.3027209017850686,0.638158748133751,-0.5842705522483047,0.3355824041832161,0.7396502927026128,0.1995674801452058,-0.029557761793243337,-0.2957892980997171,0.4203479085667945,-0.057841113139272635,-0.14891134381311427,0.8500317407044053,0.07202555386382592,0.4313776677008702,0.7522011066213561,0.13452999622047762,0.23522471381063295,-0.014068685997442477,-0.9446870800336549,0.18929038037241533,0.8270229043992262,0.09764473589318112,-0.11066346132122232,-0.09490745734372574,-0.8909947805244051,1.1212703284853358,0.3884456105110462
-0.5943273729899249,-0.61659317192349,-0.7776825338605888,0.9860421679308836,-0.0539628013154028,-2.799661543788746,0.1995674801452058,3.62507535880415,1.3110590028774323,5.429675610965485,-2.3237632622491162,-0.753251096029378,1.9306084104737413,-2.731201234508132,-1.6674370247507182,-0.7034841628946006,-2.883686064970257,-0.05909203034962482,-5.461815207669858,0.954886751733576,1.6701683687694073,1.8442557429481365,-2.8484229308375553,-2.0575564920196814,0.2311880302880494,0.9301547471531526,1.5384688905534667,-4.562422653256193,-3.075796948949753
-0.3862635802105225,-0.6530735233705696,-0.13434094316697462,0.2140628472075786,0.13714340116717047,-0.9055058255312904,-0.029557761793243337,1.3110590028774323,0.7823744970722621,2.184361546425006,-1.3774784328137744,-0.6144745491963698,0.661867983765868,-1.3317184945577112,-0.7846756177985438,-0.4028048861663097,-1.3938405926362425,0.1297307825271965,-2.7917548944453037,0.6048960130553628,0.8475766268364731,0.8558013387786211,-1.593912694277173,-1.0295711472831082,0.25448189164628937,-0.08874798952810849,0.7177201787406025,-2.364691448558212,-1.730571935633036
-1.2033831596637283,-2.058814257657353,-1.327684057458906,1.0145902740039325,0.3705515015575308,-4.489537528430217,-0.2957892980997171,5.429675610965485,2.184361546425006,8.754176711896065,-4.325763784823895,-1.360676717827626,3.128834471373192,-5.13762619210235,-2.747001580162949,-1.4999367914279738,-5.342785245048036,-0.033592806238444246,-9.158867438956985,1.6217572934823754,3.50084218219208,2.873241146594319,-5.402408475255004,-3.473664948801306,0.5274279274997313,1.144692369118727,3.098696043240076,-8.348906793129942,-5.4660306961606135
0.8201431346313997,1.620711903659138,0.2540285504327907,-0.29867192586936936,-0.22911549125650663,1.5786819098514655,0.4203479085667945,-2.3237632622491162,-1.3774784328137744,-4.325763784823895,3.328153863877835,1.3540172392966843,-1.3901585260735043,3.1222012382780626,1.511743925304515,0.8669972215709472,3.2097932070131034,-0.5222148401884484,5.790920023293723,-1.1839415069189398,-2.2061238673811383,-1.7509217609708758,3.5946611220954816,2.195408854298501,-0.5248567052506281,0.6188432116844194,-1.5943356404677023,4.95911206145038,3.7092648901754046
0.2657123947049344,0.36485772180095,-0.17707207221136578,-0.24761404818183858,0.08331318742774602,0.17598374382993817,-0.057841113139272635,-0.753251096029378,-0.6144745491963698,-1.360676717827626,1.3540172392966843,0.7531024871103413,-0.3524584564279895,0.9122256652320895,0.5827348198725599,0.19277481996538712,0.965857891261851,-0.4163361733686692,2.3346124493827354,-0.5489395644910753,-0.5381563676167366,-0.768639035623024,1.2428284867251158,0.8933854016068886,-0.24406200948641968,0.6581393814071801,-0.2464132706399472,1.61277540812615,1.4924179032112677
-0.3899526933606544,-0.7890406635026898,-0.6135250075496913,0.34624984029513234,0.1526164229886637,-1.7754185826840605,-0.14891134381311427,1.9306084104737413,0.661867983765868,3.128834471373192,-1.3901585260735043,-0.3524584564279895,1.2453467835431138,-1.8914772807728626,-0.976720567699303,-0.601030323487613,-2.0077540730375794,-0.0934016122432751,-2.9868571175689334,0.45191833763766076,1.3702683445161088,0.9463756175676843,-1.8789481785340003,-1.1894741952407692,0.11899438221898402,0.5832855933147972,1.1890838514803874,-3.000054244934303,-1.8152163982304281
0.9886568351681904,2.560545436854398,0.8991105761762428,0.1527154306153557,-0.8737353131686563,2.719049826361355,0.8500317407044053,-2.731201234508132,-1.3317184945577112,-5.13762619210235,3.1222012382780626,0.9122256652320895,-1.8914772807728626,4.014452610507708,1.7188048278920847,1.3368244796019404,4.128937661342824,0.009127082263790401,5.83758019877779,-1.0118421283200352,-3.037402915925509,-1.4924369335535161,4.167350617862971,2.1880443877718934,-0.5266819188505896,-0.299788497809594,-2.708986266724355,6.408709324690316,3.765695666596456
0.41471274717046286,0.7975058867294245,0.3378781014543933,-0.2776422685070241,-0.17034706912212016,1.3157583008456393,0.07202555386382592,-1.6674370247507182,-0.7846756177985438,-2.747001580162949,1.511743925304515,0.5827348198725599,-0.976720567699303,1.7188048278920847,0.9619133284554627,0.5256174411598648,1.8112414103001497,-0.08440742409054118,3.138508214103521,-0.5811313245639993,-1.1632904202676666,-0.9517812287013576,1.8790628491570476,1.2045855212763248,-0.22712368502426583,-0.125229226153672,-1.0073046006397226,2.9323921201365124,1.9305469802805837
0.3504954699095223,1.1042850536624882,0.3885614435588658,0.242917348636453,-0.4663376973396524,0.9587893681263395,0.4313776677008702,-0.7034841628946006,-0.4028048861663097,-1.4999367914279738,0.8669972215709472,0.19277481996538712,-0.601030323487613,1.3368244796019404,0.5256174411598648,0.5690965862026888,1.3817274341407049,0.12233765294482302,1.569369836321496,-0.261799248489549,-1.120283265574972,-0.3321473741381972,1.370965011146531,0.6163633741822508,-0.15677570642247302,-0.1959479570540317,-1.0257619152297794,2.1567786265362447,1.1318663909364746
0.984368229923368,2.544041758028159,0.9074870354908353,0.05462833422427955,-0.8220902134477411,2.868507897829878,0.7522011066213561,-2.883686064970257,-1.3938405926362425,-5.342785245048036,3.2097932070131034,0.965857891261851,-2.0077540730375794,4.128937661342824,1.8112414103001497,1.3817274341407049,4.341596484472935,0.007395458893536603,6.0893816272258645,-1.046274942080042,-3.0888073262029243,-1.6194889292248484,4.276847646606109,2.293057158191472,-0.5328964389239902,-0.2785312567627514,-2.694474901652755,6.644674163224662,3.9263548149444802
-0.002902015572473656,0.17828347102854192,0.3235059300580237,0.1912362444070052,-0.2609820423773315,0.49550277167568285,0.13452999622047762,-0.05909203034962482,0.1297307825271965,-0.033592806238444246,-0.5222148401884484,-0.4163361733686692,-0.0934016122432751,0.009127082263790401,-0.08440742409054118,0.12233765294482302,0.007395458893536603,0.4064779138749798,-0.620118004664494,0.18967779578106853,-0.08057828196073576,0.2741168041892648,-0.18342763362256184,-0.2659140594680318,0.0786666824599057,-0.6757766238258689,-0.3183638340187428,0.018888627874535154,-0.40606038228663494
1.477314187319575,2.535325729963922,0.7257504647206107,-0.9950249230569254,-0.3761413253616642,3.8677912529863523,0.23522471381063295,-5.461815207669858,-2.7917548944453037,-9.158867438956985,5.790920023293723,2.3346124493827354,-2.9868571175689334,5.83758019877779,3.138508214103521,1.569369836321496,6.0893816272258645,-0.620118004664494,11.390461084249738,-2.259615490541439,-3.7901724835457062,-3.4896077943393764,6.573976412353179,4.2169950767974544,-0.9387999643763442,0.2822556933448916,-3.1132824686402927,9.764083318285682,6.9243486622220685
-0.2960749869913145,-0.4474701838329153,-0.014238033287328361,0.19086658616034854,0.04559062148809417,-0.5503813245100516,-0.014068685997442477,0.954886751733576,0.6048960130553628,1.6217572934823754,-1.1839415069189398,-0.5489395644910753,0.45191833763766076,-1.0118421283200352,-0.5811313245639993,-0.261799248489549,-1.046274942080042,0.18967779578106853,-2.259615490541439,0.5101178107362979,0.6183529659075908,0.7012605114362247,-1.2471089473450119,-0.8195359436019202,0.218476618434098,-0.2329278121580688,0.476319814899137,-1.7587521718159251,-1.3882121751059768
-0.7653613661604757,-2.270133408997019,-0.7878743812662905,-0.4008915414863157,0.8331966785862361,-1.9900463982527432,-0.9446870800336549,1.6701683687694073,0.8475766268364731,3.50084218219208,-2.2061238673811383,-0.5381563676167366,1.3702683445161088,-3.037402915925509,-1.1632904202676666,-1.120283265574972,-3.0888073262029243,-0.08057828196073576,-3.7901724835457062,0.6183529659075908,2.51609426727409,0.8693785116280893,-3.1095518442159205,-1.4772526601986977,0.3581379308957658,0.2941088748154774,2.1998019906873734,-4.686344239683284,-2.6170416421157037
-0.344507716059255,-0.2457116631937894,-0.14303973911661244,0.6710582400986843,-0.23344166718548212,-1.1169729830932806,0.18929038037241533,1.8442557429481365,0.8558013387786211,2.873241146594319,-1.7509217609708758,-0.768639035623024,0.9463756175676843,-1.4924369335535161,-0.9517812287013576,-0.3321473741381972,-1.6194889292248484,0.2741168041892648,-3.4896077943393764,0.7012605114362247,0.8693785116280893,1.2689660313122335,-1.7463770855919296,-1.3418350480219499,0.19572784451663822,-0.11667317671846357,0.5275315851515014,-2.4555704150924536,-2.0756875395074545
1.0907220083370412,2.6693494598862637,0.7368326412730152,0.09698511926628564,-0.8377059796676068,2.575352022720451,0.8270229043992262,-2.8484229308375553,-1.593912694277173,-5.402408475255004,3.5946611220954816,1.2428284867251158,-1.8789481785340003,4.167350617862971,1.8790628491570476,1.370965011146531,4.276847646606109,-0.18342763362256184,6.573976412353179,-1.2471089473450119,-3.1095518442159205,-1.7463770855919296,4.53396208880977,2.468693759872676,-0.6325815567657987,0.06481911779145397,-2.670531183657126,6.759931240300638,4.277180892823231
0.5356591546197451,0.9298093877270609,0.3041534350938826,-0.4313433792456552,-0.08021931139035819,1.460682374504402,0.09764473589318112,-2.0575564920196814,-1.0295711472831082,-3.473664948801306,2.195408854298501,0.8933854016068886,-1.1894741952407692,2.1880443877718934,1.2045855212763248,0.6163633741822508,2.293057158191472,-0.2659140594680318,4.2169950767974544,-0.8195359436019202,-1.4772526601986977,-1.3418350480219499,2.468693759872676,1.632080834376489,-0.3081742833210982,0.1178094123343601,-1.120938706822424,3.6053924753742534,2.621949068827224
-0.16983026425774952,-0.4350069774604067,0.01809655290866255,-0.11231934257346944,0.17496720707436172,-0.15877192185410552,-0.11066346132122232,0.2311880302880494,0.25448189164628937,0.5274279274997313,-0.5248567052506281,-0.24406200948641968,0.11899438221898402,-0.5266819188505896,-0.22712368502426583,-0.15677570642247302,-0.5328964389239902,0.0786666824599057,-0.9387999643763442,0.218476618434098,0.3581379308957658,0.19572784451663822,-0.6325815567657987,-0.3081742833210982,0.1572803983619481,-0.19260924868260706,0.34646294076553014,-0.9511900186963506,-0.6054464430219889
-0.016826081281713014,-0.05400117615847186,-0.7416512940190847,0.061737406055594315,0.21816381861582498,-1.3773239222239648,-0.09490745734372574,0.9301547471531526,-0.08874798952810849,1.144692369118727,0.6188432116844194,0.6581393814071801,0.5832855933147972,-0.299788497809594,-0.125229226153672,-0.1959479570540317,-0.2785312567627514,-0.6757766238258689,0.2822556933448916,-0.2329278121580688,0.2941088748154774,-0.11667317671846357,0.06481911779145397,0.1178094123343601,-0.19260924868260706,1.540822637874289,0.6615621815493341,-0.39754807305997325,0.3541440356225172
-0.7069439695613547,-2.188343749025288,-0.844723915222618,-0.5698116334215649,1.0241920029719054,-2.0058659681213302,-0.8909947805244051,1.5384688905534667,0.7177201787406025,3.098696043240076,-1.5943356404677023,-0.2464132706399472,1.1890838514803874,-2.708986266724355,-1.0073046006397226,-1.0257619152297794,-2.694474901652755,-0.3183638340187428,-3.1132824686402927,0.476319814899137,2.1998019906873734,0.5275315851515014,-2.670531183657126,-1.120938706822424,0.34646294076553014,0.6615621815493341,2.2733854950755896,-4.3667682992005625,-2.062806926296641
1.6124915511670965,4.12726869949229,1.3272270193566846,0.226064643133073,-1.5065219437890707,4.389442492194715,1.1212703284853358,-4.562422653256193,-2.364691448558212,-8.348906793129942,4.95911206145038,1.61277540812615,-3.000054244934303,6.408709324690316,2.9323921201365124,2.1567786265362447,6.644674163224662,0.018888627874535154,9.764083318285682,-1.7587521718159251,-4.686344239683284,-2.4555704150924536,6.759931240300638,3.6053924753742534,-0.9511900186963506,-0.39754807305997325,-4.3667682992005625,10.712416618906179,6.226889488982269
0.9825281745340236,1.9746541302445075,0.4673949987343287,-0.3825540881773732,-0.39543835886959555,2.298841845838756,0.3884456105110462,-3.075796948949753,-1.730571935633036,-5.4660306961606135,3.7092648901754046,1.4924179032112677,-1.8152163982304281,3.765695666596456,1.9305469802805837,1.1318663909364746,3.9263548149444802,-0.40606038228663494,6.9243486622220685,-1.3882121751059768,-2.6170416421157037,-2.0756875395074545,4.277180892823231,2.621949068827224,-0.6054464430219889,0.3541440356225172,-2.062806926296641,6.226889488982269,4.399683636319591
