V1,V2,V3,V4,V5,V6,V7,V8,V9,V10,V11,V12,V13,V14,V15,V16,V17,V18,V19,V20,V21,V22,V23,V24,V25,V26,V27,V28,V29,V30,V31,V32,V33,V34,V35,V36,V37,V38,V39,V40,V41,V42,V43,V44
15.367498371199954,-2.0908193310389285,-4.313737004493675,4.754141982200392,-5.267804831698667,-3.30736536146414,1.5445739103985552,15.971127884363511,-4.188101043209708,-1.2232883754161177,-8.424380991499396,-17.27858319832263,-6.812814347025678,4.865822312548211,5.436960942756622,0.14268331037501683,-2.258010737877359,8.886461023596015,-7.226407136431987,-1.6791370086185815,-10.277361429962097,0.5865009808329481,2.105056581316848,-2.0751758105479294,-6.213008476164317,-3.754734951704849,0.47429591853447683,-1.369220469052499,2.699183066146166,3.644763629083389,2.4346858301464245,5.235937412231641,6.104619812152668,-10.466652779768113,7.096415083362228,-10.379721626909632,-7.686506786310713,-1.5057504317015686,-5.233651904124485,1.3159733401173106,3.286631205100355,12.958432114558864,-7.11914319185573,3.4245810403627717
-2.0908193310389285,0.842098187241575,0.968491525832858,-0.6610281758742057,0.8449211192726237,0.49547635397782275,0.4064377703082925,-2.169381256029678,0.310205522813595,-0.16148037995841483,1.1851509652691492,2.6202228407318184,1.6908126462473285,-0.12186263806826457,-0.4975756654971425,0.8352453377511788,-0.256048382069332,-0.6018587203916513,0.8047746921503101,-0.1241400442391515,0.6371221829001604,0.21540032742803658,-0.400133326119554,-0.19768439787187309,0.657936909563349,0.977378788842719,-0.19489965575011,0.6486775480332145,-0.03229505167422065,0.046705588705431546,0.02500942902555619,-0.6888952139615941,-1.3076675175655015,1.5698905394480942,-0.8505520412451198,1.5040115668208762,0.7068287970787909,0.33049814787779164,0.5536702621177836,-0.24693758951548303,0.11046384286376035,-1.9935022522072083,1.141024630252819,-0.72899311601618
-4.313737004493675,0.968491525832858,1.9319433017110004,-1.780991746202638,1.6383713772914215,0.6983085605031439,-0.11729421255069684,-4.347905831188129,1.2617502028350243,0.3774583854772819,2.4812637209808135,4.708245264502641,2.3515611868320643,-0.6474014835219686,-1.4883424753546186,0.5674412485117721,0.014240883576351584,-1.2121496773176144,1.647468920551702,-0.08332421662635409,1.8421503058659618,0.33033390888796493,-0.8032365794312915,0.09064632209687949,1.4781422831881443,1.3673887489597274,-0.37091067477647677,0.8473756781017762,-0.16804094008766846,-0.3264342241961937,-0.18928966673338704,-1.4572602963001273,-1.8558573238602514,2.65868860815831,-1.2459072974990564,2.8654633475976947,1.4153018470959757,0.3881915333289858,1.1252649208102483,-0.5708699428262695,-0.5356940170553923,-3.6571683359371394,1.7413125102212725,-1.3122169540629964
4.754141982200392,-0.6610281758742057,-1.780991746202638,2.03154163690861,-1.673840230147556,-0.6364293660812771,0.6278639628256377,4.803498845607541,-1.597193237524842,-0.6432459564196368,-2.703249458780326,-4.9557548651663055,-1.9725516298549894,1.1324040579450823,1.850802125523723,0.07311733626344818,-0.45950534565863466,1.7801485630384104,-1.8814733318060968,-0.1926476812507151,-2.5522663202363094,-0.12779051457747362,0.7798954143150154,-0.46698248810396464,-1.7584515946513142,-1.1373734752693743,0.2520873897009194,-0.5104494958591026,0.40615559264048096,0.7944493710596027,0.45214898613281934,1.5533835977111428,1.596107256401769,-2.778808545427339,1.350487312380614,-3.119946810282315,-1.8022371022840278,-0.2797991028681691,-1.3374113794089153,0.5824848292251037,1.067480606647822,3.7721148735838654,-1.7332305113448911,1.1775292245233517
-5.267804831698667,0.8449211192726237,1.6383713772914215,-1.673840230147556,1.9101039365183392,1.1904208472667985,-0.3824882943649767,-5.490553047239268,1.424852438170854,0.3784234657091908,2.918114391471893,6.0266905963061035,2.5117336048100216,-1.52584168443126,-1.8348729222314315,0.18819902365143443,0.6085963512791105,-2.8505696550742727,2.440978592768711,0.4759810767873555,3.2966968363076803,-0.0982721908375706,-0.7647282288464354,0.5984100519333876,2.1138220402354646,1.4165852915785506,-0.20950021677071184,0.5980626869392685,-0.811059917459274,-1.0971226621433323,-0.7527857965080359,-1.8381179741429283,-2.257582207995833,3.601673397710583,-2.3771339947629824,3.58694113675699,2.532285085246586,0.5378708950532153,1.7262163729552378,-0.4669805314187459,-0.9982363373857183,-4.508768206064188,2.4794057083134358,-1.2784383535933397
-3.30736536146414,0.49547635397782275,0.6983085605031439,-0.6364293660812771,1.1904208472667985,1.1426395179141897,-0.09854233585825173,-3.531978425223009,0.6564259417957605,0.08080110866350489,1.7525793375469692,4.087555696957456,1.5619165086132396,-1.2885114326254514,-1.09997502001375,0.1298042549245546,0.6028835360625217,-2.5951595367145086,1.876423019926343,0.5456397508865245,2.605689682386403,-0.3371174131916422,-0.4177187263480328,0.543314721716808,1.4669858639109747,0.9430468825384719,-0.058845366006304044,0.2095151398698986,-0.92992515770333,-0.9924119298572892,-0.7723176631111744,-1.3144551212714115,-1.686987760081966,2.6329127975399897,-2.178603861728573,2.3257877740646666,2.061178276794253,0.5161220804466589,1.3603585482495535,-0.11230068948293978,-0.6262731439783827,-3.0618500291502264,1.9258579747166646,-0.7107348045531824
1.5445739103985552,0.4064377703082925,-0.11729421255069684,0.6278639628256377,-0.3824882943649767,-0.09854233585825173,0.9785283205617898,1.5743298583837395,-0.8560783994246659,-0.5270527880174858,-0.8737315863504839,-1.2657802574803252,0.18280202692639347,0.9558450037063738,0.821788114692186,1.054998162319758,-0.7366850371555845,1.2162863687205347,-0.7587456035281334,-0.458668548602391,-1.6695071384180795,0.238304666131694,0.07663748168765179,-0.6298544491702153,-0.7774602480836571,0.2495230407561424,-0.07407186927469146,0.22253661205154476,0.40926595960495415,0.8173277747499957,0.48620795094165925,0.4469625221363482,-0.10080608566475883,-0.6651294309303964,0.5373523689687373,-0.8975830312395173,-0.9835006055109016,0.10514343314448146,-0.5312855507142681,0.17964079956441542,0.9655236905900966,0.8752442802947762,-0.32143335108668003,0.07893997360545334
15.971127884363511,-2.169381256029678,-4.347905831188129,4.803498845607541,-5.490553047239268,-3.531978425223009,1.5743298583837395,16.68828149886891,-4.292020171371944,-1.1933038406590235,-8.729146361783274,-18.132113157769975,-7.134238148291444,5.170285667039451,5.6122596175329065,0.14069534876659986,-2.407208659970562,9.527358947479971,-7.587311090865216,-1.876083712486034,-10.839510633869295,0.7057894584393561,2.131157809267126,-2.2244446882147537,-6.5328959484969715,-3.9090823654509936,0.4474004752478014,-1.3848124472421437,2.89767982251314,3.902508526208255,2.6237800129442372,5.445067486573622,6.436386491946066,-11.0069734080165,7.6036348319730775,-10.828284578876328,-8.161129072926524,-1.6000869363317223,-5.498157794958733,1.3136442197715,3.426715900949595,13.51645597350155,-7.535116764278704,3.5421652234682353
-4.188101043209708,0.310205522813595,1.2617502028350243,-1.597193237524842,1.424852438170854,0.6564259417957605,-0.8560783994246659,-4.292020171371944,1.5002189709290035,0.6140440370432143,2.3707802065046804,4.360927340488368,1.4497177470999805,-1.342841536742995,-1.663745110978799,-0.49904834650933433,0.6755786325457451,-2.1047141492102854,1.8271837951574121,0.4406369386019269,2.7810840487712927,-0.06797198440310007,-0.5639992926395166,0.6481519402468547,1.6992594099326463,0.7155242604920018,-0.1439607013863375,0.33694384899647645,-0.5549473483120447,-1.0053609836595003,-0.6220850534091887,-1.3801503704424363,-1.2426725192209276,2.457844848578324,-1.49166004717396,2.7088135919826724,1.9355731985461195,0.2094792909950683,1.2633299521915293,-0.4781596736566099,-1.1745468363121327,-3.236165885976164,1.550574862631638,-0.9055702834378963
-1.2232883754161177,-0.16148037995841483,0.3774583854772819,-0.6432459564196368,0.3784234657091908,0.08080110866350489,-0.5270527880174858,-1.1933038406590235,0.6140440370432143,0.4720061397134739,0.6839421864755479,1.0308182831308152,0.02149577475394262,-0.5356512744709312,-0.6719914843830539,-0.4848232471694864,0.44067254562729885,-0.6039213302507784,0.5318647849540966,0.16280460214077574,0.9789442090866585,-0.0886280942859832,-0.19379024093786404,0.3969474853554848,0.535958613477206,0.06693681122725698,-0.02806564090786141,-0.17541625080191847,-0.26133180210832146,-0.469190636789322,-0.2824395185486979,-0.43034897214544116,-0.11254612564408015,0.5665883078448307,-0.24916394746723608,0.7377612892809442,0.5164714653064142,-0.019101291147750516,0.4234075502264002,-0.11770811098695294,-0.6202681337259102,-0.8327956353669743,0.2834721936819767,-0.19079199520221618
-8.424380991499396,1.1851509652691492,2.4812637209808135,-2.703249458780326,2.918114391471893,1.7525793375469692,-0.8737315863504839,-8.729146361783274,2.3707802065046804,0.6839421864755479,4.673479077745421,9.39487364730788,3.7592582244018073,-2.5515814687881035,-2.9797570913100784,-0.05988761263418653,1.1223380794546929,-4.617397571986741,3.8775878142596327,0.821270954839214,5.463057803635292,-0.20174561634213314,-1.1658525228548788,1.0280153268362908,3.366289926401072,2.035482601769589,-0.29479451441814536,0.8835892006586064,-1.3259762013464078,-1.8603148878645628,-1.230267493902112,-2.844803247199216,-3.3003534968478054,5.613737048697665,-3.7156402937153112,5.672397986622244,4.099684792056105,0.7747420786274998,2.7592423068967413,-0.795687472246456,-1.7658692452779832,-7.036880608396361,3.8013374139621727,-1.9237455757911726
-17.27858319832263,2.6202228407318184,4.708245264502641,-4.9557548651663055,6.0266905963061035,4.087555696957456,-1.2657802574803252,-18.132113157769975,4.360927340488368,1.0308182831308152,9.39487364730788,20.051439150100123,8.171859588612847,-5.52118882353074,-5.90191735347351,0.35921788223881856,2.4376296267480546,-10.518951725224005,8.315600794155298,2.036642779315377,11.643000047814263,-0.7991898097055201,-2.3235592951762114,2.33164350734504,7.085814228641798,4.526431227343975,-0.5209430240095738,1.6054104386486165,-3.2118606097755777,-4.156725623551206,-2.854420134028064,-5.9769820948996015,-7.43274896713218,12.265655957834792,-8.618849487386546,11.805336996506199,8.926516538837777,1.9147131795270578,6.051371070571649,-1.3150776438154348,-3.4200126482613378,-14.914711128646532,8.509428048560563,-3.9346353659877806
-6.812814347025678,1.6908126462473285,2.3515611868320643,-1.9725516298549894,2.5117336048100216,1.5619165086132396,0.18280202692639347,-7.134238148291444,1.4497177470999805,0.02149577475394262,3.7592582244018073,8.171859588612847,4.242464531350414,-1.4730100940366644,-1.9640858760449713,1.1622276405708305,0.2567581196046062,-3.294626822638406,2.9980753864420846,0.3549385225453226,3.6247274792219843,0.09874528192126386,-1.0418097856394528,0.3317610232578836,2.5527903014459565,2.2940363942095297,-0.38189658533070153,1.3060416436927282,-0.7648437965882281,-0.9215431748977565,-0.6209583903572972,-2.235335689602973,-3.441464660562198,4.968870566998191,-3.196209022308435,4.729515907476746,3.041622463766656,0.865683136460258,2.1312803008216927,-0.6553918661547297,-0.6418598572866918,-6.116458901815476,3.529339287256057,-1.8870746042015287
4.865822312548211,-0.12186263806826457,-0.6474014835219686,1.1324040579450823,-1.52584168443126,-1.2885114326254514,0.9558450037063738,5.170285667039451,-1.342841536742995,-0.5356512744709312,-2.5515814687881035,-5.52118882353074,-1.4730100940366644,2.4065722781261294,1.8697132422490543,0.8298937096510798,-1.5183593025003772,4.177873976217879,-2.7198303622819973,-1.12733254937603,-4.440839559375775,0.7404101605603534,0.478040491587083,-1.2985521242673392,-2.301019705476177,-0.8106921412458539,-0.10548106875984205,0.20413159943343284,1.5509261519129085,1.9881373467594436,1.3710634723753672,1.7256510444122917,1.7047422834722152,-3.5405573155673733,2.9519548804826674,-3.3424233418635936,-3.209525851670115,-0.465189829214467,-2.060790820888965,0.17963009168508282,1.6105394421631705,4.044624602299267,-2.474316705252383,0.668766094584411
5.436960942756622,-0.4975756654971425,-1.4883424753546186,1.850802125523723,-1.8348729222314315,-1.09997502001375,0.821788114692186,5.6122596175329065,-1.663745110978799,-0.6719914843830539,-2.9797570913100784,-5.90191735347351,-1.9640858760449713,1.8697132422490543,2.139256295675196,0.42713992084293423,-0.9944050863810128,3.17762396130865,-2.572989639570651,-0.6594207792079348,-3.8122453822420375,0.28478756563673685,0.7548681173887576,-0.9107281947156408,-2.237018884700568,-1.161928073662361,0.13858198132475202,-0.21942258633338282,1.0437651626330653,1.468372924065021,0.9764010164096857,1.9172919576592649,1.9061986609168995,-3.531222919809516,2.340256665152713,-3.6140064001333436,-2.7198942990410893,-0.45770605634965345,-1.8842611083730727,0.44662093189954566,1.443474457845353,4.455311439356551,-2.3169019760832517,1.1375394416840472
0.14268331037501683,0.8352453377511788,0.5674412485117721,0.07311733626344818,0.18819902365143443,0.1298042549245546,1.054998162319758,0.14069534876659986,-0.49904834650933433,-0.4848232471694864,-0.05988761263418653,0.35921788223881856,1.1622276405708305,0.8298937096510798,0.42713992084293423,1.4336738727102898,-0.8270158225848303,0.9031805407817036,-0.2678359153215783,-0.5326871897873681,-1.212501502532426,0.4031969881850323,-0.18932215594308405,-0.6723860751372125,-0.3079956072436294,0.7825012817941337,-0.20603976920443057,0.611590787828315,0.43180287091321135,0.8069336594903903,0.5001348997911105,0.018330827459797337,-0.8181372884055126,0.2564262876610219,0.12080412920404238,0.0736207235851365,-0.5692165966422738,0.24120047731113925,-0.20381297855830946,-0.01887625195856922,0.9070353102412075,-0.3551626166482742,0.3251879874999142,-0.38854059334361246
-2.258010737877359,-0.256048382069332,0.014240883576351584,-0.45950534565863466,0.6085963512791105,0.6028835360625217,-0.7366850371555845,-2.407208659970562,0.6755786325457451,0.44067254562729885,1.1223380794546929,2.4376296267480546,0.2567581196046062,-1.5183593025003772,-0.9944050863810128,-0.8270158225848303,1.1696277666622628,-2.4633520276739276,1.4173345646545776,0.7544549762241459,2.5969825219777456,-0.60215361771285,-0.1686916021721227,0.9458002967709788,1.2022654822521037,0.1974020405625366,0.1758034916290581,-0.4996611338174679,-1.0595113589939826,-1.3322194304548378,-0.903288440914408,-0.7985165532430645,-0.5777958736133177,1.6849416051485933,-1.5488028428508605,1.5680221898151374,1.7554735039103546,0.17516512955566615,1.1580741151671892,0.024721553737097637,-1.0869926459504045,-1.807808315808466,1.1787402339167958,-0.08943348821094206
8.886461023596015,-0.6018587203916513,-1.2121496773176144,1.7801485630384104,-2.8505696550742727,-2.5951595367145086,1.2162863687205347,9.527358947479971,-2.1047141492102854,-0.6039213302507784,-4.617397571986741,-10.518951725224005,-3.294626822638406,4.177873976217879,3.17762396130865,0.9031805407817036,-2.4633520276739276,7.722701622613065,-5.027808027719551,-2.007728103393987,-7.917126922461939,1.3262534998442623,0.8781796534217196,-2.1457535672454506,-4.145072304805134,-1.824253654972211,-0.1344249667258246,0.11920697003221203,2.8242126667923166,3.437848070803061,2.4248586370533363,3.199145406966833,3.6142701292984216,-6.8268608578631635,5.7765335646865275,-6.170222166866368,-5.905657964826898,-1.0736466812855912,-3.806576979260426,0.2667947914081047,2.510907816917003,7.700729316339031,-4.867713056578251,1.3960966151423
-7.226407136431987,0.8047746921503101,1.647468920551702,-1.8814733318060968,2.440978592768711,1.876423019926343,-0.7587456035281334,-7.587311090865216,1.8271837951574121,0.5318647849540966,3.8775878142596327,8.315600794155298,2.9980753864420846,-2.7198303622819973,-2.572989639570651,-0.2678359153215783,1.4173345646545776,-5.027808027719551,3.754043446120169,1.0872109331605846,5.492200139420331,-0.5908586186825615,-0.9148287609182969,1.2489934823011464,3.0949779697158912,1.7060469063632508,-0.11538840238756173,0.3682865432017146,-1.723125982391558,-2.115080795687713,-1.5002909581370605,-2.6006713938582653,-2.985052129117731,5.209712275358903,-3.9508701535044515,4.932045985564754,4.105565671866498,0.8263869435328121,2.7432049037243207,-0.4451829322726228,-1.6842880420113069,-6.241586083176943,3.6289243595620326,-1.4511483480742715
-1.6791370086185815,-0.1241400442391515,-0.08332421662635409,-0.1926476812507151,0.4759810767873555,0.5456397508865245,-0.458668548602391,-1.876083712486034,0.4406369386019269,0.16280460214077574,0.821270954839214,2.036642779315377,0.3549385225453226,-1.12733254937603,-0.6594207792079348,-0.5326871897873681,0.7544549762241459,-2.007728103393987,1.0872109331605846,0.6696715934106918,1.968908076905432,-0.4764134790716679,-0.05833242451005299,0.6850416132026116,0.9218959881030077,0.139891878416183,0.12477681417417888,-0.2604534788871913,-0.7661521160373396,-0.9976816635227435,-0.6938071407877692,-0.6102629300233605,-0.5507551696034259,1.356918523327258,-1.3550809326454933,1.1584939913261967,1.4234940002007541,0.18321827184553358,0.8474645509794075,0.033581933355472486,-0.7232806374046377,-1.3958387750833126,0.9675385228611779,-0.11592905176136035
-10.277361429962097,0.6371221829001604,1.8421503058659618,-2.5522663202363094,3.2966968363076803,2.605689682386403,-1.6695071384180795,-10.839510633869295,2.7810840487712927,0.9789442090866585,5.463057803635292,11.643000047814263,3.6247274792219843,-4.440839559375775,-3.8122453822420375,-1.212501502532426,2.5969825219777456,-7.917126922461939,5.492200139420331,1.968908076905432,8.636915753321626,-1.1806027639416716,-1.1206178925311248,2.2625927665259438,4.603874974639306,1.9538705930312124,0.003025362470495684,0.085068054317639,-2.8053244522950616,-3.5954791019239636,-2.4836417000506668,-3.6229681693146527,-3.7852503868716947,7.354839169545943,-5.868203661246972,6.950747516772182,6.266941040188972,1.0573257146746746,4.08264623094925,-0.5514563710834602,-2.928187841191477,-8.638104923251554,5.085590804693397,-1.7717929095449172
0.5865009808329481,0.21540032742803658,0.33033390888796493,-0.12779051457747362,-0.0982721908375706,-0.3371174131916422,0.238304666131694,0.7057894584393561,-0.06797198440310007,-0.0886280942859832,-0.20174561634213314,-0.7991898097055201,0.09874528192126386,0.7404101605603534,0.28478756563673685,0.4031969881850323,-0.60215361771285,1.3262534998442623,-0.5908586186825615,-0.4764134790716679,-1.1806027639416716,0.4434403888802643,-0.029521743484977655,-0.5131083799916678,-0.44932394393231834,0.004252419180403975,-0.14407057690886707,0.41629097907552465,0.6321243456528874,0.7119987821652958,0.5148549640752809,0.2740388128271604,0.19411840100403857,-0.6706278695295931,0.8511529581313433,-0.44171938547320444,-0.8213708546471201,-0.1250839952935391,-0.5340711939644017,-0.1600681240375869,0.4404997726270686,0.5557054690339838,-0.5092456036066557,-0.1088648964160507
2.105056581316848,-0.400133326119554,-0.8032365794312915,0.7798954143150154,-0.7647282288464354,-0.4177187263480328,0.07663748168765179,2.131157809267126,-0.5639992926395166,-0.19379024093786404,-1.1658525228548788,-2.3235592951762114,-1.0418097856394528,0.478040491587083,0.7548681173887576,-0.18932215594308405,-0.1686916021721227,0.8781796534217196,-0.9148287609182969,-0.05833242451005299,-1.1206178925311248,-0.029521743484977655,0.38762462362612243,-0.16458627411873492,-0.7736491074106167,-0.6620626813048421,0.12915859957215992,-0.2553571303559566,0.2657296709624968,0.32091921350788494,0.21873253838244633,0.7512091799061098,0.9136255102854578,-1.393702104362205,0.7811813914365026,-1.4210774487053017,-0.8384675593958016,-0.2217382538317168,-0.6685933397675576,0.20623288112490462,0.3389919758041485,1.8287060218255253,-0.9324645214010131,0.5576144265466625
-2.0751758105479294,-0.19768439787187309,0.09064632209687949,-0.46698248810396464,0.5984100519333876,0.543314721716808,-0.6298544491702153,-2.2244446882147537,0.6481519402468547,0.3969474853554848,1.0280153268362908,2.33164350734504,0.3317610232578836,-1.2985521242673392,-0.9107281947156408,-0.6723860751372125,0.9458002967709788,-2.1457535672454506,1.2489934823011464,0.6850416132026116,2.2625927665259438,-0.5131083799916678,-0.16458627411873492,0.8832824517701118,1.0939989460174038,0.19487896661414789,0.10124643737150443,-0.4056346568840074,-0.876883613013554,-1.168816886105813,-0.7852548490232711,-0.7597625513409799,-0.5834610566950992,1.553285647336563,-1.3859510256634486,1.386173173487358,1.5206169063712018,0.17822220743730727,1.0214103114184483,0.023332197360618426,-0.9504210793221342,-1.6873141264495017,1.0513566911774432,-0.1822428803783379
-6.213008476164317,0.657936909563349,1.4781422831881443,-1.7584515946513142,2.1138220402354646,1.4669858639109747,-0.7774602480836571,-6.5328959484969715,1.6992594099326463,0.535958613477206,3.366289926401072,7.085814228641798,2.5527903014459565,-2.301019705476177,-2.237018884700568,-0.3079956072436294,1.2022654822521037,-4.145072304805134,3.0949779697158912,0.9218959881030077,4.603874974639306,-0.44932394393231834,-0.7736491074106167,1.0939989460174038,2.6711612201208506,1.3956907023851681,-0.09978959938602373,0.3353395348581149,-1.3464213527510362,-1.7920823339160157,-1.22142313832689,-2.150001272675571,-2.443698586205581,4.353554587243807,-3.1923464712982854,4.228339126445639,3.4243964893407113,0.6108217372129725,2.267500942976648,-0.4310614038182962,-1.5302914756421864,-5.241942430494741,3.010111047429356,-1.257770491763305
-3.754734951704849,0.977378788842719,1.3673887489597274,-1.1373734752693743,1.4165852915785506,0.9430468825384719,0.2495230407561424,-3.9090823654509936,0.7155242604920018,0.06693681122725698,2.035482601769589,4.526431227343975,2.2940363942095297,-0.8106921412458539,-1.161928073662361,0.7825012817941337,0.1974020405625366,-1.824253654972211,1.7060469063632508,0.139891878416183,1.9538705930312124,0.004252419180403975,-0.6620626813048421,0.19487896661414789,1.3956907023851681,1.455001713901937,-0.20284246061138636,0.5407764801856079,-0.5557322907453079,-0.537068108696855,-0.39529758842171675,-1.3385453407702035,-2.0270056351341443,2.825594719844437,-1.757204065647421,2.66897379372753,1.634777227347422,0.5448379672887856,1.278376594099646,-0.27759167703176557,-0.34872042706840395,-3.489938529120648,2.0212142362758443,-1.0378301024736538
0.47429591853447683,-0.19489965575011,-0.37091067477647677,0.2520873897009194,-0.20950021677071184,-0.058845366006304044,-0.07407186927469146,0.4474004752478014,-0.1439607013863375,-0.02806564090786141,-0.29479451441814536,-0.5209430240095738,-0.38189658533070153,-0.10548106875984205,0.13858198132475202,-0.20603976920443057,0.1758034916290581,-0.1344249667258246,-0.11538840238756173,0.12477681417417888,0.003025362470495684,-0.14407057690886707,0.12915859957215992,0.10124643737150443,-0.09978959938602373,-0.20284246061138636,0.1314146214990767,-0.23779188539470503,-0.11303898562021195,-0.1274258635770905,-0.08138371802968081,0.1823415404254262,0.25990465546964037,-0.24936896678719683,0.03823720937822569,-0.2632318648793636,-5.300547817684057e-4,-0.06699233923927313,-0.056382790505691595,0.1068329451138117,-0.057456097521714704,0.436494038718021,-0.14134497244553876,0.27038725867638386
-1.369220469052499,0.6486775480332145,0.8473756781017762,-0.5104494958591026,0.5980626869392685,0.2095151398698986,0.22253661205154476,-1.3848124472421437,0.33694384899647645,-0.17541625080191847,0.8835892006586064,1.6054104386486165,1.3060416436927282,0.20413159943343284,-0.21942258633338282,0.611590787828315,-0.4996611338174679,0.11920697003221203,0.3682865432017146,-0.2604534788871913,0.085068054317639,0.41629097907552465,-0.2553571303559566,-0.4056346568840074,0.3353395348581149,0.5407764801856079,-0.23779188539470503,0.8850855792550045,0.3572819006322934,0.37904000923181724,0.2632813052646837,-0.3722925768544625,-0.7824515259175694,0.7911604552438434,-0.30206452716289117,0.8916335889246089,0.2545970009103328,0.13767789054120966,0.09212968852806566,-0.36000296147767297,0.2502222869889985,-1.1924562451271272,0.556856401193329,-0.6269633049132469
2.699183066146166,-0.03229505167422065,-0.16804094008766846,0.40615559264048096,-0.811059917459274,-0.92992515770333,0.40926595960495415,2.89767982251314,-0.5549473483120447,-0.26133180210832146,-1.3259762013464078,-3.2118606097755777,-0.7648437965882281,1.5509261519129085,1.0437651626330653,0.43180287091321135,-1.0595113589939826,2.8242126667923166,-1.723125982391558,-0.7661521160373396,-2.8053244522950616,0.6321243456528874,0.2657296709624968,-0.876883613013554,-1.3464213527510362,-0.5557322907453079,-0.11303898562021195,0.3572819006322934,1.2086317487463871,1.3427928695309772,0.973850312776387,1.0661741403693121,1.1139675541706564,-2.237216003660126,2.0361102969191833,-1.9125139105858624,-2.0269452723632,-0.39550529054162537,-1.38660490422931,-0.05861078517484646,0.9219719977517985,2.428583624808828,-1.6208705572156372,0.2955184924381507
3.644763629083389,0.046705588705431546,-0.3264342241961937,0.7944493710596027,-1.0971226621433323,-0.9924119298572892,0.8173277747499957,3.902508526208255,-1.0053609836595003,-0.469190636789322,-1.8603148878645628,-4.156725623551206,-0.9215431748977565,1.9881373467594436,1.468372924065021,0.8069336594903903,-1.3322194304548378,3.437848070803061,-2.115080795687713,-0.9976816635227435,-3.5954791019239636,0.7119987821652958,0.32091921350788494,-1.168816886105813,-1.7920823339160157,-0.537068108696855,-0.1274258635770905,0.37904000923181724,1.3427928695309772,1.717620476011734,1.1778486311044374,1.3175835425184712,1.21607101854065,-2.721248264413819,2.3539585872150077,-2.493040033155345,-2.5430635010628797,-0.36516697692545813,-1.6623980437846757,0.051949022282364116,1.3615108942206426,3.0306539577494904,-1.8881692526099014,0.43230450192655323
2.4346858301464245,0.02500942902555619,-0.18928966673338704,0.45214898613281934,-0.7527857965080359,-0.7723176631111744,0.48620795094165925,2.6237800129442372,-0.6220850534091887,-0.2824395185486979,-1.230267493902112,-2.854420134028064,-0.6209583903572972,1.3710634723753672,0.9764010164096857,0.5001348997911105,-0.903288440914408,2.4248586370533363,-1.5002909581370605,-0.6938071407877692,-2.4836417000506668,0.5148549640752809,0.21873253838244633,-0.7852548490232711,-1.22142313832689,-0.39529758842171675,-0.08138371802968081,0.2632813052646837,0.973850312776387,1.1778486311044374,0.8501642620482837,0.9470213592783102,0.9029476742372208,-1.8874223162342922,1.7079762790926396,-1.6774563402142904,-1.7781204496906582,-0.2943573839888112,-1.1610438174002309,0.002267239738745984,0.8844400209709534,2.097442040266048,-1.3368635264591018,0.2954927649702028
5.235937412231641,-0.6888952139615941,-1.4572602963001273,1.5533835977111428,-1.8381179741429283,-1.3144551212714115,0.4469625221363482,5.445067486573622,-1.3801503704424363,-0.43034897214544116,-2.844803247199216,-5.9769820948996015,-2.235335689602973,1.7256510444122917,1.9172919576592649,0.018330827459797337,-0.7985165532430645,3.199145406966833,-2.6006713938582653,-0.6102629300233605,-3.6229681693146527,0.2740388128271604,0.7512091799061098,-0.7597625513409799,-2.150001272675571,-1.3385453407702035,0.1823415404254262,-0.3722925768544625,1.0661741403693121,1.3175835425184712,0.9470213592783102,1.9526131766635009,2.2095687626985874,-3.657909173561275,2.5842119526962177,-3.533174784776523,-2.7097584215132384,-0.6019401775905675,-1.8802331495180913,0.37133260172944943,1.1246999506581719,4.536725438919177,-2.4984312025642725,1.1953390459326103
6.104619812152668,-1.3076675175655015,-1.8558573238602514,1.596107256401769,-2.257582207995833,-1.686987760081966,-0.10080608566475883,6.436386491946066,-1.2426725192209276,-0.11254612564408015,-3.3003534968478054,-7.43274896713218,-3.441464660562198,1.7047422834722152,1.9061986609168995,-0.8181372884055126,-0.5777958736133177,3.6142701292984216,-2.985052129117731,-0.5507551696034259,-3.7852503868716947,0.19411840100403857,0.9136255102854578,-0.5834610566950992,-2.443698586205581,-2.0270056351341443,0.25990465546964037,-0.7824515259175694,1.1139675541706564,1.21607101854065,0.9029476742372208,2.2095687626985874,3.1586871769017426,-4.6391716399525444,3.2676898585883842,-4.283528439505637,-3.0839035387404605,-0.868594001612644,-2.1755158260445886,0.40389442120786917,0.798189931084239,5.59697586052259,-3.335152214779539,1.5641631465743846
-10.466652779768113,1.5698905394480942,2.65868860815831,-2.778808545427339,3.601673397710583,2.6329127975399897,-0.6651294309303964,-11.0069734080165,2.457844848578324,0.5665883078448307,5.613737048697665,12.265655957834792,4.968870566998191,-3.5405573155673733,-3.531222919809516,0.2564262876610219,1.6849416051485933,-6.8268608578631635,5.209712275358903,1.356918523327258,7.354839169545943,-0.6706278695295931,-1.393702104362205,1.553285647336563,4.353554587243807,2.825594719844437,-0.24936896678719683,0.7911604552438434,-2.237216003660126,-2.721248264413819,-1.8874223162342922,-3.657909173561275,-4.6391716399525444,7.692705757258236,-5.58724832213555,7.216636674180684,5.636586655712442,1.2642919587221515,3.872116429847071,-0.6669526668180988,-2.0754299261147193,-9.18384084302221,5.39883272199624,-2.2906699238347303
7.096415083362228,-0.8505520412451198,-1.2459072974990564,1.350487312380614,-2.3771339947629824,-2.178603861728573,0.5373523689687373,7.6036348319730775,-1.49166004717396,-0.24916394746723608,-3.7156402937153112,-8.618849487386546,-3.196209022308435,2.9519548804826674,2.340256665152713,0.12080412920404238,-1.5488028428508605,5.7765335646865275,-3.9508701535044515,-1.3550809326454933,-5.868203661246972,0.8511529581313433,0.7811813914365026,-1.3859510256634486,-3.1923464712982854,-1.757204065647421,0.03823720937822569,-0.30206452716289117,2.0361102969191833,2.3539585872150077,1.7079762790926396,2.5842119526962177,3.2676898585883842,-5.58724832213555,4.661107195527915,-4.9307244329324345,-4.508690229014587,-0.9932962990685128,-2.9452444702351936,0.2620551445848545,1.5662522887434436,6.371441144637709,-4.036376703154611,1.3804788066567992
-10.379721626909632,1.5040115668208762,2.8654633475976947,-3.119946810282315,3.58694113675699,2.3257877740646666,-0.8975830312395173,-10.828284578876328,2.7088135919826724,0.7377612892809442,5.672397986622244,11.805336996506199,4.729515907476746,-3.3424233418635936,-3.6140064001333436,0.0736207235851365,1.5680221898151374,-6.170222166866368,4.932045985564754,1.1584939913261967,6.950747516772182,-0.44171938547320444,-1.4210774487053017,1.386173173487358,4.228339126445639,2.66897379372753,-0.2632318648793636,0.8916335889246089,-1.9125139105858624,-2.493040033155345,-1.6774563402142904,-3.533174784776523,-4.283528439505637,7.216636674180684,-4.9307244329324345,7.130750252480638,5.290014199325464,1.0506992207498942,3.5983773421427894,-0.8343873388815531,-2.16708947494061,-8.832171423631399,4.98868480313844,-2.2521110791398935
-7.686506786310713,0.7068287970787909,1.4153018470959757,-1.8022371022840278,2.532285085246586,2.061178276794253,-0.9835006055109016,-8.161129072926524,1.9355731985461195,0.5164714653064142,4.099684792056105,8.926516538837777,3.041622463766656,-3.209525851670115,-2.7198942990410893,-0.5692165966422738,1.7554735039103546,-5.905657964826898,4.105565671866498,1.4234940002007541,6.266941040188972,-0.8213708546471201,-0.8384675593958016,1.5206169063712018,3.4243964893407113,1.634777227347422,-5.300547817684057e-4,0.2545970009103328,-2.0269452723632,-2.5430635010628797,-1.7781204496906582,-2.7097584215132384,-3.0839035387404605,5.636586655712442,-4.508690229014587,5.290014199325464,4.716386525345033,0.8483214210005746,3.0188260907284223,-0.4125826758485477,-1.9757586341166045,-6.5661419376137244,3.9690635207819227,-1.3784281598214487
-1.5057504317015686,0.33049814787779164,0.3881915333289858,-0.2797991028681691,0.5378708950532153,0.5161220804466589,0.10514343314448146,-1.6000869363317223,0.2094792909950683,-0.019101291147750516,0.7747420786274998,1.9147131795270578,0.865683136460258,-0.465189829214467,-0.45770605634965345,0.24120047731113925,0.17516512955566615,-1.0736466812855912,0.8263869435328121,0.18321827184553358,1.0573257146746746,-0.1250839952935391,-0.2217382538317168,0.17822220743730727,0.6108217372129725,0.5448379672887856,-0.06699233923927313,0.13767789054120966,-0.39550529054162537,-0.36516697692545813,-0.2943573839888112,-0.6019401775905675,-0.868594001612644,1.2642919587221515,-0.9932962990685128,1.0506992207498942,0.8483214210005746,0.2986426854947999,0.6262816776934187,-0.042917804194675446,-0.1610122817622283,-1.479077765194579,0.9175410156797308,-0.3982272521769091
-5.233651904124485,0.5536702621177836,1.1252649208102483,-1.3374113794089153,1.7262163729552378,1.3603585482495535,-0.5312855507142681,-5.498157794958733,1.2633299521915293,0.4234075502264002,2.7592423068967413,6.051371070571649,2.1312803008216927,-2.060790820888965,-1.8842611083730727,-0.20381297855830946,1.1580741151671892,-3.806576979260426,2.7432049037243207,0.8474645509794075,4.08264623094925,-0.5340711939644017,-0.6685933397675576,1.0214103114184483,2.267500942976648,1.278376594099646,-0.056382790505691595,0.09212968852806566,-1.38660490422931,-1.6623980437846757,-1.1610438174002309,-1.8802331495180913,-2.1755158260445886,3.872116429847071,-2.9452444702351936,3.5983773421427894,3.0188260907284223,0.6262816776934187,2.1004156790856126,-0.24673761411204476,-1.2876616008076252,-4.560973517440959,2.7057937488815673,-1.0036394155457733
1.3159733401173106,-0.24693758951548303,-0.5708699428262695,0.5824848292251037,-0.4669805314187459,-0.11230068948293978,0.17964079956441542,1.3136442197715,-0.4781596736566099,-0.11770811098695294,-0.795687472246456,-1.3150776438154348,-0.6553918661547297,0.17963009168508282,0.44662093189954566,-0.01887625195856922,0.024721553737097637,0.2667947914081047,-0.4451829322726228,0.033581933355472486,-0.5514563710834602,-0.1600681240375869,0.20623288112490462,0.023332197360618426,-0.4310614038182962,-0.27759167703176557,0.1068329451138117,-0.36000296147767297,-0.05861078517484646,0.051949022282364116,0.002267239738745984,0.37133260172944943,0.40389442120786917,-0.6669526668180988,0.2620551445848545,-0.8343873388815531,-0.4125826758485477,-0.042917804194675446,-0.24673761411204476,0.25884700300911745,0.1979479288273657,0.9881285402118763,-0.4019362278169968,0.377032092817318
3.286631205100355,0.11046384286376035,-0.5356940170553923,1.067480606647822,-0.9982363373857183,-0.6262731439783827,0.9655236905900966,3.426715900949595,-1.1745468363121327,-0.6202681337259102,-1.7658692452779832,-3.4200126482613378,-0.6418598572866918,1.6105394421631705,1.443474457845353,0.9070353102412075,-1.0869926459504045,2.510907816917003,-1.6842880420113069,-0.7232806374046377,-2.928187841191477,0.4404997726270686,0.3389919758041485,-0.9504210793221342,-1.5302914756421864,-0.34872042706840395,-0.057456097521714704,0.2502222869889985,0.9219719977517985,1.3615108942206426,0.8844400209709534,1.1246999506581719,0.798189931084239,-2.0754299261147193,1.5662522887434436,-2.16708947494061,-1.9757586341166045,-0.1610122817622283,-1.2876616008076252,0.1979479288273657,1.3313239237483747,2.4988922026106515,-1.3386265036249496,0.4291667514725816
12.958432114558864,-1.9935022522072083,-3.6571683359371394,3.7721148735838654,-4.508768206064188,-3.0618500291502264,0.8752442802947762,13.51645597350155,-3.236165885976164,-0.8327956353669743,-7.036880608396361,-14.914711128646532,-6.116458901815476,4.044624602299267,4.455311439356551,-0.3551626166482742,-1.807808315808466,7.700729316339031,-6.241586083176943,-1.3958387750833126,-8.638104923251554,0.5557054690339838,1.8287060218255253,-1.6873141264495017,-5.241942430494741,-3.489938529120648,0.436494038718021,-1.1924562451271272,2.428583624808828,3.0306539577494904,2.097442040266048,4.536725438919177,5.59697586052259,-9.18384084302221,6.371441144637709,-8.832171423631399,-6.5661419376137244,-1.479077765194579,-4.560973517440959,0.9881285402118763,2.4988922026106515,11.253324222932227,-6.351472213333711,2.9918946967279836
-7.11914319185573,1.141024630252819,1.7413125102212725,-1.7332305113448911,2.4794057083134358,1.9258579747166646,-0.32143335108668003,-7.535116764278704,1.550574862631638,0.2834721936819767,3.8013374139621727,8.509428048560563,3.529339287256057,-2.474316705252383,-2.3169019760832517,0.3251879874999142,1.1787402339167958,-4.867713056578251,3.6289243595620326,0.9675385228611779,5.085590804693397,-0.5092456036066557,-0.9324645214010131,1.0513566911774432,3.010111047429356,2.0212142362758443,-0.14134497244553876,0.556856401193329,-1.6208705572156372,-1.8881692526099014,-1.3368635264591018,-2.4984312025642725,-3.335152214779539,5.39883272199624,-4.036376703154611,4.98868480313844,3.9690635207819227,0.9175410156797308,2.7057937488815673,-0.4019362278169968,-1.3386265036249496,-6.351472213333711,3.876729374555436,-1.5380219750989463
3.4245810403627717,-0.72899311601618,-1.3122169540629964,1.1775292245233517,-1.2784383535933397,-0.7107348045531824,0.07893997360545334,3.5421652234682353,-0.9055702834378963,-0.19079199520221618,-1.9237455757911726,-3.9346353659877806,-1.8870746042015287,0.668766094584411,1.1375394416840472,-0.38854059334361246,-0.08943348821094206,1.3960966151423,-1.4511483480742715,-0.11592905176136035,-1.7717929095449172,-0.1088648964160507,0.5576144265466625,-0.1822428803783379,-1.257770491763305,-1.0378301024736538,0.27038725867638386,-0.6269633049132469,0.2955184924381507,0.43230450192655323,0.2954927649702028,1.1953390459326103,1.5641631465743846,-2.2906699238347303,1.3804788066567992,-2.2521110791398935,-1.3784281598214487,-0.3982272521769091,-1.0036394155457733,0.377032092817318,0.4291667514725816,2.9918946967279836,-1.5380219750989463,1.0627447301496489
