V1,V2,V3,V4,V5,V6,V7,V8,V9,V10,V11,V12,V13,V14,V15,V16,V17,V18,V19,V20,V21,V22,V23,V24,V25,V26,V27,V28,V29,V30,V31,V32,V33,V34,V35,V36,V37,V38,V39,V40,V41,V42,V43,V44
7.880622292457963,-1.0567669200903362,-2.271741554047636,2.528672880239075,-2.6868303071642607,-1.585631966692582,0.7403137430171128,8.111513589021648,-2.1224771825704125,-0.6187184205064171,-4.285349060137159,-8.752663472894017,-3.5877026596424684,2.3778720563267215,2.824650302216444,0.05979005525862317,-1.1231951222092944,4.327391506041531,-3.6244632647568076,-0.8025054196917123,-5.137174327601719,0.2253256494787276,1.1347108065895153,-1.0604110158865971,-3.1557890112000178,-1.9190835330676825,0.3026228204457741,-0.69947571136265,1.308552235475341,1.7831746722437187,1.2112678969777944,2.597794151649437,3.0351864647258147,-5.2469033342497395,3.4567316913199795,-5.251762938259093,-3.798795569197504,-0.7673047151087743,-2.6389234350436395,0.6589639610026498,1.6624107266059913,6.6280691550051705,-3.560585633327769,1.7579396988512994
-1.0567669200903362,0.5925565560130971,0.5025642702720039,-0.27139354828615797,0.433652961896328,0.22309511453468778,0.2793473540097596,-1.1850833937783263,0.13601400503650923,-0.19586506502938655,0.634009817924386,1.481984618662964,1.0783153417000655,0.001377742532294867,-0.10147917001973335,0.6071429558048966,-0.26352193258649753,-0.29725882162789274,0.3251509291446781,-0.060569866144708905,0.179101407832787,0.13887625562277414,-0.14596593661624224,-0.21982208928198957,0.3079035436400144,0.56962477581120885,-0.06669951106199228,0.5096612137806256,0.09517263467731019,0.10782773865510593,0.12903312851211637,-0.2884915361726063,-0.7814253411713928,0.8938656917720895,-0.4761304807175565,0.8440954691070832,0.36235537627742914,0.14218372040340327,0.22262450313252188,-0.18670134656188375,0.16471615994596986,-1.0009567573045768,0.6733079620008081,-0.40016122423125433
-2.271741554047636,0.5025642702720039,1.5197117640110955,-1.3530259839859304,0.9920844236334174,0.38536059760391966,0.009575056859431235,-2.1874082989185104,0.8326661796149138,0.6420760686192429,1.3152488350625495,2.3306131750134265,0.9269054787750532,-0.15010825391702262,-1.0830380199334793,0.47292245389816406,-0.04341314142526685,-0.1215944288829483,0.7858461064959278,-0.28668906022470264,0.6200515447141085,0.21998673832608878,-0.6614736136422994,0.08922909767215266,0.6862991072925634,1.0107629985589515,-0.32244885719357386,0.15708381297574672,-0.1253348992224522,-0.11010562906274762,-0.06147781905064995,-1.104502858557247,-1.09529375803267,1.3366575932925546,-0.23145179836700566,1.4931596081668954,0.3114919753182755,0.25143381080111965,0.6577492200226054,-0.23955043623888095,-0.38145407594146147,-2.0532918738835435,0.7585559366408524,-0.9002362206165683
2.528672880239075,-0.27139354828615797,-1.3530259839859304,1.6221186226561588,-0.9659440046005628,-0.18234436446507718,0.2739536187011107,2.3849372689672883,-0.9501760913417444,-0.8215913151562568,-1.380155354471772,-2.400071310068942,-0.7284828989052875,0.5216998015771381,1.318587648618288,-0.08748892749249335,-0.42784952242580077,0.44654147329953797,-0.8996775522336631,0.13967423169603205,-1.0219900647926539,-0.07701215248065127,0.6918143295485654,-0.4517807938677373,-0.8919993963850377,-0.8870134640557661,0.1911598113638492,0.27254191926515936,0.3139873554311275,0.45695125199096276,0.2629870230844039,0.9789615841700854,0.829179850608594,-1.3736414551227716,0.1512848356917222,-1.695034757036746,-0.4914010349250049,-0.12148659813646308,-0.8398991746940354,0.17971694813688824,0.7766416594914721,2.0749989633679857,-0.7695512608730355,0.6250902019844676
-2.6868303071642607,0.433652961896328,0.9920844236334174,-0.9659440046005628,1.0471339295847442,0.671034750242848,-0.15169329501503165,-2.742108096487707,0.7540532390137744,0.2865064319212725,1.5138997361333448,2.989958348474856,1.177995862857351,-0.7079790206519573,-1.037219077747089,0.15163795351085407,0.2819808973874716,-1.2764541512410867,1.25682681121504,0.12749947780492238,1.5785914983768443,0.013881632507475662,-0.46480474687172463,0.25343617604453766,1.0497979305837928,0.8012088427919903,-0.14458737694546556,0.25549997037593764,-0.42176038493420354,-0.4953516754223424,-0.37612392123086763,-1.0450342701127522,-1.1945779078107268,1.7686451652354838,-1.078622470053218,1.834722341783018,1.1851158853990555,0.2951777923061784,0.8694979781111164,-0.22649397841256463,-0.5082927668382575,-2.335240515536139,1.2146186980324611,-0.692431552193642
-1.585631966692582,0.22309511453468778,0.38536059760391966,-0.18234436446507718,0.671034750242848,0.873568797587786,-0.018453770868274114,-1.6654815452393403,0.3362540757296866,0.004935408299604455,0.9116138787651514,1.9522695362693177,0.5918587137791614,-0.6128081443069546,-0.5905982999243984,0.026590183944724302,0.1734719049892071,-1.3076182214469458,1.1019669251488295,0.20741451693884552,1.3841116608934607,-0.10712293663636928,-0.21659222352383378,0.10763909985705153,0.7024357191339322,0.4262292032212862,-0.0924337461699498,0.26038654823581,-0.5014721555318333,-0.396084792779402,-0.4378721332420927,-0.8900302366603655,-0.9364580117277409,1.219944212382655,-1.2224604683335947,1.0676097252121453,1.1210214741810762,0.3422075786328241,0.6337211381377277,-0.07715745141227495,-0.21870410232175075,-1.5594446265542736,0.914540676284508,-0.43231872973611285
0.7403137430171128,0.2793473540097596,0.009575056859431235,0.2739536187011107,-0.15169329501503165,-0.018453770868274114,0.8352399464489652,0.892217800083448,-0.6770934887390663,-0.37860211867217836,-0.5225708565614974,-0.6083725005263771,0.3924891010357338,0.6051611196725487,0.36151184907177586,0.793284183079584,-0.3545060200091062,0.7535771714626107,-0.3485980513988303,-0.33893614416133244,-0.970627134060449,0.184739639179281,-0.10564073761043931,-0.31258353752150253,-0.38485519233768273,0.32351879666213623,-0.11707802811531254,0.001739307449597974,0.14074245483133188,0.5072614815314556,0.19613481419212586,0.29168525830544173,-0.15767932854439679,-0.31363391775946625,0.3236469554792354,-0.44497927345848315,-0.6002781402092993,0.1642452824036128,-0.19151996111816555,0.2351701407788554,0.6158006028023901,0.250096192918493,-0.05390858625003936,0.08111157588252753
8.111513589021648,-1.1850833937783263,-2.1874082989185104,2.3849372689672883,-2.742108096487707,-1.6654815452393403,0.892217800083448,8.588052805095488,-2.250561179963577,-0.5599382780195369,-4.47367705960177,-9.289194195530177,-3.754634830291777,2.588395258274636,2.7020170362812763,0.053340252428420054,-1.1250410348568378,4.839308791594749,-3.713589448764049,-1.0115561111469211,-5.430629146237667,0.35729202477498967,0.9794117275344384,-1.066850137896085,-3.2886264875804017,-1.94696198080066,0.1856527757536878,-0.8845582861464174,1.3357092399104982,1.9574792402526546,1.1984768030837478,2.661003216955185,3.2534177099858,-5.649006893574081,3.8768454920988416,-5.533845588900341,-4.1438861860465055,-0.7455918326550715,-2.711026461442366,0.7684296962967765,1.7131855057116425,6.7736136982092265,-3.8408700028128098,1.8541364212018003
-2.1224771825704125,0.13601400503650923,0.8326661796149138,-0.9501760913417444,0.7540532390137744,0.3362540757296866,-0.6770934887390663,-2.250561179963577,1.0565281782474478,0.5920921975688858,1.309265775403644,2.159177627606558,0.38000923037972495,-0.6978084631396773,-0.911936390521275,-0.3571267625189083,0.27662246402410207,-0.9586025819348418,0.8817887888809608,0.18706834453623333,1.3567466316758126,-0.05747310493637589,-0.2793717427763182,0.29078807248927124,0.8109499274755982,0.3599440890078353,-0.0577266725761639,0.20266308688832177,-0.2320848283622055,-0.5306586565192188,-0.23336109257381163,-0.9353789474222847,-0.636490938789374,1.2355578144193455,-0.6344813344119848,1.405037512521753,0.8972383325268539,0.029822172163555698,0.6072041416366535,-0.36740078564278617,-0.7204559454980226,-1.5701065844601694,0.6543320533239814,-0.5940107033916242
-0.6187184205064171,-0.19586506502938655,0.6420760686192429,-0.8215913151562568,0.2865064319212725,0.004935408299604455,-0.37860211867217836,-0.5599382780195369,0.5920921975688858,0.9007020543299009,0.346613235774792,0.3832838657519276,-0.584256414623586,-0.2916608303895327,-0.7069511103202376,-0.2179864971422738,0.3964584923553791,-0.004817938182733328,0.2030536667030153,-0.063604145850541,0.30408098809844736,-0.16165534985799224,-0.31490692625293965,0.4457138356776457,0.2337616770396712,0.3173934112653681,-0.04764081023759896,-0.6498402971936504,-0.3135243946848237,-0.4123960920626091,-0.19136842803458887,-0.6084936814906852,-0.12906389589100176,0.3146507020798679,0.2888690554211691,0.4368555451161975,-0.12144836798800074,-0.025951370986255225,0.3985960261593179,0.03150482057821306,-0.6346849699428296,-0.5025334552118024,0.004470956371131582,-0.22868024375036947
-4.285349060137159,0.634009817924386,1.3152488350625495,-1.380155354471772,1.5138997361333448,0.9116138787651514,-0.5225708565614974,-4.47367705960177,1.309265775403644,0.346613235774792,2.4533539478377544,4.77291279995076,1.868725542197301,-1.2497990270739074,-1.4937963347391037,-0.0661687840884736,0.4491116453268814,-2.269262720748764,1.9408384503503748,0.39276365643350286,2.7308353597356896,-0.03484063222721642,-0.5480940411024944,0.40233094439919426,1.6871650280647712,0.9796921964582626,-0.157597864840457,0.617448069196873,-0.5630333538244675,-0.8652582284496511,-0.554660978500843,-1.487022744576296,-1.672263655505464,2.787546486556029,-1.8503192188610755,2.8838908726771186,2.0838465874693566,0.35495443108359576,1.3079481491700309,-0.49604622895634243,-0.8790805013188465,-3.5138293901444517,1.8699207696266043,-1.0329812509174308
-8.752663472894017,1.481984618662964,2.3306131750134265,-2.400071310068942,2.989958348474856,1.9522695362693177,-0.6083725005263771,-9.289194195530177,2.159177627606558,0.3832838657519276,4.77291279995076,10.338995440357778,4.436353218410683,-2.7273019281254474,-2.770816358122167,0.32732516421091795,1.1172324188456955,-5.362532771877113,4.098101643627124,1.0650389160502844,5.821199909932334,-0.39921037049099184,-1.0709600472629888,1.111474892512738,3.561502803061439,2.3060123207191525,-0.247126618046267,1.0091197616698382,-1.4927278635658625,-2.050196001528587,-1.3139674792458624,-2.863224979280964,-3.8302507254063234,6.352038690279813,-4.485490682513718,6.005696261314117,4.523528479605882,0.9537897333468391,3.02182432427702,-0.7391708889658041,-1.6044147828640678,-7.5348444234179155,4.4157726005876325,-2.0573556825102854
-3.5877026596424684,1.0783153417000655,0.9269054787750532,-0.7284828989052875,1.177995862857351,0.5918587137791614,0.3924891010357338,-3.754634830291777,0.38000923037972495,-0.584256414623586,1.868725542197301,4.436353218410683,3.0878009667510162,-0.5723230635585449,-0.6850187816323823,0.8149121889200148,-0.027573620945384448,-1.7427159581178098,1.4100608821057152,0.2798774858404236,1.7937071573432488,0.1723579659240445,-0.4234642752866243,0.03635450540835498,1.3271425690467968,1.122965616270289,-0.21941309772655931,1.0485263859533969,-0.1800766091450619,-0.2853451419147025,-0.1990629331346097,-0.615756566759824,-1.727014018672562,2.6254408178238093,-1.8262530898764215,2.418509006820539,1.6705809570998997,0.4883549071943378,0.9844576114035556,-0.3365853711652799,-0.007615093801140242,-3.186895906758023,2.008414339526705,-0.890826741364938
2.3778720563267215,0.001377742532294867,-0.15010825391702262,0.5216998015771381,-0.7079790206519573,-0.6128081443069546,0.6051611196725487,2.588395258274636,-0.6978084631396773,-0.2916608303895327,-1.2497990270739074,-2.7273019281254474,-0.5723230635585449,1.4067277035949164,0.897167263278054,0.5406381030056421,-0.9296077994299441,2.33242515088399,-1.381904230061808,-0.6706414955838961,-2.345125340548685,0.4827852305702588,0.17613831015561898,-0.7449998673862785,-1.1925441000005295,-0.33658622368251606,-0.18534174464680117,0.22276644020430783,0.860645312356112,1.1469454329755333,0.7415225297644369,0.8155515464017296,0.7830470225968752,-1.8002922227138698,1.5287603502611595,-1.7441752312503782,-1.742859076069021,-0.14574381347040197,-1.067647865966584,0.08577339930751902,0.9295443314862828,1.8993497835050754,-1.2683506691327298,0.16306656133927705
2.824650302216444,-0.10147917001973335,-1.0830380199334793,1.318587648618288,-1.037219077747089,-0.5905982999243984,0.36151184907177586,2.7020170362812763,-0.911936390521275,-0.7069511103202376,-1.4937963347391037,-2.770816358122167,-0.6850187816323823,0.897167263278054,1.460876794449891,0.22956850717934046,-0.6653466317411646,1.2709280252304211,-1.366809014850565,-0.13967369704107707,-1.8491275085471035,0.1110364387925062,0.6452173131768745,-0.6107183914799644,-1.1364760066275734,-0.7613763148319739,0.18482175459513983,0.2966298780916823,0.692513434726154,0.7691642889692714,0.6125071608630542,1.1998854320424484,0.9408509700860372,-1.6547216911309814,0.8281787709934808,-1.8099459897036267,-1.1003684133136062,-0.28957168333003747,-1.0870661179659105,0.09144019157653818,0.9011958276103897,2.4170376343587243,-1.037404365301722,0.6065081596773084
0.05979005525862317,0.6071429558048966,0.47292245389816406,-0.08748892749249335,0.15163795351085407,0.026590183944724302,0.793284183079584,0.053340252428420054,-0.3571267625189083,-0.2179864971422738,-0.0661687840884736,0.32732516421091795,0.8149121889200148,0.5406381030056421,0.22956850717934046,1.1136812680237465,-0.46410738802367574,0.6266848302126847,-0.22632676354323744,-0.37212967281530696,-0.9159136267003273,0.21152362992354298,-0.19800948228324916,-0.3445448758524883,-0.19053588585501835,0.7061157553489341,-0.10970364875014967,0.19523238775592783,0.21389783881379107,0.46675095796340904,0.3273162424288034,-0.0011354670115660609,-0.6392447242472968,0.29429540175100527,0.17068830968797036,0.15858354165788263,-0.47796417664831536,0.160845813689987,-0.04060084566912603,0.061414679826846175,0.5452170615045964,-0.31989507368497255,0.30234281804668217,-0.24203443425926716
-1.1231951222092944,-0.26352193258649753,-0.04341314142526685,-0.42784952242580077,0.2819808973874716,0.1734719049892071,-0.3545060200091062,-1.1250410348568378,0.27662246402410207,0.3964584923553791,0.4491116453268814,1.1172324188456955,-0.027573620945384448,-0.9296077994299441,-0.6653466317411646,-0.46410738802367574,0.9393964189022947,-1.313576246482203,0.692686293958835,0.42102574846246754,1.33648613570149,-0.42766372024352894,-0.17895990570483788,0.7636629142116558,0.6760582984443616,0.19073581003675938,0.1740010591868228,-0.7580970986881651,-0.7426196488574761,-0.8939311154389824,-0.6038101887963965,-0.31356979902473187,-0.18554844347803326,0.8449192309187205,-0.5861254567351731,0.8745185139097833,0.819051167151263,0.04329476363200929,0.7408873195356518,0.18908510629106853,-0.7793281284195488,-0.8917441165891408,0.6213751219353768,0.18732094163145122
4.327391506041531,-0.29725882162789274,-0.1215944288829483,0.44654147329953797,-1.2764541512410867,-1.3076182214469458,0.7535771714626107,4.839308791594749,-0.9586025819348418,-0.004817938182733328,-2.269262720748764,-5.362532771877113,-1.7427159581178098,2.33242515088399,1.2709280252304211,0.6266848302126847,-1.313576246482203,4.457919031522915,-2.5288843319058523,-1.2982753779632163,-4.285974677562966,0.8090924775752555,0.15518350722442945,-1.0705701778467613,-2.130418271849137,-0.6675986334173994,-0.24844009409886425,-0.12800036965831146,1.4426491658220733,1.8794325228620417,1.2449284885489618,1.3561661348662488,1.7371247652633768,-3.5302924333922516,3.3210245514624144,-3.1108337403675863,-3.363155778764452,-0.46612999842346575,-1.8658970246643303,0.18349308260777525,1.2384909377649138,3.6344871921240656,-2.60285028368335,0.5057758667178217
-3.6244632647568076,0.3251509291446781,0.7858461064959278,-0.8996775522336631,1.25682681121504,1.1019669251488295,-0.3485980513988303,-3.713589448764049,0.8817887888809608,0.2030536667030153,1.9408384503503748,4.098101643627124,1.4100608821057152,-1.381904230061808,-1.366809014850565,-0.22632676354323744,0.692686293958835,-2.5288843319058523,2.0678296220016708,0.5000329403660216,2.8763151379839367,-0.252760351372172,-0.5154566713419866,0.5974808119709883,1.5715110586659269,0.7667968819290143,-0.11914046551791485,0.22809710723465132,-0.9025909846978465,-1.0064888440370707,-0.8487301644889576,-1.4131933932681093,-1.4792493323137772,2.507377868692525,-2.059998449997384,2.3709703513720517,2.1390607071096306,0.4716308466970424,1.374206191167128,-0.20832921706535737,-0.7918199802656942,-3.189454678261338,1.7507230359362385,-0.7228892806023481
-0.8025054196917123,-0.060569866144708905,-0.28668906022470264,0.13967423169603205,0.12749947780492238,0.20741451693884552,-0.33893614416133244,-1.0115561111469211,0.18706834453623333,-0.063604145850541,0.39276365643350286,1.0650389160502844,0.2798774858404236,-0.6706414955838961,-0.13967369704107707,-0.37212967281530696,0.42102574846246754,-1.2982753779632163,0.5000329403660216,0.5081942102966623,1.1520151516042774,-0.32413829000423955,0.1288104623818267,0.3508757353234787,0.4774272190617151,-0.06299176925529233,0.15646591031179766,-0.006969358178633909,-0.3839373824555393,-0.5905850688585839,-0.3255364067235213,-0.13519713938321404,-0.20443004077657118,0.7646384860317913,-0.8916347753591662,0.5930710564097414,0.9029866953744546,0.045843344080111356,0.4028066633390307,-0.027421108382061028,-0.36083167324026894,-0.5825300760178684,0.5705535979503324,0.01758193382317534
-5.137174327601719,0.179101407832787,0.6200515447141085,-1.0219900647926539,1.5785914983768443,1.3841116608934607,-0.970627134060449,-5.430629146237667,1.3567466316758126,0.30408098809844736,2.7308353597356896,5.821199909932334,1.7937071573432488,-2.345125340548685,-1.8491275085471035,-0.9159136267003273,1.33648613570149,-4.285974677562966,2.8763151379839367,1.1520151516042774,4.703074071807608,-0.6203829411445676,-0.4220241160720393,1.1523010157446594,2.372877429523011,0.677960791650402,-0.0035116981430723146,0.18306384202338954,-1.4279607751944883,-1.8715282894958223,-1.3611160161067157,-1.72060131584011,-1.7363793829262613,3.6034982129670277,-3.222464527274488,3.345180037827531,3.4169770206948407,0.5482763109673043,2.0143406708553124,-0.29226486520633926,-1.4695452415869412,-4.24875246195169,2.5261574864510106,-0.8255920505969999
0.2253256494787276,0.13887625562277414,0.21998673832608878,-0.07701215248065127,0.013881632507475662,-0.10712293663636928,0.184739639179281,0.35729202477498967,-0.05747310493637589,-0.16165534985799224,-0.03484063222721642,-0.39921037049099184,0.1723579659240445,0.4827852305702588,0.1110364387925062,0.21152362992354298,-0.42766372024352894,0.8090924775752555,-0.252760351372172,-0.32413829000423955,-0.6203829411445676,0.3683059646901065,-0.03635262149535197,-0.395905959937407,-0.22550476996548594,-0.03919598310231249,-0.1452133241630627,0.3840169028200183,0.4185285698903466,0.5120523084661942,0.2825674702882734,0.14686895593309074,0.1044987232556601,-0.4479658981740646,0.46069543110540817,-0.2506909724676833,-0.41105356457026454,-0.0313537515244024,-0.35236195977147955,-0.11677476417067333,0.3217288518784736,0.23255286973929817,-0.3014599078940533,-0.09264917602523189
1.1347108065895153,-0.14596593661624224,-0.6614736136422994,0.6918143295485654,-0.46480474687172463,-0.21659222352383378,-0.10564073761043931,0.9794117275344384,-0.2793717427763182,-0.31490692625293965,-0.5480940411024944,-1.0709600472629888,-0.4234642752866243,0.17613831015561898,0.6452173131768745,-0.19800948228324916,-0.17895990570483788,0.15518350722442945,-0.5154566713419866,0.1288104623818267,-0.4220241160720393,-0.03635262149535197,0.4422252290437864,-0.1983013363470433,-0.38848551442271245,-0.5364652807424611,0.15535140962200913,0.1731034461495509,0.24915965932181852,0.1486725370931162,0.1849469411674069,0.5430089149353243,0.49545755764055865,-0.6574075274852843,0.12359554191555891,-0.7234038628293543,-0.19087184363415727,-0.1706963644161917,-0.45623758215526006,-0.0159785294521611,0.24228007881154626,1.1085634430011786,-0.40257331494994697,0.3021862048005961
-1.0604110158865971,-0.21982208928198957,0.08922909767215266,-0.4517807938677373,0.25343617604453766,0.10763909985705153,-0.31258353752150253,-1.066850137896085,0.29078807248927124,0.4457138356776457,0.40233094439919426,1.111474892512738,0.03635450540835498,-0.7449998673862785,-0.6107183914799644,-0.3445448758524883,0.7636629142116558,-1.0705701778467613,0.5974808119709883,0.3508757353234787,1.1523010157446594,-0.395905959937407,-0.1983013363470433,0.76097916576037306,0.581742385322624,0.21544557107989365,0.06573800188423845,-0.6844268415914974,-0.6299352550052963,-0.7972339419394244,-0.5006510085791033,-0.3529702694689806,-0.2279498793630005,0.8588472176744142,-0.543036691263895,0.7151557291679701,0.6040853893967819,0.09815091537674972,0.7042872229750531,0.16357570508164423,-0.6653852325922535,-0.9165251142182874,0.5379220674369942,-0.019308462046557152
-3.1557890112000178,0.3079035436400144,0.6862991072925634,-0.8919993963850377,1.0497979305837928,0.7024357191339322,-0.38485519233768273,-3.2886264875804017,0.8109499274755982,0.2337616770396712,1.6871650280647712,3.561502803061439,1.3271425690467968,-1.1925441000005295,-1.1364760066275734,-0.19053588585501835,0.6760582984443616,-2.130418271849137,1.5715110586659269,0.4774272190617151,2.372877429523011,-0.22550476996548594,-0.38848551442271245,0.581742385322624,1.373802036568802,0.6807192939289713,-0.03478480898196798,0.12165886631373785,-0.7007362753743129,-0.9277593662215028,-0.6481916404814303,-1.0016527022344068,-1.1788527811959906,2.1763556762501306,-1.6027215397526362,2.149493298934378,1.7571801425305809,0.2991830164294748,1.1588687994442863,-0.19433508483013015,-0.7914616512657451,-2.637917388100374,1.5351583920319654,-0.5614250978101006
-1.9190835330676825,0.56962477581120885,1.0107629985589515,-0.8870134640557661,0.8012088427919903,0.4262292032212862,0.32351879666213623,-1.94696198080066,0.3599440890078353,0.3173934112653681,0.9796921964582626,2.3060123207191525,1.122965616270289,-0.33658622368251606,-0.7613763148319739,0.7061157553489341,0.19073581003675938,-0.6675986334173994,0.7667968819290143,-0.06299176925529233,0.677960791650402,-0.03919598310231249,-0.5364652807424611,0.21544557107989365,0.6807192939289713,1.1187781180921812,-0.11463685946685612,-0.0968376871623163,-0.39794857777391435,-0.30718341391388404,-0.19410588021999972,-0.8141809913484643,-1.2042673023669042,1.5432858902114632,-0.5922750645814552,1.4918668181237837,0.5268969134256042,0.30020193310850957,0.789787026720244,-0.0072309617158333095,-0.262536815605405,-1.9193765599682773,1.0872715209951591,-0.5511781574744685
0.3026228204457741,-0.06669951106199228,-0.32244885719357386,0.1911598113638492,-0.14458737694546556,-0.0924337461699498,-0.11707802811531254,0.1856527757536878,-0.0577266725761639,-0.04764081023759896,-0.157597864840457,-0.247126618046267,-0.21941309772655931,-0.18534174464680117,0.18482175459513983,-0.10970364875014967,0.1740010591868228,-0.24844009409886425,-0.11914046551791485,0.15646591031179766,-0.0035116981430723146,-0.1452133241630627,0.15535140962200913,0.06573800188423845,-0.03478480898196798,-0.11463685946685612,0.21933504790233507,-0.13948860294725435,-0.06403513336430657,-0.15268478672496238,-0.010210437340638005,0.19165952823035884,0.1439923082616431,-0.06315702157080899,-0.006771356409605459,-0.00960906063429398,0.10320147870718119,-0.13742973449266452,-0.04918174536352403,0.02616629315768268,-0.08698146249040013,0.36278941498347284,6.383345137329888e-4,0.2836563170990833
-0.69947571136265,0.5096612137806256,0.15708381297574672,0.27254191926515936,0.25549997037593764,0.26038654823581,0.001739307449597974,-0.8845582861464174,0.20266308688832177,-0.6498402971936504,0.617448069196873,1.0091197616698382,1.0485263859533969,0.22276644020430783,0.2966298780916823,0.19523238775592783,-0.7580970986881651,-0.12800036965831146,0.22809710723465132,-0.006969358178633909,0.18306384202338954,0.3840169028200183,0.1731034461495509,-0.6844268415914974,0.12165886631373785,-0.0968376871623163,-0.13948860294725435,1.406342048876864,0.5578777395338731,0.49509345741050803,0.33866277178026255,-0.08603075258968938,-0.3989449914181463,0.3539313296270491,-0.6167238451339685,0.3397645456831568,0.513535982653606,0.05899415502874301,-0.28571038565181184,-0.49852584132328676,0.49081198455195885,-0.4666385641011629,0.2716390638772069,-0.474893722940166
1.308552235475341,0.09517263467731019,-0.1253348992224522,0.3139873554311275,-0.42176038493420354,-0.5014721555318333,0.14074245483133188,1.3357092399104982,-0.2320848283622055,-0.3135243946848237,-0.5630333538244675,-1.4927278635658625,-0.1800766091450619,0.860645312356112,0.692513434726154,0.21389783881379107,-0.7426196488574761,1.4426491658220733,-0.9025909846978465,-0.3839373824555393,-1.4279607751944883,0.4185285698903466,0.24915965932181852,-0.6299352550052963,-0.7007362753743129,-0.39794857777391435,-0.06403513336430657,0.5578777395338731,0.8242481554859693,0.8196650791293453,0.628462009270843,0.6254634595253626,0.5638893291351402,-1.12499049763448,0.9217481121826249,-0.9640242666760551,-0.9421644233783364,-0.2328820297930741,-0.8394902492441618,-0.18957867986573582,0.6050290456317182,1.2719469768035316,-0.8254742865283309,0.06285400277795007
1.7831746722437187,0.10782773865510593,-0.11010562906274762,0.45695125199096276,-0.4953516754223424,-0.396084792779402,0.5072614815314556,1.9574792402526546,-0.5306586565192188,-0.4123960920626091,-0.8652582284496511,-2.050196001528587,-0.2853451419147025,1.1469454329755333,0.7691642889692714,0.46675095796340904,-0.8939311154389824,1.8794325228620417,-1.0064888440370707,-0.5905850688585839,-1.8715282894958223,0.5120523084661942,0.1486725370931162,-0.7972339419394244,-0.9277593662215028,-0.30718341391388404,-0.15268478672496238,0.49509345741050803,0.8196650791293453,1.0791921888707368,0.6547374026940225,0.630052464500446,0.5626204536045872,-1.4536755045380076,1.1495913777594016,-1.307565052811237,-1.2596256738671934,-0.13731516563175344,-0.946600295163608,-0.04789746514249919,0.8638908217991179,1.4628409284774937,-0.9899740338935874,0.12615560207206167
1.2112678969777944,0.12903312851211637,-0.06147781905064995,0.2629870230844039,-0.37612392123086763,-0.4378721332420927,0.19613481419212586,1.1984768030837478,-0.23336109257381163,-0.19136842803458887,-0.554660978500843,-1.3139674792458624,-0.1990629331346097,0.7415225297644369,0.6125071608630542,0.3273162424288034,-0.6038101887963965,1.2449284885489618,-0.8487301644889576,-0.3255364067235213,-1.3611160161067157,0.2825674702882734,0.1849469411674069,-0.5006510085791033,-0.6481916404814303,-0.19410588021999972,-0.010210437340638005,0.33866277178026255,0.628462009270843,0.6547374026940225,0.5628980293613705,0.4905451849934386,0.3929971247244024,-0.8789137245426796,0.839564344368324,-0.7876683744543046,-0.893571591088369,-0.19556731014664114,-0.6694459627083048,-0.10554666285219975,0.5015226294882599,1.1000178810185255,-0.6540250058650713,0.0682539390818661
2.597794151649437,-0.2884915361726063,-1.104502858557247,0.9789615841700854,-1.0450342701127522,-0.8900302366603655,0.29168525830544173,2.661003216955185,-0.9353789474222847,-0.6084936814906852,-1.487022744576296,-2.863224979280964,-0.615756566759824,0.8155515464017296,1.1998854320424484,-0.0011354670115660609,-0.31356979902473187,1.3561661348662488,-1.4131933932681093,-0.13519713938321404,-1.72060131584011,0.14686895593309074,0.5430089149353243,-0.3529702694689806,-1.0016527022344068,-0.8141809913484643,0.19165952823035884,-0.08603075258968938,0.6254634595253626,0.630052464500446,0.4905451849934386,1.4937811736102355,1.2646549043732547,-1.8031098573937547,1.161555284485799,-1.7165486158754728,-1.172964296314505,-0.360797508115784,-0.9994106503536982,0.20840375340048514,0.640779524647541,2.3906453274639285,-1.0942924355637957,0.8345456930095431
3.0351864647258147,-0.7814253411713928,-1.09529375803267,0.829179850608594,-1.1945779078107268,-0.9364580117277409,-0.15767932854439679,3.2534177099858,-0.636490938789374,-0.12906389589100176,-1.672263655505464,-3.8302507254063234,-1.727014018672562,0.7830470225968752,0.9408509700860372,-0.6392447242472968,-0.18554844347803326,1.7371247652633768,-1.4792493323137772,-0.20443004077657118,-1.7363793829262613,0.1044987232556601,0.49545755764055865,-0.2279498793630005,-1.1788527811959906,-1.2042673023669042,0.1439923082616431,-0.3989449914181463,0.5638893291351402,0.5626204536045872,0.3929971247244024,1.2646549043732547,1.8012522002466007,-2.4504450843586754,1.6487337677138532,-2.203438187647114,-1.4561293325838331,-0.47658378010784097,-1.1163558481612867,0.20397444842621035,0.33530852391018906,2.891634987660645,-1.7432801363826849,0.9026502957774178
-5.2469033342497395,0.8938656917720895,1.3366575932925546,-1.3736414551227716,1.7686451652354838,1.219944212382655,-0.31363391775946625,-5.649006893574081,1.2355578144193455,0.3146507020798679,2.787546486556029,6.352038690279813,2.6254408178238093,-1.8002922227138698,-1.6547216911309814,0.29429540175100527,0.8449192309187205,-3.5302924333922516,2.507377868692525,0.7646384860317913,3.6034982129670277,-0.4479658981740646,-0.6574075274852843,0.8588472176744142,2.1763556762501306,1.5432858902114632,-0.06315702157080899,0.3539313296270491,-1.12499049763448,-1.4536755045380076,-0.8789137245426796,-1.8031098573937547,-2.4504450843586754,4.09306924356309,-2.8770101079465737,3.7138718501880916,2.799484280238847,0.6178799080416872,1.9997255330475652,-0.3334170626502204,-1.0441635614202784,-4.633921724707024,2.837985148233523,-1.1982134394282111
3.4567316913199795,-0.4761304807175565,-0.23145179836700566,0.1512848356917222,-1.078622470053218,-1.2224604683335947,0.3236469554792354,3.8768454920988416,-0.6344813344119848,0.2888690554211691,-1.8503192188610755,-4.485490682513718,-1.8262530898764215,1.5287603502611595,0.8281787709934808,0.17068830968797036,-0.5861254567351731,3.3210245514624144,-2.059998449997384,-0.8916347753591662,-3.222464527274488,0.46069543110540817,0.12359554191555891,-0.543036691263895,-1.6027215397526362,-0.5922750645814552,-0.006771356409605459,-0.6167238451339685,0.9217481121826249,1.1495913777594016,0.839564344368324,1.161555284485799,1.6487337677138532,-2.8770101079465737,2.8775897660068854,-2.327750222671268,-2.6242832325999235,-0.5422385089467238,-1.3601185392603115,0.24023908416474898,0.5624039475465324,3.0874534702637186,-2.1184425990564644,0.7342886450821615
-5.251762938259093,0.8440954691070832,1.4931596081668954,-1.695034757036746,1.834722341783018,1.0676097252121453,-0.44497927345848315,-5.533845588900341,1.405037512521753,0.4368555451161975,2.8838908726771186,6.005696261314117,2.418509006820539,-1.7441752312503782,-1.8099459897036267,0.15858354165788263,0.8745185139097833,-3.1108337403675863,2.3709703513720517,0.5930710564097414,3.345180037827531,-0.2506909724676833,-0.7234038628293543,0.7151557291679701,2.149493298934378,1.4918668181237837,-0.00960906063429398,0.3397645456831568,-0.9640242666760551,-1.307565052811237,-0.7876683744543046,-1.7165486158754728,-2.203438187647114,3.7138718501880916,-2.327750222671268,3.8105670171674597,2.633561735399893,0.42596784544897726,1.8238840271933596,-0.4174198208479284,-1.1824050267350998,-4.398841250533348,2.6004853845608804,-1.0095286306471887
-3.798795569197504,0.36235537627742914,0.3114919753182755,-0.4914010349250049,1.1851158853990555,1.1210214741810762,-0.6002781402092993,-4.1438861860465055,0.8972383325268539,-0.12144836798800074,2.0838465874693566,4.523528479605882,1.6705809570998997,-1.742859076069021,-1.1003684133136062,-0.47796417664831536,0.819051167151263,-3.363155778764452,2.1390607071096306,0.9029866953744546,3.4169770206948407,-0.41105356457026454,-0.19087184363415727,0.6040853893967819,1.7571801425305809,0.5268969134256042,0.10320147870718119,0.513535982653606,-0.9421644233783364,-1.2596256738671934,-0.893571591088369,-1.172964296314505,-1.4561293325838331,2.799484280238847,-2.6242832325999235,2.633561735399893,2.762293139127031,0.3772681523560579,1.3814765861136107,-0.3164864388536627,-0.8787044237753925,-3.1191771317132666,2.0601419828974383,-0.5498751655753671
-0.7673047151087743,0.14218372040340327,0.25143381080111965,-0.12148659813646308,0.2951777923061784,0.3422075786328241,0.1642452824036128,-0.7455918326550715,0.029822172163555698,-0.025951370986255225,0.35495443108359576,0.9537897333468391,0.4883549071943378,-0.14574381347040197,-0.28957168333003747,0.160845813689987,0.04329476363200929,-0.46612999842346575,0.4716308466970424,0.045843344080111356,0.5482763109673043,-0.0313537515244024,-0.1706963644161917,0.09815091537674972,0.2991830164294748,0.30020193310850957,-0.13742973449266452,0.05899415502874301,-0.2328820297930741,-0.13731516563175344,-0.19556731014664114,-0.360797508115784,-0.47658378010784097,0.6178799080416872,-0.5422385089467238,0.42596784544897726,0.3772681523560579,0.2563229545390871,0.34582413973400516,0.03814329739938893,-0.011221780375874573,-0.8574699847107007,0.45087215673053455,-0.29257619010629216
-2.6389234350436395,0.22262450313252188,0.6577492200226054,-0.8398991746940354,0.8694979781111164,0.6337211381377277,-0.19151996111816555,-2.711026461442366,0.6072041416366535,0.3985960261593179,1.3079481491700309,3.02182432427702,0.9844576114035556,-1.067647865966584,-1.0870661179659105,-0.04060084566912603,0.7408873195356518,-1.8658970246643303,1.374206191167128,0.4028066633390307,2.0143406708553124,-0.35236195977147955,-0.45623758215526006,0.7042872229750531,1.1588687994442863,0.789787026720244,-0.04918174536352403,-0.28571038565181184,-0.8394902492441618,-0.946600295163608,-0.6694459627083048,-0.9994106503536982,-1.1163558481612867,1.9997255330475652,-1.3601185392603115,1.8238840271933596,1.3814765861136107,0.34582413973400516,1.2019648734890465,0.0031196415995444864,-0.7590882852906252,-2.3865651883478978,1.37860964708985,-0.47940766155607206
0.6589639610026498,-0.18670134656188375,-0.23955043623888095,0.17971694813688824,-0.22649397841256463,-0.07715745141227495,0.2351701407788554,0.7684296962967765,-0.36740078564278617,0.03150482057821306,-0.49604622895634243,-0.7391708889658041,-0.3365853711652799,0.08577339930751902,0.09144019157653818,0.061414679826846175,0.18908510629106853,0.18349308260777525,-0.20832921706535737,-0.027421108382061028,-0.29226486520633926,-0.11677476417067333,-0.0159785294521611,0.16357570508164423,-0.19433508483013015,-0.0072309617158333095,0.02616629315768268,-0.49852584132328676,-0.18957867986573582,-0.04789746514249919,-0.10554666285219975,0.20840375340048514,0.20397444842621035,-0.3334170626502204,0.24023908416474898,-0.4174198208479284,-0.3164864388536627,0.03814329739938893,0.0031196415995444864,0.28879073386707427,0.03784487918857014,0.3993164741253032,-0.160634030124189,0.26804863612729013
1.6624107266059913,0.16471615994596986,-0.38145407594146147,0.7766416594914721,-0.5082927668382575,-0.21870410232175075,0.6158006028023901,1.7131855057116425,-0.7204559454980226,-0.6346849699428296,-0.8790805013188465,-1.6044147828640678,-0.007615093801140242,0.9295443314862828,0.9011958276103897,0.5452170615045964,-0.7793281284195488,1.2384909377649138,-0.7918199802656942,-0.36083167324026894,-1.4695452415869412,0.3217288518784736,0.24228007881154626,-0.6653852325922535,-0.7914616512657451,-0.262536815605405,-0.08698146249040013,0.49081198455195885,0.6050290456317182,0.8638908217991179,0.5015226294882599,0.640779524647541,0.33530852391018906,-1.0441635614202784,0.5624039475465324,-1.1824050267350998,-0.8787044237753925,-0.011221780375874573,-0.7590882852906252,0.03784487918857014,0.9279931163172949,1.2214414652035825,-0.6325719599795174,0.13931657539219497
6.6280691550051705,-1.0009567573045768,-2.0532918738835435,2.0749989633679857,-2.335240515536139,-1.5594446265542736,0.250096192918493,6.7736136982092265,-1.5701065844601694,-0.5025334552118024,-3.5138293901444517,-7.5348444234179155,-3.186895906758023,1.8993497835050754,2.4170376343587243,-0.31989507368497255,-0.8917441165891408,3.6344871921240656,-3.189454678261338,-0.5825300760178684,-4.24875246195169,0.23255286973929817,1.1085634430011786,-0.9165251142182874,-2.637917388100374,-1.9193765599682773,0.36278941498347284,-0.4666385641011629,1.2719469768035316,1.4628409284774937,1.1000178810185255,2.3906453274639285,2.891634987660645,-4.633921724707024,3.0874534702637186,-4.398841250533348,-3.1191771317132666,-0.8574699847107007,-2.3865651883478978,0.3993164741253032,1.2214414652035825,5.902199124680349,-3.178954419850296,1.6230851962134278
-3.560585633327769,0.6733079620008081,0.7585559366408524,-0.7695512608730355,1.2146186980324611,0.914540676284508,-0.05390858625003936,-3.8408700028128098,0.6543320533239814,0.004470956371131582,1.8699207696266043,4.4157726005876325,2.008414339526705,-1.2683506691327298,-1.037404365301722,0.30234281804668217,0.6213751219353768,-2.60285028368335,1.7507230359362385,0.5705535979503324,2.5261574864510106,-0.3014599078940533,-0.40257331494994697,0.5379220674369942,1.5351583920319654,1.0872715209951591,6.383345137329888e-4,0.2716390638772069,-0.8254742865283309,-0.9899740338935874,-0.6540250058650713,-1.0942924355637957,-1.7432801363826849,2.837985148233523,-2.1184425990564644,2.6004853845608804,2.0601419828974383,0.45087215673053455,1.37860964708985,-0.160634030124189,-0.6325719599795174,-3.178954419850296,2.1098979193693794,-0.6858320841032133
1.7579396988512994,-0.40016122423125433,-0.9002362206165683,0.6250902019844676,-0.692431552193642,-0.43231872973611285,0.08111157588252753,1.8541364212018003,-0.5940107033916242,-0.22868024375036947,-1.0329812509174308,-2.0573556825102854,-0.890826741364938,0.16306656133927705,0.6065081596773084,-0.24203443425926716,0.18732094163145122,0.5057758667178217,-0.7228892806023481,0.01758193382317534,-0.8255920505969999,-0.09264917602523189,0.3021862048005961,-0.019308462046557152,-0.5614250978101006,-0.5511781574744685,0.2836563170990833,-0.474893722940166,0.06285400277795007,0.12615560207206167,0.0682539390818661,0.8345456930095431,0.9026502957774178,-1.1982134394282111,0.7342886450821615,-1.0095286306471887,-0.5498751655753671,-0.29257619010629216,-0.47940766155607206,0.26804863612729013,0.13931657539219497,1.6230851962134278,-0.6858320841032133,0.8798223481278185
