V1,V2,V3,V4,V5,V6,V7,V8,V9,V10,V11,V12,V13,V14,V15,V16,V17,V18,V19,V20,V21,V22,V23,V24,V25,V26,V27,V28,V29,V30,V31,V32,V33,V34,V35,V36,V37,V38,V39,V40,V41,V42,V43,V44
24.588107790731804,-3.411560979973542,-6.758747367438207,7.3310538099817855,-8.484670123343909,-5.572434137412967,2.2756618050336663,25.642973337967884,-6.5166524889541995,-1.8146626842012918,-13.435169120439603,-27.968754248669512,-11.070191885679694,7.945776384270843,8.60379544029094,0.03869985663560517,-3.6872024414199,14.688996218503332,-11.75753545940086,-2.8187724804848457,-16.67145858912746,1.0766642395391397,3.3380285324239813,-3.397384874891004,-10.049707380760927,-6.133543197705549,0.7282588662061557,-2.157074459300304,4.534662108993331,5.966171513265712,4.0505248837194365,8.465171241066157,10.072781881956399,-17.049547480366094,11.819744600219707,-16.699983848234382,-12.569719838409148,-2.531899407871927,-8.532278620724563,1.9835635444129303,5.181849791916085,20.93305880769023,-11.718810579618028,5.465536781861492
-3.411560979973542,0.9572652712471489,1.4521306783105072,-1.2290917135140171,1.3066475820564039,0.6535096447763052,0.13676893929960576,-3.500383966116999,0.8180744612818133,0.0563977159799717,1.9486330685587867,3.949226628242183,2.1727133574952244,-0.4654856892257114,-1.0228808511286127,0.7099341687596801,-0.10686778143327791,-1.0978063071504962,1.3327891310956594,-0.048012984232843385,1.404613474798542,0.25915020248693654,-0.5989646907157277,-0.043620277264439795,1.1614045707528236,1.2090902108600412,-0.2704838686393297,0.8133954806834574,-0.12639012839287844,-0.1892115965347532,-0.1133765541210043,-1.1149205788074787,-1.6804885435149541,2.2825690632426694,-1.2064065779130415,2.3394388931548358,1.220312895387887,0.37920532787888683,0.8999824870899209,-0.4339315509857377,-0.23009294842166833,-2.996513661453165,1.572282010422253,-1.0478149003720165
-6.758747367438207,1.4521306783105072,2.663971976342395,-2.5032758251625045,2.498007823443502,1.224105427960224,-0.22406017730089833,-6.907270386248118,1.8584605969941,0.43606429799375795,3.838316296845041,7.54642612672243,3.667015640543461,-1.297377142636771,-2.2543609338648887,0.7435839041750616,0.21692033771706792,-2.5146713623373222,2.742276820401478,0.12426579527149284,3.300268034012539,0.3151811967080449,-1.1316900869055082,0.2850614548883822,2.424739793798117,2.044765275242591,-0.46043569723860894,1.2310290122111436,-0.48609860436444746,-0.7680751957140749,-0.47373559566624635,-2.2434994554740313,-2.9311614144237907,4.361885390908803,-2.3746388904932223,4.5475814168083195,2.594671297940145,0.6436522802275189,1.8932676492356342,-0.8143797027454708,-0.9069842066803362,-5.747280743291159,2.925119453734786,-1.9029358041677642
7.3310538099817855,-1.2290917135140171,-2.5032758251625045,2.612758682752417,-2.619075856181991,-1.372948445763989,0.588073187875819,7.5488901511511415,-2.10230855900389,-0.6095803373552123,-4.104422249074315,-8.141612203328515,-3.5010635844200557,1.864788927929018,2.5893440370699765,-0.26784336873030096,-0.6737507355982543,3.383946610594286,-3.1604008065896316,-0.4621161655737773,-4.1995288268736575,-0.04892074501940626,1.1233203029139773,-0.6816953115416516,-2.801833924687503,-1.9518467353113427,0.3546968182488121,-0.9405425408934841,0.8552533381685775,1.2954446101898174,0.8282140152299193,2.4541685671362123,2.9427111892319253,-4.759252049322322,2.826959708880134,-4.925274765188187,-3.177806889759674,-0.6492653082441355,-2.233595857385309,0.7753955756694629,1.3615639044291532,6.129604658285614,-3.1771978851725438,1.836833103577969
-8.484670123343909,1.3066475820564039,2.498007823443502,-2.619075856181991,3.0102105056750745,1.9023605503811953,-0.6637115137663361,-8.8653926381577,2.255394798646749,0.5874470600426484,4.664288886068363,9.703162566206741,3.99237493249961,-2.557019401803487,-2.9488317071698478,0.19470637241402117,1.088781353243327,-4.7890383912748495,3.973680590989891,0.8568938321197683,5.4751402689817,-0.2518848092072313,-1.1940233468207164,1.0349230067313206,3.4244958617946093,2.2353745087561543,-0.28898485378054334,0.8764640354570824,-1.4032060107535687,-1.8794196831747463,-1.2774919613777773,-2.924075880971066,-3.5792723121835546,5.851508604214073,-3.9366887955724867,5.775943497788616,4.1834681731318994,0.8763940132750236,2.8416522779018814,-0.7247835446852258,-1.6594436368574603,-7.25322556444161,4.023106379923894,-1.9973624916895039
-5.572434137412967,0.6535096447763052,1.224105427960224,-1.372948445763989,1.9023605503811953,1.5271091064697642,-0.5198536197218965,-5.886262428678231,1.354754251281909,0.3579284849941583,2.97669510004003,6.5370889864559825,2.3790665253866043,-2.141963781911232,-1.9541761084275173,-0.13637505541758638,1.0994719179903352,-4.026111162533244,2.9264708108384694,0.8951220418701383,4.2813096634898775,-0.5010342205432907,-0.6866311157050984,0.9967641836187703,2.42199645598258,1.35424883698482,-0.08018102384903683,0.26824755530675626,-1.3847266037531476,-1.6816693893285504,-1.1970111628708349,-2.0259229635136484,-2.4002725835519816,4.117162746145536,-3.1829471465391874,3.836767901416468,3.245029087443453,0.6705369935089708,2.1599376313670193,-0.29815991676752257,-1.286010585373489,-4.86347195975105,2.902481916304003,-1.1180593734118698
2.2756618050336663,0.13676893929960576,-0.22406017730089833,0.588073187875819,-0.6637115137663361,-0.5198536197218965,0.7092638584681215,2.3988795040407385,-0.7728957123125832,-0.3821693520087158,-1.202826548254458,-2.4193668070648906,-0.4132040806756721,1.2423604713697423,0.9660570557996797,0.718236942996911,-0.841292330419886,2.0114086888684843,-1.2691531722746292,-0.6048121469763588,-2.255238966917005,0.3896855938260664,0.18544815444643747,-0.7297551844393645,-1.1084855383757082,-0.17367485509037825,-0.06904627018499777,0.19287237223590395,0.74993095355950945,1.0529538974061994,0.7025700687785025,0.7895845186217715,0.5616312580428825,-1.5176946161340565,1.3049828395461855,-1.4933630427668603,-1.5379083813639671,-0.14346590486989705,-0.9538621614012834,0.1074539690057435,0.9431909212091177,1.7563611080291301,-1.0061484903874707,0.25482840714984434
25.642973337967884,-3.500383966116999,-6.907270386248118,7.5488901511511415,-8.8653926381577,-5.886262428678231,2.3988795040407385,26.83103261637864,-6.773170197883011,-1.8696475921273632,-13.981117609349472,-29.282586268959275,-11.50683901026693,8.420787688601756,8.98791167130188,0.1116346320925997,-3.9568128246206604,15.604527521547803,-12.351197851696538,-3.073917134002198,-17.58496722947706,1.2343300738890688,3.4351650600575367,-3.641855689713368,-10.562977025958157,-6.3882458876682975,0.6949136944640534,-2.146879381031121,4.841100457698844,6.365932175183178,4.337207367312178,8.843926045262629,10.545553781800505,-17.875327576843052,12.511344907392568,-17.44364234180016,-13.273519740572617,-2.664706804168452,-8.958449861585319,2.010895316696063,5.460277432215383,21.864081848568734,-12.313323178498763,5.676163577317725
-6.5166524889541995,0.8180744612818133,1.8584605969941,-2.10230855900389,2.255394798646749,1.354754251281909,-0.7728957123125832,-6.773170197883011,1.890414775813049,0.5924983015859765,3.5985969028263085,7.271957448820113,2.7857573322660407,-2.0714742227957736,-2.3603760994610963,-0.17730935682238796,0.9563756952291195,-3.6913585514756697,3.0247433854742103,0.7220710509467626,4.343197823101438,-0.2213870559842028,-0.8854426164479727,0.9097724042655819,2.6533478530724377,1.5067755883249285,-0.20796436341148164,0.5797876192474799,-1.0811593151820293,-1.551459026944836,-1.027329753315258,-2.2209304963415284,-2.4946420132639995,4.331213619526757,-2.896211738581856,4.372160350816378,3.224869123734787,0.57952161279242,2.1644898034501963,-0.5873931836405698,-1.4762188733511552,-5.41407976513869,2.9179625906411064,-1.457360724623923
-1.8146626842012918,0.0563977159799717,0.43606429799375795,-0.6095803373552123,0.5874470600426484,0.3579284849941583,-0.3821693520087158,-1.8696475921273632,0.5924983015859765,0.30927729101629803,0.9803797988937512,1.9175881755384185,0.5234433247444198,-0.737806454774702,-0.7529437100284225,-0.2842809203302067,0.47249199385674134,-1.1868829422372233,0.8970180536758792,0.2818106709045165,1.429134640887597,-0.16097530194144938,-0.2395031872687359,0.4158795017808024,0.7892849126009103,0.32195936443358825,-0.022559828913543092,-0.03721494268359324,-0.4378301080487319,-0.6066863773461613,-0.4013459646903147,-0.638294247964095,-0.5616782613302489,1.175753028185427,-0.8167749548338646,1.1993902804133163,0.9670828989601119,0.13393304254857852,0.6825565624968841,-0.12341143216856607,-0.5910541501623499,-1.4616122458190832,0.7708797823884053,-0.3264534611935818
-13.435169120439603,1.9486330685587867,3.838316296845041,-4.104422249074315,4.664288886068363,2.97669510004003,-1.202826548254458,-13.981117609349472,3.5985969028263085,0.9803797988937512,7.382602988389437,15.234304960870368,6.143008511154057,-4.180391421331096,-4.680939228446588,0.08182222048991564,1.8585433736949806,-7.7289493127073845,6.323632784010869,1.4203436693183646,8.872693617781517,-0.4591776343411368,-1.8515206119584011,1.7241927855698918,5.428351578988306,3.3804971201861105,-0.4459072455662936,1.323053037679907,-2.312480685008119,-3.08969481309597,-2.086085495895769,-4.600058331521452,-5.500697756594715,9.220715633158246,-6.272956009958317,9.112667900871694,6.7136132292478035,1.3535092413422047,4.556151974469622,-1.1520813878137353,-2.7492732382194407,-11.403885733610736,6.3211452052478885,-3.049364618128011
-27.968754248669512,3.949226628242183,7.54642612672243,-8.141612203328515,9.703162566206741,6.5370889864559825,-2.4193668070648906,-29.282586268959275,7.271957448820113,1.9175881755384185,15.234304960870368,32.13728452368661,12.750323086742428,-9.141249762190167,-9.728045618565863,0.10911935559190185,4.207556599496644,-17.08780250208264,13.501966809042019,3.3520984705936803,19.112187196442427,-1.3488547661934844,-3.7544178877793004,3.9364370802523134,11.520445614239796,7.079827371329378,-0.7932309908083316,2.4073371269904715,-5.292021919920526,-6.9020065255955725,-4.726744799854942,-9.692862760617487,-11.70273789587809,19.639324079510178,-13.80060157277313,19.055835814462682,14.506603795626555,2.9808577604194553,9.809278388973086,-2.150928546934586,-5.831815887974853,-23.962559102213955,13.568113538016885,-6.234672407966202
-11.070191885679694,2.1727133574952244,3.667015640543461,-3.5010635844200557,3.99237493249961,2.3790665253866043,-0.4132040806756721,-11.50683901026693,2.7857573322660407,0.5234433247444198,6.143008511154057,12.750323086742428,5.889932667244011,-2.772480657732567,-3.606798463968827,0.9432043553950652,0.8742246042898377,-5.487427498641444,4.9340521198034955,0.7368512853134443,6.382919239403504,0.017373523879169916,-1.6613449428539686,0.8809111947367273,4.247713440014711,3.243377116404775,-0.5360798209541267,1.6568141551441518,-1.412857826775383,-1.879482860389071,-1.2588363846220265,-3.714288848023272,-4.9525711347002845,7.637082652350096,-4.866508300570792,7.5534552225941916,5.031326195816087,1.198641980120343,3.491018515141165,-1.084684777502046,-1.6658681547631362,-9.582640749292855,5.278077915494389,-2.8506670036170285
7.945776384270843,-0.4654856892257114,-1.297377142636771,1.864788927929018,-2.557019401803487,-2.141963781911232,1.2423604713697423,8.420787688601756,-2.0714742227957736,-0.737806454774702,-4.180391421331096,-9.141249762190167,-2.772480657732567,3.610213044567643,2.951781841673166,0.922966830236489,-2.1514534499297935,6.458105603328694,-4.358224016660392,-1.6429460593306022,-6.861644549990211,1.048301410025275,0.8540438228309095,-1.882129015178604,-3.6409006949248823,-1.5532279395958948,-0.05594435410527502,0.09015392667286337,2.357046754583236,2.9524889030257255,2.058606501595618,2.854263080505918,3.030853216896563,-5.844930687456581,4.759445749332211,-5.446283568146786,-5.021169235843428,-0.8574736479986361,-3.2879354950451694,0.32651314615588445,2.328206794048208,6.752886689452709,-4.091759611616183,1.2884375201581695
8.60379544029094,-1.0228808511286127,-2.2543609338648887,2.5893440370699765,-2.9488317071698478,-1.9541761084275173,0.9660570557996797,8.98791167130188,-2.3603760994610963,-0.7529437100284225,-4.680939228446588,-9.728045618565863,-3.606798463968827,2.951781841673166,3.1260896370775133,0.26593984281302285,-1.472222584373239,5.339185999434337,-4.176679612154599,-1.102778968301973,-6.059261134263936,0.4878217650823413,1.1461142965248805,-1.3539405676145384,-3.582994555321721,-2.0379603237286585,0.2057922781208471,-0.5513734895185413,1.7122378282180948,2.2770178669982957,1.5482448859767173,3.002112699896489,3.4015784422290216,-5.932419665223157,4.161225346172201,-5.826042799715893,-4.4996757596379355,-0.8577102227083508,-3.0496843710641284,0.6487359396665974,2.0038697893148574,7.270954653880025,-4.049403594197476,1.8406666633828965
0.03869985663560517,0.7099341687596801,0.7435839041750616,-0.26784336873030096,0.19470637241402117,-0.13637505541758638,0.718236942996911,0.1116346320925997,-0.17730935682238796,-0.2842809203302067,0.08182222048991564,0.10911935559190185,0.9432043553950652,0.922966830236489,0.26593984281302285,1.1081855890043455,-0.8780636428005704,1.335074237627693,-0.41677555065961563,-0.6367293659361469,-1.3282573902679566,0.5671188363816719,-0.2090343618092527,-0.7237952152475949,-0.33877400980108613,0.5725838599519669,-0.24350914625585104,0.7019722463354091,0.6843080585959792,0.912371511164652,0.6302997817348752,0.07153366402860144,-0.47206474002033744,-0.07522201904230616,0.5819355519233532,0.02524289190726156,-0.7656037677783019,0.0718924326791254,-0.38332182140787296,-0.19089739481415233,0.7388122588010239,-0.16470772909240636,-0.029176661692013044,-0.42752682122396585
-3.6872024414199,-0.10686778143327791,0.21692033771706792,-0.6737507355982543,1.088781353243327,1.0994719179903352,-0.841292330419886,-3.9568128246206604,0.9563756952291195,0.47249199385674134,1.8585433736949806,4.207556599496644,0.8742246042898377,-2.1514534499297935,-1.472222584373239,-0.8780636428005704,1.5018459499115848,-3.7338235480639552,2.271003828869875,1.0677424336357837,3.869126676965852,-0.8110498486205735,-0.3142774669762796,1.2416839013611678,1.8616483523624598,0.5442543567761007,0.17489049030458306,-0.45660140315705333,-1.522296456203235,-1.8457486083180281,-1.2957387996323044,-1.3552516164318829,-1.2606243299920206,2.843561393549032,-2.5793673499499494,2.5521861991002828,2.7284001163459366,0.4060323771955295,1.7784712126093838,-0.00995644983944354,-1.4017526585374818,-3.1225599750620012,2.0194263425679244,-0.3703868886875208
14.688996218503332,-1.0978063071504962,-2.5146713623373222,3.383946610594286,-4.7890383912748495,-4.026111162533244,2.0114086888684843,15.604527521547803,-3.6913585514756697,-1.1868829422372233,-7.7289493127073845,-17.08780250208264,-5.487427498641444,6.458105603328694,5.339185999434337,1.335074237627693,-3.7338235480639552,11.783342666922785,-8.017410710954586,-2.9361688081607435,-12.430952344678913,1.8474638345878722,1.6065590183059977,-3.290376301972888,-6.670688395051586,-3.0798024734255445,-0.051061026387743555,-0.03351812245909628,4.245261109108163,5.256464848267693,3.6863939052147354,5.281723559490245,5.853669504156973,-10.92273865851641,8.85726109191469,-10.09441726802813,-9.192650845381534,-1.6753594858706689,-6.0289313918498255,0.6124276021867795,4.043299241893456,12.623198177664019,-7.68547118097817,2.523649884678473
-11.75753545940086,1.3327891310956594,2.742276820401478,-3.1604008065896316,3.973680590989891,2.9264708108384694,-1.2691531722746292,-12.351197851696538,3.0247433854742103,0.8970180536758792,6.323632784010869,13.501966809042019,4.9340521198034955,-4.358224016660392,-4.176679612154599,-0.41677555065961563,2.271003828869875,-8.017410710954586,5.9838871943768535,1.7378219671307582,8.794855624433396,-0.9104118368894238,-1.4843821401948982,2.0232720186695605,5.022655311032784,2.7725828393604974,-0.1915777452028828,0.6214157803567043,-2.6953521549151636,-3.396066528006525,-2.3616107129628876,-4.1438369038852,-4.7997464723068255,8.417238910733085,-6.273861882337685,8.028650342558086,6.570715005227759,1.2863090097452812,4.401562930155486,-0.7546556670763865,-2.758961672989805,-10.085735066533879,5.852825768776394,-2.3804565851605073
-2.8187724804848457,-0.048012984232843385,0.12426579527149284,-0.4621161655737773,0.8568938321197683,0.8951220418701383,-0.6048121469763588,-3.073917134002198,0.7220710509467626,0.2818106709045165,1.4203436693183646,3.3520984705936803,0.7368512853134443,-1.6429460593306022,-1.102778968301973,-0.6367293659361469,1.0677424336357837,-2.9361688081607435,1.7378219671307582,0.8839331135629181,2.9559745987282193,-0.6323715179568267,-0.20229180839210167,0.9539385299519562,1.444774036622312,0.398690092624095,0.12354655306059192,-0.29792314491954147,-1.1349457309300557,-1.4211358691774003,-1.0022099510078288,-1.0593267200325123,-1.023966672537409,2.215306086569241,-2.0590411301344207,1.9421959812037686,2.1427847649193668,0.32874548163069356,1.343183500422302,0.004786590383958,-1.0484729357730143,-2.3993692673534945,1.5720031442843025,-0.3180099018847891
-16.67145858912746,1.404613474798542,3.300268034012539,-4.1995288268736575,5.4751402689817,4.2813096634898775,-2.255238966917005,-17.58496722947706,4.343197823101438,1.429134640887597,8.872693617781517,19.112187196442427,6.382919239403504,-6.861644549990211,-6.059261134263936,-1.3282573902679566,3.869126676965852,-12.430952344678913,8.794855624433396,2.9559745987282193,13.460644091559118,-1.738282948904602,-1.935311142505169,3.404798745910109,7.369366532278374,3.552619661925988,-0.08746940664886593,0.36390771910181213,-4.364592729980916,-5.50018580190741,-3.8219672207423105,-5.906801535224773,-6.522644513510767,12.061488366203664,-9.418871868824406,11.369333354215547,9.907887876905274,1.8033732258430029,6.554340152395088,-0.8978995686584259,-4.409953046824761,-14.207504091173801,8.401769619957252,-3.0539784265414096
1.0766642395391397,0.25915020248693654,0.3151811967080449,-0.04892074501940626,-0.2518848092072313,-0.5010342205432907,0.3896855938260664,1.2343300738890688,-0.2213870559842028,-0.16097530194144938,-0.4591776343411368,-1.3488547661934844,0.017373523879169916,1.048301410025275,0.4878217650823413,0.5671188363816719,-0.8110498486205735,1.8474638345878722,-0.9104118368894238,-0.6323715179568267,-1.738282948904602,0.5489974014092232,3.2497130203163305e-5,-0.6882269666799784,-0.7108554171972689,-0.029743233996229135,-0.16810050306878996,0.4642648223215572,0.8337882976686535,0.9685862907058632,0.7003279076344979,0.46430388897179137,0.3447564598711863,-1.0304081529955171,1.2104077037242835,-0.769661207129047,-1.2106106158671177,-0.17150322035095397,-0.7605542275126042,-0.15210555932713282,0.6431133269067719,0.9570305096924417,-0.7656087936959275,-0.06098884951611108
3.3380285324239813,-0.5989646907157277,-1.1316900869055082,1.1233203029139773,-1.1940233468207164,-0.6866311157050984,0.18544815444643747,3.4351650600575367,-0.8854426164479727,-0.2395031872687359,-1.8515206119584011,-3.7544178877793004,-1.6613449428539686,0.8540438228309095,1.1461142965248805,-0.2090343618092527,-0.3142774669762796,1.6065590183059977,-1.4843821401948982,-0.20229180839210167,-1.935311142505169,3.2497130203163305e-5,0.5285145653501194,-0.3004143751012044,-1.2756952764857266,-0.95652840796942,0.16313233655836465,-0.4295521842834081,0.44713033730882923,0.589712524438092,0.393258714349753,1.1392176334698119,1.4262541358102991,-2.248143091899577,1.3859407915792394,-2.2624520879399235,-1.4771005402369901,-0.34126850155095234,-1.0630471689037113,0.32653957035296505,0.5652904256462367,2.863270140597216,-1.5306030214361057,0.8402252192482984
-3.397384874891004,-0.043620277264439795,0.2850614548883822,-0.6816953115416516,1.0349230067313206,0.9967641836187703,-0.7297551844393645,-3.641855689713368,0.9097724042655819,0.4158795017808024,1.7241927855698918,3.9364370802523134,0.8809111947367273,-1.882129015178604,-1.3539405676145384,-0.7237952152475949,1.2416839013611678,-3.290376301972888,2.0232720186695605,0.9539385299519562,3.404798745910109,-0.6882269666799784,-0.3004143751012044,1.117782463002488,1.6899476370020123,0.5069188648965302,0.10463952649926234,-0.3477851020667653,-1.2933281848931617,-1.6245251269783652,-1.1328034902588011,-1.2700655833607812,-1.194133525086336,2.592947335015882,-2.299273456749325,2.3168034144641028,2.419263833282221,0.37379598533334546,1.5826283161189003,-0.025028741307426418,-1.249963445444849,-2.874102045432897,1.8104012986255043,-0.41638698555078457
-10.049707380760927,1.1614045707528236,2.424739793798117,-2.801833924687503,3.4244958617946093,2.42199645598258,-1.1084855383757082,-10.562977025958157,2.6533478530724377,0.7892849126009103,5.428351578988306,11.520445614239796,4.247713440014711,-3.6409006949248823,-3.582994555321721,-0.33877400980108613,1.8616483523624598,-6.670688395051586,5.022655311032784,1.444774036622312,7.369366532278374,-0.7108554171972689,-1.2756952764857266,1.6899476370020123,4.275874467181707,2.3654470404130477,-0.17976861331070124,0.583684209693077,-2.182753673126772,-2.829294062286504,-1.946823677808246,-3.5093054515914632,-4.065779980599982,7.112612609017266,-5.207749933486945,6.851217522398541,5.511137398808019,1.0542429907234134,3.681277422163884,-0.6841286148831964,-2.357436589104538,-8.566150720216543,4.9257243221524485,-2.074683867065203
-6.133543197705549,1.2090902108600412,2.044765275242591,-1.9518467353113427,2.2353745087561543,1.35424883698482,-0.17367485509037825,-6.3882458876682975,1.5067755883249285,0.32195936443358825,3.3804971201861105,7.079827371329378,3.243377116404775,-1.5532279395958948,-2.0379603237286585,0.5725838599519669,0.5442543567761007,-3.0798024734255445,2.7725828393604974,0.398690092624095,3.552619661925988,-0.029743233996229135,-0.95652840796942,0.5069188648965302,2.3654470404130477,1.8957356660719618,-0.2714553959142183,0.8153760717314181,-0.8597361950744437,-1.073834595848181,-0.7357657643186309,-2.095535167829112,-2.806861553077719,4.28386943373127,-2.713919874538268,4.221228337282149,2.787586951433805,0.695435792538556,1.9849369929036291,-0.5567123702843519,-0.9258122466876403,-5.370946962747838,2.97690910235154,-1.5786154132286587
0.7282588662061557,-0.2704838686393297,-0.46043569723860894,0.3546968182488121,-0.28898485378054334,-0.08018102384903683,-0.06904627018499777,0.6949136944640534,-0.20796436341148164,-0.022559828913543092,-0.4459072455662936,-0.7932309908083316,-0.5360798209541267,-0.05594435410527502,0.2057922781208471,-0.24350914625585104,0.17489049030458306,-0.051061026387743555,-0.1915777452028828,0.12354655306059192,-0.08746940664886593,-0.16810050306878996,0.16313233655836465,0.10463952649926234,-0.17976861331070124,-0.2714553959142183,0.13545760045995983,-0.29625136060550594,-0.11247706770579069,-0.1082858403671005,-0.0859768007509692,0.2371309314856394,0.35177856619566084,-0.40465651860266266,0.09543486185495564,-0.45687735680552743,-0.09681312428066267,-0.06914785575682582,-0.11623505146672274,0.14606270736637555,-0.02107416108212216,0.622455408960898,-0.24776254747565085,0.30000141328304747
-2.157074459300304,0.8133954806834574,1.2310290122111436,-0.9405425408934841,0.8764640354570824,0.26824755530675626,0.19287237223590395,-2.146879381031121,0.5797876192474799,-0.03721494268359324,1.323053037679907,2.4073371269904715,1.6568141551441518,0.09015392667286337,-0.5513734895185413,0.7019722463354091,-0.45660140315705333,-0.03351812245909628,0.6214157803567043,-0.29792314491954147,0.36390771910181213,0.4642648223215572,-0.4295521842834081,-0.3477851020667653,0.583684209693077,0.8153760717314181,-0.29625136060550594,0.9161555028919481,0.31049196674718554,0.2911017256707786,0.232717249215132,-0.6330431786040559,-1.0707358669691893,1.2494731840232571,-0.4044403720818987,1.4276426360062486,0.43698434106978223,0.1892016712681261,0.3204610709323368,-0.44295903946025167,0.09076786987840946,-1.8341760338195074,0.8268192710307518,-0.8304970417175066
4.534662108993331,-0.12639012839287844,-0.48609860436444746,0.8552533381685775,-1.4032060107535687,-1.3847266037531476,0.74993095355950945,4.841100457698844,-1.0811593151820293,-0.4378301080487319,-2.312480685008119,-5.292021919920526,-1.412857826775383,2.357046754583236,1.7122378282180948,0.6843080585959792,-1.522296456203235,4.245261109108163,-2.6953521549151636,-1.1349457309300557,-4.364592729980916,0.8337882976686535,0.44713033730882923,-1.2933281848931617,-2.182753673126772,-0.8597361950744437,-0.11247706770579069,0.31049196674718554,1.6841437176644745,1.988710110253496,1.4135248003770187,1.694755852919092,1.7653368398898832,-3.5319620618750385,3.0874765322791515,-3.144349129257566,-3.1603046698743062,-0.5642029150980558,-2.0948967965572085,0.054216648753778976,1.4593907904530306,3.943588808893801,-2.517314403870477,0.610646057691731
5.966171513265712,-0.1892115965347532,-0.7680751957140749,1.2954446101898174,-1.8794196831747463,-1.6816693893285504,1.0529538974061994,6.365932175183178,-1.551459026944836,-0.6066863773461613,-3.08969481309597,-6.9020065255955725,-1.879482860389071,2.9524889030257255,2.2770178669982957,0.912371511164652,-1.8457486083180281,5.256464848267693,-3.396066528006525,-1.4211358691774003,-5.50018580190741,0.9685862907058632,0.589712524438092,-1.6245251269783652,-2.829294062286504,-1.073834595848181,-0.1082858403671005,0.2911017256707786,1.988710110253496,2.479704694992063,1.732402160946266,2.1806126529148453,2.224421269816853,-4.476839636971544,3.7907298223491885,-4.090540369121825,-3.9831705481821973,-0.6624492960322896,-2.6022854819276895,0.15614897685850584,1.9166073880787666,5.075849651513503,-3.1379869133833442,0.8752596326551817
4.0505248837194365,-0.1133765541210043,-0.47373559566624635,0.8282140152299193,-1.2774919613777773,-1.1970111628708349,0.7025700687785025,4.337207367312178,-1.027329753315258,-0.4013459646903147,-2.086085495895769,-4.726744799854942,-1.2588363846220265,2.058606501595618,1.5482448859767173,0.6302997817348752,-1.2957387996323044,3.6863939052147354,-2.3616107129628876,-1.0022099510078288,-3.8219672207423105,0.7003279076344979,0.393258714349753,-1.1328034902588011,-1.946823677808246,-0.7357657643186309,-0.0859768007509692,0.232717249215132,1.4135248003770187,1.732402160946266,1.2278396262033173,1.506739568768759,1.5439848981097208,-3.0864094478398294,2.6671260806631576,-2.786337890868952,-2.7731255552039635,-0.4723606687522327,-1.8083863271146443,0.07884751298452396,1.3101714137343476,3.4787673657072578,-2.1791385287271843,0.5800825880592235
8.465171241066157,-1.1149205788074787,-2.2434994554740313,2.4541685671362123,-2.924075880971066,-2.0259229635136484,0.7895845186217715,8.843926045262629,-2.2209304963415284,-0.638294247964095,-4.600058331521452,-9.692862760617487,-3.714288848023272,2.854263080505918,3.002112699896489,0.07153366402860144,-1.3552516164318829,5.281723559490245,-4.1438369038852,-1.0593267200325123,-5.906801535224773,0.46430388897179137,1.1392176334698119,-1.2700655833607812,-3.5093054515914632,-2.095535167829112,0.2371309314856394,-0.6330431786040559,1.694755852919092,2.1806126529148453,1.506739568768759,2.9951437233200133,3.5070642843858386,-5.944275385839123,4.221704387508398,-5.75309535895543,-4.448771724856548,-0.9111905338812305,-3.0240186146129946,0.6184286029826312,1.846947454898241,7.253518071669601,-4.0929131710700215,1.8535661639419188
10.072781881956399,-1.6804885435149541,-2.9311614144237907,2.9427111892319253,-3.5792723121835546,-2.4002725835519816,0.5616312580428825,10.545553781800505,-2.4946420132639995,-0.5616782613302489,-5.500697756594715,-11.70273789587809,-4.9525711347002845,3.030853216896563,3.4015784422290216,-0.47206474002033744,-1.2606243299920206,5.853669504156973,-4.7997464723068255,-1.023966672537409,-6.522644513510767,0.3447564598711863,1.4262541358102991,-1.194133525086336,-4.065779980599982,-2.806861553077719,0.35177856619566084,-1.0707358669691893,1.7653368398898832,2.224421269816853,1.5439848981097208,3.5070642843858386,4.4759695084350914,-7.15497612146762,4.919983151366778,-6.910240201387345,-5.05056622635727,-1.1485669596316974,-3.4673192155444204,0.7963467261966636,1.8250375965981107,8.77271194407252,-4.985192669811015,2.3896407242048716
-17.049547480366094,2.2825690632426694,4.361885390908803,-4.759252049322322,5.851508604214073,4.117162746145536,-1.5176946161340565,-17.875327576843052,4.331213619526757,1.175753028185427,9.220715633158246,19.639324079510178,7.637082652350096,-5.844930687456581,-5.932419665223157,-0.07522201904230616,2.843561393549032,-10.92273865851641,8.417238910733085,2.215306086569241,12.061488366203664,-1.0304081529955171,-2.248143091899577,2.592947335015882,7.112612609017266,4.28386943373127,-0.40465651860266266,1.2494731840232571,-3.5319620618750385,-4.476839636971544,-3.0864094478398294,-5.944275385839123,-7.15497612146762,12.153845498700937,-8.753577087702642,11.654588405838732,9.11388230684638,1.8795316989528184,6.175879838167111,-1.2003335652917406,-3.663406249828286,-14.682634271117886,8.443282052148536,-3.6736060780751503
11.819744600219707,-1.2064065779130415,-2.3746388904932223,2.826959708880134,-3.9366887955724867,-3.1829471465391874,1.3049828395461855,12.511344907392568,-2.896211738581856,-0.8167749548338646,-6.272956009958317,-13.80060157277313,-4.866508300570792,4.759445749332211,4.161225346172201,0.5819355519233532,-2.5793673499499494,8.85726109191469,-6.273861882337685,-2.0590411301344207,-9.418871868824406,1.2104077037242835,1.3859407915792394,-2.299273456749325,-5.207749933486945,-2.713919874538268,0.09543486185495564,-0.4044403720818987,3.0874765322791515,3.7907298223491885,2.6671260806631576,4.221704387508398,4.919983151366778,-8.753577087702642,6.889187882141226,-8.113510259020648,-7.0509240053204225,-1.3914670426147404,-4.67046720299158,0.6015305749872688,2.894412166449304,10.248683572959703,-6.163273654697672,2.2571776991391785
-16.699983848234382,2.3394388931548358,4.5475814168083195,-4.925274765188187,5.775943497788616,3.836767901416468,-1.4933630427668603,-17.44364234180016,4.372160350816378,1.1993902804133163,9.112667900871694,19.055835814462682,7.5534552225941916,-5.446283568146786,-5.826042799715893,0.02524289190726156,2.5521861991002828,-10.09441726802813,8.028650342558086,1.9421959812037686,11.369333354215547,-0.769661207129047,-2.2624520879399235,2.3168034144641028,6.851217522398541,4.221228337282149,-0.45687735680552743,1.4276426360062486,-3.144349129257566,-4.090540369121825,-2.786337890868952,-5.75309535895543,-6.910240201387345,11.654588405838732,-8.113510259020648,11.398351292871581,8.606839764098746,1.7382403457430653,5.834768377300855,-1.3149511857211245,-3.5088027393229093,-14.257569919978142,8.048273544280784,-3.677467521001521
-12.569719838409148,1.220312895387887,2.594671297940145,-3.177806889759674,4.1834681731318994,3.245029087443453,-1.5379083813639671,-13.273519740572617,3.224869123734787,0.9670828989601119,6.7136132292478035,14.506603795626555,5.031326195816087,-5.021169235843428,-4.4996757596379355,-0.7656037677783019,2.7284001163459366,-9.192650845381534,6.570715005227759,2.1427847649193668,9.907887876905274,-1.2106106158671177,-1.4771005402369901,2.419263833282221,5.511137398808019,2.787586951433805,-0.09681312428066267,0.43698434106978223,-3.1603046698743062,-3.9831705481821973,-2.7731255552039635,-4.448771724856548,-5.05056622635727,9.11388230684638,-7.0509240053204225,8.606839764098746,7.387897679881733,1.377119879490057,4.864872024922428,-0.708500137480657,-3.172019520064704,-10.752635044443196,6.367014413387006,-2.3745422248922963
-2.531899407871927,0.37920532787888683,0.6436522802275189,-0.6492653082441355,0.8763940132750236,0.6705369935089708,-0.14346590486989705,-2.664706804168452,0.57952161279242,0.13393304254857852,1.3535092413422047,2.9808577604194553,1.198641980120343,-0.8574736479986361,-0.8577102227083508,0.0718924326791254,0.4060323771955295,-1.6753594858706689,1.2863090097452812,0.32874548163069356,1.8033732258430029,-0.17150322035095397,-0.34126850155095234,0.37379598533334546,1.0542429907234134,0.695435792538556,-0.06914785575682582,0.1892016712681261,-0.5642029150980558,-0.6624492960322896,-0.4723606687522327,-0.9111905338812305,-1.1485669596316974,1.8795316989528184,-1.3914670426147404,1.7382403457430653,1.377119879490057,0.32934656389350303,0.9518025336757582,-0.15239268982381712,-0.4887764775922616,-2.2495476334110474,1.3214351580283705,-0.5729949918653786
-8.532278620724563,0.8999824870899209,1.8932676492356342,-2.233595857385309,2.8416522779018814,2.1599376313670193,-0.9538621614012834,-8.958449861585319,2.1644898034501963,0.6825565624968841,4.556151974469622,9.809278388973086,3.491018515141165,-3.2879354950451694,-3.0496843710641284,-0.38332182140787296,1.7784712126093838,-6.0289313918498255,4.401562930155486,1.343183500422302,6.554340152395088,-0.7605542275126042,-1.0630471689037113,1.5826283161189003,3.681277422163884,1.9849369929036291,-0.11623505146672274,0.3204610709323368,-2.0948967965572085,-2.6022854819276895,-1.8083863271146443,-3.0240186146129946,-3.4673192155444204,6.175879838167111,-4.67046720299158,5.834768377300855,4.864872024922428,0.9518025336757582,3.293361171859613,-0.4901894439879957,-2.0848050590029694,-7.336552876781345,4.3034195393943255,-1.6610480988055345
1.9835635444129303,-0.4339315509857377,-0.8143797027454708,0.7753955756694629,-0.7247835446852258,-0.29815991676752257,0.1074539690057435,2.010895316696063,-0.5873931836405698,-0.12341143216856607,-1.1520813878137353,-2.150928546934586,-1.084684777502046,0.32651314615588445,0.6487359396665974,-0.19089739481415233,-0.00995644983944354,0.6124276021867795,-0.7546556670763865,0.004786590383958,-0.8978995686584259,-0.15210555932713282,0.32653957035296505,-0.025028741307426418,-0.6841286148831964,-0.5567123702843519,0.14606270736637555,-0.44295903946025167,0.054216648753778976,0.15614897685850584,0.07884751298452396,0.6184286029826312,0.7963467261966636,-1.2003335652917406,0.6015305749872688,-1.3149511857211245,-0.708500137480657,-0.15239268982381712,-0.4901894439879957,0.2918782023095257,0.2513273351122866,1.62989609926593,-0.7877045425569885,0.5666680996229186
5.181849791916085,-0.23009294842166833,-0.9069842066803362,1.3615639044291532,-1.6594436368574603,-1.286010585373489,0.9431909212091177,5.460277432215383,-1.4762188733511552,-0.5910541501623499,-2.7492732382194407,-5.831815887974853,-1.6658681547631362,2.328206794048208,2.0038697893148574,0.7388122588010239,-1.4017526585374818,4.043299241893456,-2.758961672989805,-1.0484729357730143,-4.409953046824761,0.6431133269067719,0.5652904256462367,-1.249963445444849,-2.357436589104538,-0.9258122466876403,-0.02107416108212216,0.09076786987840946,1.4593907904530306,1.9166073880787666,1.3101714137343476,1.846947454898241,1.8250375965981107,-3.663406249828286,2.894412166449304,-3.5088027393229093,-3.172019520064704,-0.4887764775922616,-2.0848050590029694,0.2513273351122866,1.618726839126084,4.296829459482098,-2.5112211457316667,0.8393254728138451
20.93305880769023,-2.996513661453165,-5.747280743291159,6.129604658285614,-7.25322556444161,-4.86347195975105,1.7563611080291301,21.864081848568734,-5.41407976513869,-1.4616122458190832,-11.403885733610736,-23.962559102213955,-9.582640749292855,6.752886689452709,7.270954653880025,-0.16470772909240636,-3.1225599750620012,12.623198177664019,-10.085735066533879,-2.3993692673534945,-14.207504091173801,0.9570305096924417,2.863270140597216,-2.874102045432897,-8.566150720216543,-5.370946962747838,0.622455408960898,-1.8341760338195074,3.943588808893801,5.075849651513503,3.4787673657072578,7.253518071669601,8.77271194407252,-14.682634271117886,10.248683572959703,-14.257569919978142,-10.752635044443196,-2.2495476334110474,-7.336552876781345,1.62989609926593,4.296829459482098,17.969877884463024,-10.141526597489724,4.696434417229876
-11.718810579618028,1.572282010422253,2.925119453734786,-3.1771978851725438,4.023106379923894,2.902481916304003,-1.0061484903874707,-12.313323178498763,2.9179625906411064,0.7708797823884053,6.3211452052478885,13.568113538016885,5.278077915494389,-4.091759611616183,-4.049403594197476,-0.029176661692013044,2.0194263425679244,-7.68547118097817,5.852825768776394,1.5720031442843025,8.401769619957252,-0.7656087936959275,-1.5306030214361057,1.8104012986255043,4.9257243221524485,2.97690910235154,-0.24776254747565085,0.8268192710307518,-2.517314403870477,-3.1379869133833442,-2.1791385287271843,-4.0929131710700215,-4.985192669811015,8.443282052148536,-6.163273654697672,8.048273544280784,6.367014413387006,1.3214351580283705,4.3034195393943255,-0.7877045425569885,-2.5112211457316667,-10.141526597489724,5.909152441104977,-2.4912351394365264
5.465536781861492,-1.0478149003720165,-1.9029358041677642,1.836833103577969,-1.9973624916895039,-1.1180593734118698,0.25482840714984434,5.676163577317725,-1.457360724623923,-0.3264534611935818,-3.049364618128011,-6.234672407966202,-2.8506670036170285,1.2884375201581695,1.8406666633828965,-0.42752682122396585,-0.3703868886875208,2.523649884678473,-2.3804565851605073,-0.3180099018847891,-3.0539784265414096,-0.06098884951611108,0.8402252192482984,-0.41638698555078457,-2.074683867065203,-1.5786154132286587,0.30000141328304747,-0.8304970417175066,0.610646057691731,0.8752596326551817,0.5800825880592235,1.8535661639419188,2.3896407242048716,-3.6736060780751503,2.2571776991391785,-3.677467521001521,-2.3745422248922963,-0.5729949918653786,-1.6610480988055345,0.5666680996229186,0.8393254728138451,4.696434417229876,-2.4912351394365264,1.4857239080683176
