V1,V2,V3,V4,V5,V6,V7,V8,V9,V10,V11,V12,V13,V14,V15,V16,V17,V18,V19,V20,V21,V22,V23,V24,V25,V26,V27,V28,V29,V30,V31,V32,V33,V34,V35,V36,V37,V38,V39,V40,V41,V42,V43,V44
7.5926711043813615,-1.1196367489404169,-2.278822809812978,2.3966353202862156,-2.603248365095562,-1.6014449605951042,0.602929763724474,7.846454703789828,-2.0160385968924723,-0.608356710760713,-4.1250658204255295,-8.613217239586184,-3.571289673315994,2.201689974065656,2.6708148164114287,-0.12114140404588689,-0.9634119150012844,4.164615026545048,-3.504650186423499,-0.7375418092422428,-4.918616850165717,0.2397745002818642,1.115315408876345,-1.0052796288042722,-3.0210186144869318,-1.9718561199432239,0.3747990713346658,-0.7249817195904469,1.257846136636084,1.6767904154637774,1.1445947555306144,2.5949288680588753,3.1108593443984174,-5.195313414592699,3.476165271547776,-5.009719198951448,-3.5878714316436247,-0.8270717428765835,-2.601049588743989,0.6242013617760914,1.4961437603933097,6.520983947509195,-3.5223466299164294,1.8603407353164054
-1.1196367489404169,0.5040377748824483,0.4813193630836068,-0.36744894640475206,0.43528490414946625,0.19348343949170396,0.10879635693296802,-1.1594433135587434,0.28261036926578903,-0.1714018905398021,0.7340604881324986,1.343857758528416,0.94287525649719806,-0.03989670402834049,-0.1889390641011561,0.3498025041658288,-0.24471948610360908,-0.23340196513315184,0.35460581175834066,-0.0890181383656758,0.2890112133384324,0.23155768604769608,-0.14914770188396836,-0.29398061385789903,0.34342861384095835,0.4070115757501058,-0.07126809957651394,0.6077941260766911,0.17560406964090358,0.16769338631796232,0.11652209040018896,-0.25638598372500876,-0.5807009897678755,0.661508444880209,-0.3299222174274204,0.8367205933072878,0.4067393143712781,0.03761283942550218,0.14623980327535196,-0.26953603971661005,0.06766163076874998,-0.8903979721178825,0.5350832332127896,-0.27817494922096614
-2.278822809812978,0.4813193630836068,1.735846118111449,-1.6099635602570044,0.9542768659508121,0.18246985964646115,0.21843730524561514,-2.126511320839036,0.7042286632166036,0.8844747898523724,1.1739048547404896,2.3221532152046054,0.9755788880046092,-0.04140422392558112,-1.211682490323471,0.702833654390131,0.09797534486103052,0.16030116905235936,0.7125502381540757,-0.3826374391377349,0.4196997218103933,0.1617852439804196,-0.8062973348770255,0.3385833426160725,0.6409727245882282,1.2338004118859203,-0.42410717920198643,-0.2679698196468635,-0.22571213796287387,-0.18654751562020452,-0.10277819288446773,-1.1012795939913027,-1.1441065294364106,1.4590503350532333,-0.011762635138872865,1.452402555128382,-0.010670146994066026,0.3492628549441456,0.8414734802717826,-0.07186370551226308,-0.41274567721991373,-2.234152663259101,0.754950805234789,-1.0133167873224622
2.3966353202862156,-0.36744894640475206,-1.6099635602570044,1.7922190457568086,-1.0212938014523616,-0.26030522136483275,-0.08095329521323699,2.1605842707787235,-0.7995454199336317,-1.0301692176991182,-1.2083418369689263,-2.348757365109795,-0.6965550599859123,0.40762113289354,1.4316921441384567,-0.5169838403430875,-0.48260149213284087,0.22756572369172304,-0.8485567135542853,0.3063895346899546,-0.682276945696915,0.003136183354026949,0.9342392480900781,-0.5638809739809105,-0.8226614102180957,-1.3319501428864124,0.23864943034167835,0.6786719536641077,0.5136011003778244,0.45721003582732483,0.29819890435506036,1.1577648490966543,1.1016361487061581,-1.491690333139619,-0.02231246902867998,-1.707266192560353,-0.1552270945851171,-0.23135424304462945,-1.0221244249893504,-0.03286237615989443,0.7453039591791656,2.2495965815220824,-0.88068133788558,0.6414142686125766
-2.603248365095562,0.43528490414946625,0.9542768659508121,-1.0212938014523616,1.0418890915736518,0.5916032687074546,-0.15382471711342763,-2.6596679471196967,0.7268293993692042,0.28896076838589313,1.4422141141729754,2.861254778626981,1.1266543523299994,-0.7569438171545675,-1.0181533288170799,0.20536480935305162,0.3679651552064417,-1.2385965524552345,1.1695673954979935,0.11858689289434558,1.4012374330052204,-0.018288659537793985,-0.49833791812870554,0.30494000628180107,1.0299096348101295,0.8559013608974305,-0.026750069522088707,0.12045930671587791,-0.44374688072616075,-0.5338788020594345,-0.33836766521756817,-0.9730100705351559,-1.1534575244471805,1.7463266275964202,-0.9283812792706747,1.9096453600669001,1.1300023789967357,0.2225122935032463,0.8407081110761105,-0.1990967568322927,-0.5547113894659286,-2.2216192395109546,1.2008394030201406,-0.5502445172408142
-1.6014449605951042,0.19348343949170396,0.18246985964646115,-0.26030522136483275,0.5916032687074546,0.5819164165391516,-0.21283293185734348,-1.7289315574593638,0.3906628830041749,-0.042112656934098255,0.9143871736096483,1.8864054661187226,0.6339609797542439,-0.7782031766862545,-0.5122953195016934,-0.12234178973030461,0.3710570550517115,-1.4186925990035935,0.9409254946817062,0.32587462865218203,1.3625487483171257,-0.14847716434704855,-0.13723502316383307,0.19575431604710258,0.7568348177380063,0.32608120563266985,0.11334618444977301,0.17692586114973202,-0.44128335636999694,-0.5110513970785717,-0.38019878436239296,-0.5729492550919957,-0.6982269211012354,1.1672490588948141,-1.0417254926617368,1.2362471521691374,1.1868256463397142,0.1289909426612726,0.5691745984627694,-0.12175133745314906,-0.38932010154731794,-1.3156409171819858,0.91197866916369,-0.13880883752554726
0.602929763724474,0.10879635693296802,0.21843730524561514,-0.08095329521323699,-0.15382471711342763,-0.21283293185734348,0.44719452903674417,0.7252245178174296,-0.27941008534134404,0.06356143043161451,-0.3319875982714488,-0.7146888988074085,-0.08236863327363173,0.4851154783393773,0.13589653267475557,0.43271004463545476,-0.21583391938487362,0.9168806067436123,-0.381373689866014,-0.34050282263699017,-0.8584742618188826,0.20408126938278398,-0.06006618387366598,-0.24569778737368994,-0.3595525250174767,0.16439822904387566,-0.11706595727918606,-0.11171453222527496,0.20993109555645478,0.39559632407839,0.18957801883748207,0.16518598000390017,0.07412952215120577,-0.4484188958324448,0.6635445536319043,-0.343649781695575,-0.6429022017300715,-0.007733664100885045,-0.1865263738317897,0.10438045544757919,0.2772168381200505,0.36804355897111546,-0.2926544117346665,0.0520605336321843
7.846454703789828,-1.1594433135587434,-2.126511320839036,2.1605842707787235,-2.6596679471196967,-1.7289315574593638,0.7252245178174296,8.295722079004449,-2.057060403434006,-0.41270029431558064,-4.324001284200373,-9.043129306741308,-3.764179170760076,2.3950226048383625,2.5682120230152314,-0.009781403286766993,-0.9512078360927335,4.634573818453606,-3.7043257146184816,-0.951457833670868,-5.307119854799916,0.26568122179696385,0.9105798189777883,-0.946397801036155,-3.1525669129854967,-1.8122992519104117,0.3066646817920881,-1.031875007179618,1.2492359839104004,1.7878776805463488,1.1872992728296698,2.621055743900831,3.2200907180167295,-5.473776317962639,3.920800159756015,-5.226692923101348,-4.06438575079144,-0.8511622134794635,-2.602710905405087,0.7399851115397827,1.4765688167056272,6.663502538890998,-3.7098417346473096,1.9501729521259794
-2.0160385968924723,0.28261036926578903,0.7042286632166036,-0.7995454199336317,0.7268293993692042,0.3906628830041749,-0.27941008534134404,-2.057060403434006,0.6928158216554965,0.3077632347115329,1.1175983365818722,2.231509652034054,0.7936144663405047,-0.5827608251575741,-0.7884515345006554,-0.008854606500621039,0.2459796503593231,-1.0013557456531579,0.8587279033036183,0.1455438049470593,1.2070124476343114,-0.07858714374995225,-0.3738294301244516,0.3056162225979279,0.7977756395587737,0.5727781009471543,-0.0812982850223946,0.12037892966270372,-0.312698643327804,-0.45203079477206193,-0.2556287236343875,-0.7642340941826088,-0.7979845263552385,1.3216881689278008,-0.7663460626445313,1.3354596466599011,0.815667073742318,0.15266572520043636,0.6745332121502337,-0.19537901538092498,-0.4974199728745607,-1.682294108068187,0.8590896084462935,-0.49470870250061644
-0.608356710760713,-0.1714018905398021,0.8844747898523724,-1.0301692176991182,0.28896076838589313,-0.042112656934098255,0.06356143043161451,-0.41270029431558064,0.3077632347115329,1.0868692417887067,0.14469674086982448,0.39878965125987065,-0.45462012101657595,-0.15654955274231885,-0.8784643387683427,0.1835644210423294,0.5524251984481606,0.24580234728038697,0.22141095532955338,-0.20394550513495285,0.08784109997789866,-0.23114909109973752,-0.5569812036052443,0.6836473643513239,0.19217684641836236,0.7003205395038695,-0.1855367218223955,-1.1620772585229038,-0.5444194950240804,-0.46294614684484137,-0.3105130063838055,-0.6847749786781147,-0.32598534975280513,0.49078101120110695,0.43781025205481766,0.40352087392214436,-0.44309841488613483,0.17103698306317414,0.6699541551638281,0.3120701787592753,-0.5892297327979871,-0.8264173898435998,0.1101134580778717,-0.31017845983585346
-4.1250658204255295,0.7340604881324986,1.1739048547404896,-1.2083418369689263,1.4422141141729754,0.9143871736096483,-0.3319875982714488,-4.324001284200373,1.1175983365818722,0.14469674086982448,2.3650216881859363,4.697053783027144,2.03305327495037,-1.212812269251174,-1.3178686430477087,0.08998638531684656,0.41567432546186733,-2.2820632286256832,1.906494768337613,0.3921148683015169,2.6158395866890034,-0.005686767192939552,-0.49599266372927714,0.27278682657446207,1.6343993074042162,1.0077381058840682,-0.10976832351402142,0.7071973992862989,-0.5313255495041797,-0.7645594648999249,-0.5296354485664935,-1.3343213942906456,-1.7009008222293596,2.7462465639969236,-1.8787018922919763,2.8736005936942557,2.1225925733867377,0.3421642868085656,1.2610222912545699,-0.4688984462228258,-0.7305030498552119,-3.408151088031368,1.9428465070508336,-0.8806261334260065
-8.613217239586184,1.343857758528416,2.3221532152046054,-2.348757365109795,2.861254778626981,1.8864054661187226,-0.7146888988074085,-9.043129306741308,2.231509652034054,0.39878965125987065,4.697053783027144,10.053560825700323,4.3245992342440385,-2.5098169452894084,-2.7749470808726753,0.08041728101920292,0.9116235575176083,-5.0755863923061675,4.024475055142978,1.0273953383668082,5.836353823660687,-0.32303333195123846,-1.0686969390352727,1.0628774202693012,3.4526855867103183,2.053816541435984,-0.4568361723290459,1.1903722760656654,-1.3372307886908394,-1.8940812780204668,-1.2829661498463223,-2.854529209881601,-3.5815039119537326,6.035080295036721,-4.40985869347158,5.568910887162277,4.3244302584393735,0.9939147158515108,2.912131084623867,-0.7905358281130677,-1.5349127510529357,-7.404005387438785,4.111906303557319,-2.2218168891782977
-3.571289673315994,0.94287525649719806,0.9755788880046092,-0.6965550599859123,1.1266543523299994,0.6339609797542439,-0.08236863327363173,-3.764179170760076,0.7936144663405047,-0.45462012101657595,2.03305327495037,4.3245992342440385,2.701257390439214,-0.46536378075820506,-0.6928448032658313,0.3346144616965752,-0.358403818570854,-1.6072017006354682,1.4095422650211011,0.2672355645223937,2.0027355459892133,0.25388109028835293,-0.3022245332935326,-0.12049140918668716,1.258676290921075,0.7132614415179105,-0.3929147906076807,1.4888555685452345,0.08531846936585936,-0.15725109708714805,-0.09845283308511395,-0.815989052607813,-1.5038833390603286,2.3502893356948027,-1.8971014947490574,2.063339792639414,1.6338401776715414,0.44491630207427957,0.7943791556556089,-0.6125241634959703,-0.03252827781569734,-3.0078134255594944,1.6433078430157653,-1.2121686188286838
2.201689974065656,-0.03989670402834049,-0.04140422392558112,0.40762113289354,-0.7569438171545675,-0.7782031766862545,0.4851154783393773,2.3950226048383625,-0.5827608251575741,-0.15654955274231885,-1.212812269251174,-2.5098169452894084,-0.46536378075820506,1.4740020115080388,0.8521017540780866,0.46529864286072076,-0.978225293795159,2.390977229586203,-1.4070542455268835,-0.6313906925397638,-2.237302903699119,0.43155824817273664,0.15755747227005726,-0.5710243122899413,-1.1742220323881574,-0.38486436236877564,-0.3292426668944104,0.22345473966395155,0.9195688200604502,1.0822128593924256,0.7656053198860754,0.7878811918068236,0.8162552135931972,-1.6570292992172033,1.4563515235196964,-1.8573543034740112,-1.8601495686065728,-0.08259089959330071,-0.9821166167487947,0.04814429450811103,0.8914134044208699,1.727113875238291,-1.3179617382824298,-0.11811672034561184
2.6708148164114287,-0.1889390641011561,-1.211682490323471,1.4316921441384567,-1.0181533288170799,-0.5122953195016934,0.13589653267475557,2.5682120230152314,-0.7884515345006554,-0.8784643387683427,-1.3178686430477087,-2.7749470808726753,-0.6928448032658313,0.8521017540780866,1.4466076265308803,-0.12552061319497315,-0.753078388164246,1.1598832051702053,-1.2352769732340987,-0.07876160882124134,-1.5443580139783664,0.23599039420518433,0.7524730989650813,-0.7794256551375595,-1.0766774520006717,-1.0805351891863315,0.16051889025030663,0.6612097556870244,0.816230156531655,0.8478581697579605,0.6012608863039482,1.2271027603856974,1.1280702669570895,-1.828251279221432,0.7031475515803796,-1.8410542867387758,-0.8338282484991361,-0.32601005194095417,-1.2281426180083708,-0.06358098622353993,0.9011358418370868,2.4703346669819672,-1.1487905627374633,0.6066126969751052
-0.12114140404588689,0.3498025041658288,0.702833654390131,-0.5169838403430875,0.20536480935305162,-0.12234178973030461,0.43271004463545476,-0.009781403286766993,-0.008854606500621039,0.1835644210423294,0.08998638531684656,0.08041728101920292,0.3346144616965752,0.46529864286072076,-0.12552061319497315,0.6952307064581192,-0.2958353325142048,0.9108291019876232,-0.2035756956053478,-0.4518940253163149,-0.8229937679416249,0.28780764152450816,-0.2855207051938023,-0.23692669008879966,-0.15187879963322443,0.5384241357803181,-0.1486123748596143,0.008320535585111472,0.24180647936729663,0.39665795209955684,0.278922165091002,-0.13481580034167223,-0.325583264372098,0.031648435210967336,0.5990138451363974,0.18864176915032094,-0.5872115806847338,0.039856396421745495,-0.053350739086018256,-0.014388831055294156,0.21262406139259704,-0.2587735615130927,-0.020251567469970738,-0.24665939781325102
-0.9634119150012844,-0.24471948610360908,0.09797534486103052,-0.48260149213284087,0.3679651552064417,0.3710570550517115,-0.21583391938487362,-0.9512078360927335,0.2459796503593231,0.5524251984481606,0.41567432546186733,0.9116235575176083,-0.358403818570854,-0.978225293795159,-0.753078388164246,-0.2958353325142048,1.0156783321588787,-1.2259489479741958,0.7612107709716126,0.30296261617910397,1.1549066109812565,-0.4290023733566594,-0.2541195903313395,0.6819429958767685,0.6153242742861726,0.38111426313419505,0.24955929259476378,-0.9511254242768672,-0.8903341318264106,-0.8850179629201111,-0.6537350627140817,-0.5445240503898953,-0.3419113098686554,0.8082914326449994,-0.4322356219079068,0.993654521473645,0.7863608365353133,0.04076423847889798,0.7734986465584047,0.2609625364936628,-0.8040601868479839,-0.8564859324089905,0.6309892859616251,0.29634874516811466
4.164615026545048,-0.23340196513315184,0.16030116905235936,0.22756572369172304,-1.2385965524552345,-1.4186925990035935,0.9168806067436123,4.634573818453606,-1.0013557456531579,0.24580234728038697,-2.2820632286256832,-5.0755863923061675,-1.6072017006354682,2.390977229586203,1.1598832051702053,0.9108291019876232,-1.2259489479741958,4.556286775951293,-2.5518473957306536,-1.3286391481888273,-4.380549377016327,0.7177530219019624,0.05865323571221015,-0.848690387121236,-2.123300816178481,-0.3807407746589975,-0.3320348796379714,-0.43698739658393093,1.3308616551042374,1.7477038992641603,1.226271785166093,1.2453983860156745,1.5194805096836252,-3.18689019753977,3.3484982103321745,-2.9972590672913744,-3.551220739597217,-0.34123181184395524,-1.6457018522603215,0.29547456208977807,1.1989820678779815,3.315115496346651,-2.468723480009338,0.2661145268444537
-3.504650186423499,0.35460581175834066,0.7125502381540757,-0.8485567135542853,1.1695673954979935,0.9409254946817062,-0.381373689866014,-3.7043257146184816,0.8587279033036183,0.22141095532955338,1.906494768337613,4.024475055142978,1.4095422650211011,-1.4070542455268835,-1.2352769732340987,-0.2035756956053478,0.7612107709716126,-2.5518473957306536,1.892617461142113,0.583275600986792,2.78357591192248,-0.2818722834068373,-0.3760311851319259,0.582962079871005,1.5290660750611471,0.7465071438763792,-0.021931080849664112,0.19287602677461688,-0.8617264040781173,-1.0606846781064403,-0.7889627026706267,-1.2344057900137455,-1.412586871719172,2.507576936455446,-1.9691641924321606,2.437216260532854,2.1381893335504207,0.38208026713184196,1.333435610464421,-0.21435513444724108,-0.8426301553480416,-2.9875485079055366,1.7781794456612736,-0.6242117308893694
-0.7375418092422428,-0.0890181383656758,-0.3826374391377349,0.3063895346899546,0.11858689289434558,0.32587462865218203,-0.34050282263699017,-0.951457833670868,0.1455438049470593,-0.20394550513495285,0.3921148683015169,1.0273953383668082,0.2672355645223937,-0.6313906925397638,-0.07876160882124134,-0.4518940253163149,0.30296261617910397,-1.3286391481888273,0.583275600986792,0.5199165908023018,1.239967003893039,-0.26812615065484924,0.1986455570458944,0.2484995433753702,0.4575435335200319,-0.21840143209203297,0.10320325773571146,0.18410233897071968,-0.3244081740711152,-0.5096124795492276,-0.3467134930112071,-0.153619192796142,-0.18198499242220884,0.6702700812115775,-1.0396747411016032,0.4506990123395226,1.0010761913508905,0.09597001978829679,0.32233489229717666,-0.062945347117047,-0.24813738842578587,-0.5407832362398899,0.5093533959093025,-0.04184164973217786
-4.918616850165717,0.2890112133384324,0.4196997218103933,-0.682276945696915,1.4012374330052204,1.3625487483171257,-0.8584742618188826,-5.307119854799916,1.2070124476343114,0.08784109997789866,2.6158395866890034,5.836353823660687,2.0027355459892133,-2.237302903699119,-1.5443580139783664,-0.8229937679416249,1.1549066109812565,-4.380549377016327,2.78357591192248,1.239967003893039,4.692151113126874,-0.6585072652979542,-0.2683834118812862,1.025996779210995,2.276591750899356,0.6033520541867475,-0.04916160706490836,0.43772761664181176,-1.3343862478289934,-1.776612378487126,-1.294066744468902,-1.5743080494489712,-1.765601261195804,3.6264736986881516,-3.463832511207672,3.1405273235945623,3.441908015523222,0.5859367422748452,1.9684671014130202,-0.3185969291022021,-1.2590618649812342,-4.127428277989377,2.5837672765178397,-0.8687625437514112
0.2397745002818642,0.23155768604769608,0.1617852439804196,0.003136183354026949,-0.018288659537793985,-0.14847716434704855,0.20408126938278398,0.26568122179696385,-0.07858714374995225,-0.23114909109973752,-0.005686767192939552,-0.32303333195123846,0.25388109028835293,0.43155824817273664,0.23599039420518433,0.28780764152450816,-0.4290023733566594,0.7177530219019624,-0.2818722834068373,-0.26812615065484924,-0.6585072652979542,0.35411115900845763,0.05648251794999911,-0.47898807964500195,-0.23662715687137645,-0.02324651410649388,-0.05686786242548668,0.47884832588806453,0.45619579237643804,0.5094058354114622,0.3325956730122791,0.20850217079986394,0.056992954020870935,-0.3590593886232097,0.4196385090270001,-0.11935033395205534,-0.30132377420959855,-0.08690958949573825,-0.3750506247384235,-0.16565597326816148,0.3492522660129405,0.2898169454065774,-0.2211491655942034,-0.03300026798212658
1.115315408876345,-0.14914770188396836,-0.8062973348770255,0.9342392480900781,-0.49833791812870554,-0.13723502316383307,-0.06006618387366598,0.9105798189777883,-0.3738294301244516,-0.5569812036052443,-0.49599266372927714,-1.0686969390352727,-0.3022245332935326,0.15755747227005726,0.7524730989650813,-0.2855207051938023,-0.2541195903313395,0.05865323571221015,-0.3760311851319259,0.1986455570458944,-0.2683834118812862,0.05648251794999911,0.5846686608138066,-0.38445442148424175,-0.3898178742007129,-0.7429488635758777,0.14459033541017363,0.4873584556239129,0.32433776656335045,0.240359607754011,0.15617086061850638,0.5920090885210935,0.540426274138032,-0.7016937640664225,-0.04889140734123836,-0.7239784515770185,0.09395489017708995,-0.14707129602587424,-0.5463540590549153,-0.08952028594528602,0.3793475668580496,1.12509831870727,-0.4148046851743328,0.3133487737766591
-1.0052796288042722,-0.29398061385789903,0.3385833426160725,-0.5638809739809105,0.30494000628180107,0.19575431604710258,-0.24569778737368994,-0.946397801036155,0.3056162225979279,0.6836473643513239,0.27278682657446207,1.0628774202693012,-0.12049140918668716,-0.5710243122899413,-0.7794256551375595,-0.23692669008879966,0.6819429958767685,-0.848690387121236,0.582962079871005,0.2484995433753702,1.025996779210995,-0.47898807964500195,-0.38445442148424175,0.943628545631639,0.5134004798426125,0.3808785951448371,-0.10876355844043001,-0.9250788529005312,-0.7491932848833879,-0.8321185842425023,-0.529168423919502,-0.6280331463363352,-0.35306235121118534,0.9210150730251325,-0.5313344290795525,0.470676122623199,0.27890521351768294,0.2859575020836441,0.8102685618272739,0.27891873296082875,-0.6490126530653535,-1.1161839398594602,0.4473055846293938,-0.3565969769846991
-3.0210186144869318,0.34342861384095835,0.6409727245882282,-0.8226614102180957,1.0299096348101295,0.7568348177380063,-0.3595525250174767,-3.1525669129854967,0.7977756395587737,0.19217684641836236,1.6343993074042162,3.4526855867103183,1.258676290921075,-1.1742220323881574,-1.0766774520006717,-0.15187879963322443,0.6153242742861726,-2.123300816178481,1.5290660750611471,0.4575435335200319,2.276591750899356,-0.23662715687137645,-0.3898178742007129,0.5134004798426125,1.3241561435712912,0.7022793741559866,4.2730678165730064e-4,0.15578040833272194,-0.6957194976648676,-0.8794651529810963,-0.6128543570947368,-1.0205485083115933,-1.1967338565230645,2.1150930819652976,-1.5875473948374415,2.104911182191537,1.7267389554171773,0.27515701446845325,1.1140146382655176,-0.19889963472549907,-0.7505186806550117,-2.5359643028861343,1.5183959741915842,-0.4966625918508679
-1.9718561199432239,0.4070115757501058,1.2338004118859203,-1.3319501428864124,0.8559013608974305,0.32608120563266985,0.16439822904387566,-1.8122992519104117,0.5727781009471543,0.7003205395038695,1.0077381058840682,2.053816541435984,0.7132614415179105,-0.38486436236877564,-1.0805351891863315,0.5384241357803181,0.38111426313419505,-0.3807407746589975,0.7465071438763792,-0.21840143209203297,0.6033520541867475,-0.02324651410649388,-0.7429488635758777,0.3808785951448371,0.7022793741559866,1.17175647054404,-0.1368210550534252,-0.467820554573252,-0.4658807535210232,-0.36331106260535595,-0.24925175016265153,-0.9361229715846054,-1.0347117578605785,1.3280839366745643,-0.1500389306122057,1.5027516650615051,0.2643438234131217,0.2000609449860066,0.8572816470516897,0.03326614011481833,-0.5391902539742048,-1.8852752851395957,0.8860286213956732,-0.4447883172403559
0.3747990713346658,-0.07126809957651394,-0.42410717920198643,0.23864943034167835,-0.026750069522088707,0.11334618444977301,-0.11706595727918606,0.3066646817920881,-0.0812982850223946,-0.1855367218223955,-0.10976832351402142,-0.4568361723290459,-0.3929147906076807,-0.3292426668944104,0.16051889025030663,-0.1486123748596143,0.24955929259476378,-0.3320348796379714,-0.021931080849664112,0.10320325773571146,-0.04916160706490836,-0.05686786242548668,0.14459033541017363,-0.10876355844043001,4.2730678165730064e-4,-0.1368210550534252,0.39323592237455185,-0.09517214438045261,-0.11146983932926117,-0.09594139904743555,-0.04222415515422672,0.17489108331918446,0.1576280499248484,-0.24793941752927345,0.08336805376401063,0.17300461314599702,0.30064790926908047,-0.241493030617283,-0.16953363186437942,0.01214470444812696,-0.11138156856025598,0.526504920378934,0.009597097979736877,0.5952443681113587
-0.7249817195904469,0.6077941260766911,-0.2679698196468635,0.6786719536641077,0.12045930671587791,0.17692586114973202,-0.11171453222527496,-1.031875007179618,0.12037892966270372,-1.1620772585229038,0.7071973992862989,1.1903722760656654,1.4888555685452345,0.22345473966395155,0.6612097556870244,0.008320535585111472,-0.9511254242768672,-0.43698739658393093,0.19287602677461688,0.18410233897071968,0.43772761664181176,0.47884832588806453,0.4873584556239129,-0.9250788529005312,0.15578040833272194,-0.467820554573252,-0.09517214438045261,1.9900775902177448,0.82984699762313,0.6170773608149718,0.44246890901559177,0.3153162430740515,-0.23608449616868335,0.3021485832217858,-0.9708196791461652,0.27809229400116725,0.8627460564362652,-0.011641610755157477,-0.49681832039631807,-0.6845772448317663,0.6870256605191093,-0.26962309246658733,0.33825204840547834,-0.3969659383223409
1.257846136636084,0.17560406964090358,-0.22571213796287387,0.5136011003778244,-0.44374688072616075,-0.44128335636999694,0.20993109555645478,1.2492359839104004,-0.312698643327804,-0.5444194950240804,-0.5313255495041797,-1.3372307886908394,0.08531846936585936,0.9195688200604502,0.816230156531655,0.24180647936729663,-0.8903341318264106,1.3308616551042374,-0.8617264040781173,-0.3244081740711152,-1.3343862478289934,0.45619579237643804,0.32433776656335045,-0.7491932848833879,-0.6957194976648676,-0.4658807535210232,-0.11146983932926117,0.82984699762313,0.8947696856764242,0.9018992686219754,0.6545293131004019,0.6827596305214798,0.5155125334329501,-1.0683737136017615,0.6969230408213865,-1.0042052564358475,-0.8068859683852455,-0.17475547190016205,-0.8824482776073851,-0.2347734899893719,0.7547657400942497,1.2095046628435837,-0.7529713216193659,-0.00805075133550467
1.6767904154637774,0.16769338631796232,-0.18654751562020452,0.45721003582732483,-0.5338788020594345,-0.5110513970785717,0.39559632407839,1.7878776805463488,-0.45203079477206193,-0.46294614684484137,-0.7645594648999249,-1.8940812780204668,-0.15725109708714805,1.0822128593924256,0.8478581697579605,0.39665795209955684,-0.8850179629201111,1.7477038992641603,-1.0606846781064403,-0.5096124795492276,-1.776612378487126,0.5094058354114622,0.240359607754011,-0.8321185842425023,-0.8794651529810963,-0.36331106260535595,-0.09594139904743555,0.6170773608149718,0.9018992686219754,1.0538673908772682,0.7062568533154565,0.7625071828819926,0.6149806096942741,-1.40028143467947,1.1126652433594315,-1.18947310019792,-1.1569887207236618,-0.2306610865759061,-0.9644841947327906,-0.13295052066854376,0.8110908741420074,1.5117209784740921,-0.9251196294408821,0.1919792938436518
1.1445947555306144,0.11652209040018896,-0.10277819288446773,0.29819890435506036,-0.33836766521756817,-0.38019878436239296,0.18957801883748207,1.1872992728296698,-0.2556287236343875,-0.3105130063838055,-0.5296354485664935,-1.2829661498463223,-0.09845283308511395,0.7656053198860754,0.6012608863039482,0.278922165091002,-0.6537350627140817,1.226271785166093,-0.7889627026706267,-0.3467134930112071,-1.294066744468902,0.3325956730122791,0.15617086061850638,-0.529168423919502,-0.6128543570947368,-0.24925175016265153,-0.04222415515422672,0.44246890901559177,0.6545293131004019,0.7062568533154565,0.5528066128993436,0.5153878142109306,0.41611422381812874,-0.9208154163995215,0.7622289690000527,-0.8279535616683484,-0.8494602980195575,-0.1633433816287103,-0.70690081224722,-0.12246775219178854,0.5574019289838025,1.0481697171606081,-0.6591404478809344,0.050226995244130684
2.5949288680588753,-0.25638598372500876,-1.1012795939913027,1.1577648490966543,-0.9730100705351559,-0.5729492550919957,0.16518598000390017,2.621055743900831,-0.7642340941826088,-0.6847749786781147,-1.3343213942906456,-2.854529209881601,-0.815989052607813,0.7878811918068236,1.2271027603856974,-0.13481580034167223,-0.5445240503898953,1.2453983860156745,-1.2344057900137455,-0.153619192796142,-1.5743080494489712,0.20850217079986394,0.5920090885210935,-0.6280331463363352,-1.0205485083115933,-0.9361229715846054,0.17489108331918446,0.3153162430740515,0.6827596305214798,0.7625071828819926,0.5153878142109306,1.204718109578983,1.1743896033500598,-1.8721103690290504,0.9521006472300791,-1.7401715870372765,-0.9583364556742925,-0.36056912535443675,-1.1084498661288558,0.0421955322344954,0.7230741616299832,2.40450760073135,-1.1526256712706817,0.7495093253888024
3.1108593443984174,-0.5807009897678755,-1.1441065294364106,1.1016361487061581,-1.1534575244471805,-0.6982269211012354,0.07412952215120577,3.2200907180167295,-0.7979845263552385,-0.32598534975280513,-1.7009008222293596,-3.5815039119537326,-1.5038833390603286,0.8162552135931972,1.1280702669570895,-0.325583264372098,-0.3419113098686554,1.5194805096836252,-1.412586871719172,-0.18198499242220884,-1.765601261195804,0.056992954020870935,0.540426274138032,-0.35306235121118534,-1.1967338565230645,-1.0347117578605785,0.1576280499248484,-0.23608449616868335,0.5155125334329501,0.6149806096942741,0.41611422381812874,1.1743896033500598,1.4650297291319032,-2.2105377709258023,1.2992765593428302,-2.165436368471139,-1.3404673109618992,-0.3654028629059582,-1.0867384906928195,0.22773101702967138,0.5547843007068904,2.7686401698050642,-1.499097717228302,0.8188253737933228
-5.195313414592699,0.661508444880209,1.4590503350532333,-1.491690333139619,1.7463266275964202,1.1672490588948141,-0.4484188958324448,-5.473776317962639,1.3216881689278008,0.49078101120110695,2.7462465639969236,6.035080295036721,2.3502893356948027,-1.6570292992172033,-1.828251279221432,0.031648435210967336,0.8082914326449994,-3.18689019753977,2.507576936455446,0.6702700812115775,3.6264736986881516,-0.3590593886232097,-0.7016937640664225,0.9210150730251325,2.1150930819652976,1.3280839366745643,-0.24793941752927345,0.3021485832217858,-1.0683737136017615,-1.40028143467947,-0.9208154163995215,-1.8721103690290504,-2.2105377709258023,3.8057344059646834,-2.6872748056613225,3.399733077795034,2.6001000930966014,0.677560357983326,1.9402977113199955,-0.3341709012498521,-1.086955701599579,-4.584378810407021,2.5174708508860903,-1.3853054415615595
3.476165271547776,-0.3299222174274204,-0.011762635138872865,-0.02231246902867998,-0.9283812792706747,-1.0417254926617368,0.6635445536319043,3.920800159756015,-0.7663460626445313,0.43781025205481766,-1.8787018922919763,-4.40985869347158,-1.8971014947490574,1.4563515235196964,0.7031475515803796,0.5990138451363974,-0.4322356219079068,3.3484982103321745,-1.9691641924321606,-1.0396747411016032,-3.463832511207672,0.4196385090270001,-0.04889140734123836,-0.5313344290795525,-1.5875473948374415,-0.1500389306122057,0.08336805376401063,-0.9708196791461652,0.6969230408213865,1.1126652433594315,0.7622289690000527,0.9521006472300791,1.2992765593428302,-2.6872748056613225,3.0043953074829504,-2.0210361014858327,-2.6815988947269562,-0.5067797040027004,-1.1872008653263997,0.400435236201139,0.5462353654038885,2.9041843625691555,-1.8981040392920774,0.8712227194383712
-5.009719198951448,0.8367205933072878,1.452402555128382,-1.707266192560353,1.9096453600669001,1.2362471521691374,-0.343649781695575,-5.226692923101348,1.3354596466599011,0.40352087392214436,2.8736005936942557,5.568910887162277,2.063339792639414,-1.8573543034740112,-1.8410542867387758,0.18864176915032094,0.993654521473645,-2.9972590672913744,2.437216260532854,0.4506990123395226,3.1405273235945623,-0.11935033395205534,-0.7239784515770185,0.470676122623199,2.104911182191537,1.5027516650615051,0.17300461314599702,0.27809229400116725,-1.0042052564358475,-1.18947310019792,-0.8279535616683484,-1.7401715870372765,-2.165436368471139,3.399733077795034,-2.0210361014858327,3.9795884447671868,2.7368789661864343,0.2788728417186386,1.6926246810751933,-0.40325215862670166,-1.2029635552719582,-4.110636572191654,2.530310582078127,-0.5998412876093364
-3.5878714316436247,0.4067393143712781,-0.010670146994066026,-0.1552270945851171,1.1300023789967357,1.1868256463397142,-0.6429022017300715,-4.06438575079144,0.815667073742318,-0.44309841488613483,2.1225925733867377,4.3244302584393735,1.6338401776715414,-1.8601495686065728,-0.8338282484991361,-0.5872115806847338,0.7863608365353133,-3.551220739597217,2.1381893335504207,1.0010761913508905,3.441908015523222,-0.30132377420959855,0.09395489017708995,0.27890521351768294,1.7267389554171773,0.2643438234131217,0.30064790926908047,0.8627460564362652,-0.8068859683852455,-1.1569887207236618,-0.8494602980195575,-0.9583364556742925,-1.3404673109618992,2.6001000930966014,-2.6815988947269562,2.7368789661864343,3.1224280349566826,0.21935336759442262,1.1397990311432333,-0.43909819688093016,-0.7839882550744512,-2.73407888469093,2.0593794557561007,-0.24463689214798318
-0.8270717428765835,0.03761283942550218,0.3492628549441456,-0.23135424304462945,0.2225122935032463,0.1289909426612726,-0.007733664100885045,-0.8511622134794635,0.15266572520043636,0.17103698306317414,0.3421642868085656,0.9939147158515108,0.44491630207427957,-0.08259089959330071,-0.32601005194095417,0.039856396421745495,0.04076423847889798,-0.34123181184395524,0.38208026713184196,0.09597001978829679,0.5859367422748452,-0.08690958949573825,-0.14707129602587424,0.2859575020836441,0.27515701446845325,0.2000609449860066,-0.241493030617283,-0.011641610755157477,-0.17475547190016205,-0.2306610865759061,-0.1633433816287103,-0.36056912535443675,-0.3654028629059582,0.677560357983326,-0.5067797040027004,0.2788728417186386,0.21935336759442262,0.2824083989984299,0.3823196313607519,0.009581164342158067,-0.0904233079685403,-0.8949981918750082,0.3232597739374385,-0.5447827400938431
-2.601049588743989,0.14623980327535196,0.8414734802717826,-1.0221244249893504,0.8407081110761105,0.5691745984627694,-0.1865263738317897,-2.602710905405087,0.6745332121502337,0.6699541551638281,1.2610222912545699,2.912131084623867,0.7943791556556089,-0.9821166167487947,-1.2281426180083708,-0.053350739086018256,0.7734986465584047,-1.6457018522603215,1.333435610464421,0.32233489229717666,1.9684671014130202,-0.3750506247384235,-0.5463540590549153,0.8102685618272739,1.1140146382655176,0.8572816470516897,-0.16953363186437942,-0.49681832039631807,-0.8824482776073851,-0.9644841947327906,-0.70690081224722,-1.1084498661288558,-1.0867384906928195,1.9402977113199955,-1.1872008653263997,1.6926246810751933,1.1397990311432333,0.3823196313607519,1.2923992392637682,0.06258333329003281,-0.8387060182626985,-2.430917387262453,1.2718633709017586,-0.5864086016856981
0.6242013617760914,-0.26953603971661005,-0.07186370551226308,-0.03286237615989443,-0.1990967568322927,-0.12175133745314906,0.10438045544757919,0.7399851115397827,-0.19537901538092498,0.3120701787592753,-0.4688984462228258,-0.7905358281130677,-0.6125241634959703,0.04814429450811103,-0.06358098622353993,-0.014388831055294156,0.2609625364936628,0.29547456208977807,-0.21435513444724108,-0.062945347117047,-0.3185969291022021,-0.16565597326816148,-0.08952028594528602,0.27891873296082875,-0.19889963472549907,0.03326614011481833,0.01214470444812696,-0.6845772448317663,-0.2347734899893719,-0.13295052066854376,-0.12246775219178854,0.0421955322344954,0.22773101702967138,-0.3341709012498521,0.400435236201139,-0.40325215862670166,-0.43909819688093016,0.009581164342158067,0.06258333329003281,0.285658273483738,-0.11930728983088563,0.37819578149569233,-0.26367137729060075,0.19313913856580525
1.4961437603933097,0.06766163076874998,-0.41274567721991373,0.7453039591791656,-0.5547113894659286,-0.38932010154731794,0.2772168381200505,1.4765688167056272,-0.4974199728745607,-0.5892297327979871,-0.7305030498552119,-1.5349127510529357,-0.03252827781569734,0.8914134044208699,0.9011358418370868,0.21262406139259704,-0.8040601868479839,1.1989820678779815,-0.8426301553480416,-0.24813738842578587,-1.2590618649812342,0.3492522660129405,0.3793475668580496,-0.6490126530653535,-0.7505186806550117,-0.5391902539742048,-0.11138156856025598,0.6870256605191093,0.7547657400942497,0.8110908741420074,0.5574019289838025,0.7230741616299832,0.5547843007068904,-1.086955701599579,0.5462353654038885,-1.2029635552719582,-0.7839882550744512,-0.0904233079685403,-0.8387060182626985,-0.11930728983088563,0.8041329239865938,1.297721956540867,-0.7588275878022402,0.022958879802535862
6.520983947509195,-0.8903979721178825,-2.234152663259101,2.2495965815220824,-2.2216192395109546,-1.3156409171819858,0.36804355897111546,6.663502538890998,-1.682294108068187,-0.8264173898435998,-3.408151088031368,-7.404005387438785,-3.0078134255594944,1.727113875238291,2.4703346669819672,-0.2587735615130927,-0.8564859324089905,3.315115496346651,-2.9875485079055366,-0.5407832362398899,-4.127428277989377,0.2898169454065774,1.12509831870727,-1.1161839398594602,-2.5359643028861343,-1.8852752851395957,0.526504920378934,-0.26962309246658733,1.2095046628435837,1.5117209784740921,1.0481697171606081,2.40450760073135,2.7686401698050642,-4.584378810407021,2.9041843625691555,-4.110636572191654,-2.73407888469093,-0.8949981918750082,-2.430917387262453,0.37819578149569233,1.297721956540867,5.854006632368238,-2.9751803618779675,1.8947772189793775
-3.5223466299164294,0.5350832332127896,0.754950805234789,-0.88068133788558,1.2008394030201406,0.91197866916369,-0.2926544117346665,-3.7098417346473096,0.8590896084462935,0.1101134580778717,1.9428465070508336,4.111906303557319,1.6433078430157653,-1.3179617382824298,-1.1487905627374633,-0.020251567469970738,0.6309892859616251,-2.468723480009338,1.7781794456612736,0.5093533959093025,2.5837672765178397,-0.2211491655942034,-0.4148046851743328,0.4473055846293938,1.5183959741915842,0.8860286213956732,0.009597097979736877,0.33825204840547834,-0.7529713216193659,-0.9251196294408821,-0.6591404478809344,-1.1526256712706817,-1.499097717228302,2.5174708508860903,-1.8981040392920774,2.530310582078127,2.0593794557561007,0.3232597739374385,1.2718633709017586,-0.26367137729060075,-0.7588275878022402,-2.9751803618779675,1.8627397963641954,-0.5627769939824288
1.8603407353164054,-0.27817494922096614,-1.0133167873224622,0.6414142686125766,-0.5502445172408142,-0.13880883752554726,0.0520605336321843,1.9501729521259794,-0.49470870250061644,-0.31017845983585346,-0.8806261334260065,-2.2218168891782977,-1.2121686188286838,-0.11811672034561184,0.6066126969751052,-0.24665939781325102,0.29634874516811466,0.2661145268444537,-0.6242117308893694,-0.04184164973217786,-0.8687625437514112,-0.03300026798212658,0.3133487737766591,-0.3565969769846991,-0.4966625918508679,-0.4447883172403559,0.5952443681113587,-0.3969659383223409,-0.00805075133550467,0.1919792938436518,0.050226995244130684,0.7495093253888024,0.8188253737933228,-1.3853054415615595,0.8712227194383712,-0.5998412876093364,-0.24463689214798318,-0.5447827400938431,-0.5864086016856981,0.19313913856580525,0.022958879802535862,1.8947772189793775,-0.5627769939824288,1.415173667675965
