V1,V2,V3,V4,V5,V6,V7,V8,V9,V10,V11,V12,V13,V14,V15,V16,V17,V18,V19,V20,V21,V22,V23,V24,V25,V26,V27,V28,V29,V30,V31,V32,V33,V34,V35,V36,V37,V38,V39,V40,V41,V42,V43,V44
0.8049848434495819,-1.761859114534753,1.1945781148871493,-0.05117244411935392,-0.022504994182003753,-0.09633862013754582,0.6824322708985238,0.6884172391428708,0.494998114649778,1.603861204834835,-0.8993593104473323,-1.2011567441293056,-0.9187711120345369,-1.3118981938942273,2.047321328198556,-0.17257081400719484,-0.176552781447816,1.7866912689810204,1.8725172975295958,-1.7100257455732997,-0.17691909061639288,-4.078658245569166,3.6469795967772427,0.003449524106713014,1.1147788216971717,-0.4655579493027738,1.642082628045682,-0.15393754167860466,1.7209184349999898,-2.998026656589637,-1.5916108864564371,-1.7351362768714584,0.5844635674681221,-2.7541854366226897,-1.2985690477565524,-1.733551374105401,1.5924522570765927,-0.8611216503703709,-1.7626253622652046,-1.1195873417956825,-0.89611901647706,0.8251581614793426,-1.2275262017165927,0.4603191071748816
-1.761859114534753,15.887052186905018,-7.326970115110936,0.8832014157184949,0.7028508155866354,2.794804103599289,-4.213009556920383,-5.943646529703576,-5.021893392629373,-11.847694615869402,6.38518836437636,9.766209635877782,3.0695344235622213,8.715922145149205,-16.06960821238702,1.115363635875979,1.6695996255518348,-13.246001669140881,-16.53492922267732,10.032267781885555,-2.546373351123263,28.01352987187768,-27.51722877545735,-5.046419200620492,-5.479286075765499,5.482388894271327,-14.156596904433604,1.8022621542288018,-14.402136696010869,22.442717264894636,9.477464563566048,13.45007185083702,-4.74354232670865,16.341239518500814,7.609212727344226,13.85035154075195,-9.976205466104071,5.200458783823975,14.125566157559238,7.589408450752152,2.5736355872794894,-2.6461703487748416,10.613171972044137,-7.936708298265285
1.1945781148871493,-7.326970115110936,4.048250877498532,-0.36053717169608923,-0.2630163985353711,-1.2020792652587706,2.447747590412091,2.8224928166764487,2.1576391384541984,5.813441849454061,-3.026434187986549,-4.574459958736633,-1.705853145850043,-4.436358335068991,7.97174927126148,-0.5165503485576347,-0.8183776526918332,6.621774003370966,8.242946380515251,-5.0874440755157755,0.9523322490633526,-13.958948647259591,13.454281763603259,1.9341099089719764,2.9030270280574895,-2.4936907340264827,6.813182296778329,-0.7814516734008077,6.92839006846887,-11.08143760856382,-4.933251109222924,-6.633931188652815,2.279646390629916,-8.674401765469222,-4.254823770776302,-6.718952801881983,5.130286019830775,-2.559972538224893,-6.744223371172114,-3.9843694439226747,-1.8131620559983168,1.7551375839616572,-5.138335338957331,3.311134647360463
-0.05117244411935392,0.8832014157184949,-0.36053717169608923,0.1710087169271919,0.04822180861894481,0.1284282822492397,-0.1437229928220547,-0.4335310390310115,-0.3770410418034655,-0.7512185035021351,0.2217368060260641,0.7168504883349116,0.1576502587075977,0.48851564831240346,-0.893078351800341,0.09945519619341392,0.0013568462653253412,-0.8125956924444058,-0.9153943559201304,0.7066047165747494,-0.21268797823509586,1.5967854218151272,-1.6101269960033955,-0.4356692338495436,-0.37080004538751693,0.34791120031551215,-0.8742123963880644,0.17329889028468332,-0.894000854144134,1.3217665986979916,0.40302878946686654,0.7143747492536073,-0.2806862997799952,0.774088591811143,0.509370983296811,0.852948556383965,-0.6537431370499038,0.373492610493838,0.792140332192794,0.33351434211989606,0.1159045004721515,-0.14091057249145872,0.5909141436612692,-0.4427114123142085
-0.022504994182003753,0.7028508155866354,-0.2630163985353711,0.04822180861894481,0.21605829787568234,0.0709620867800889,-0.12702370568220106,-0.22347933973348416,-0.3351182164297181,-0.5424461433032093,0.22993231458781924,0.40392181528141197,0.14191620639550429,0.31029139532910144,-0.6722544600895557,0.13384730063386371,0.05597629109134789,-0.5814984058386206,-0.7114600212294528,0.37255107325215653,-0.09234658108895563,1.2676413257408623,-1.0217537435917976,-0.06425032439731347,-0.24669071187447694,0.14927945363968767,-0.4917028243323089,-0.08394233442672115,-0.6266548466224667,0.8461590733808777,0.5146711068363822,0.5989886486645151,-0.19269033159374926,0.6068002141765789,0.32642863586297843,0.6898348679705957,-0.4391696256617837,0.2257089070756816,0.49020998207350247,0.24781739754674587,0.05969207966508649,1.5299963509399402e-5,0.47168368425668816,-0.35550321600300655
-0.09633862013754582,2.794804103599289,-1.2020792652587706,0.1284282822492397,0.0709620867800889,0.8177063746878322,-0.7840113190996897,-1.0323334298473383,-0.82058275814548,-1.8658782926697803,1.2668629254125934,1.661912555669607,0.13438147528941755,1.3807597917655687,-2.582805471334726,0.21343189160479592,0.41603083862697987,-2.0746040937216828,-2.7642721690297742,1.5150505330896629,-0.6049381740984712,4.418168826505516,-4.604898216927464,-1.3345975753690378,-0.7718656218038454,1.1045801156554091,-2.4381603258666393,0.44074196798378934,-2.397608283249709,3.7265966099008225,1.3897381086532967,2.160601083528756,-0.885536139740073,2.399682926854823,0.9299363715814419,2.144104252047803,-1.5514197902216025,0.7874166850024361,2.3716246059550126,1.3089705925069233,0.2042082741477875,-0.15789777969992652,1.867133334704232,-1.7295280768099337
0.6824322708985238,-4.213009556920383,2.447747590412091,-0.1437229928220547,-0.12702370568220106,-0.7840113190996897,1.703581926132435,1.706432241025649,1.1464998686797558,3.346161289227739,-1.8706476038457958,-2.6276681165893256,-0.8925504893742153,-2.7290788209148156,4.778499386134217,-0.3084487722205452,-0.5258890640517137,3.879292878848225,4.92571659221895,-3.0376583786526075,0.5660751921422166,-8.278338795971324,8.030657864944123,1.1293315381659836,1.7035469890956818,-1.4748065098152436,4.076284825754862,-0.45609659732860475,4.086278584206951,-6.6140409379219784,-2.9262949369205096,-3.9189368034897942,1.360604544796608,-5.290893126192702,-2.5364708699837997,-3.8860353843002824,3.032107340672738,-1.513702440193928,-3.9832000864492807,-2.504252515890679,-1.1690797540503801,1.1389884267731398,-3.038207505587147,2.07093966365876
0.6884172391428708,-5.943646529703576,2.8224928166764487,-0.4335310390310115,-0.22347933973348416,-1.0323334298473383,1.706432241025649,2.53445367770181,1.9613322549784058,4.634730920020391,-2.304459441171143,-4.012580943676684,-1.0895137942191413,-3.5066193746088943,6.288824794824174,-0.5709050324456904,-0.5076671966180921,5.200143990877694,6.372077668107586,-4.245278645099115,1.0235758971513877,-10.949085105688516,10.878557309360305,2.2466785817662913,2.274647985366621,-2.2025513942863104,5.694939881395605,-0.7828738077907192,5.7289545300159395,-8.891325360914903,-3.4123791781642803,-5.093830722588271,1.9208990319148846,-6.281858066246953,-3.2300087328554903,-5.428989099333069,4.062694511827285,-2.1648706511241156,-5.506169420987405,-2.9282742982120133,-1.1127152825013213,1.2558350277327865,-4.108781772013213,3.114277435898907
0.494998114649778,-5.021893392629373,2.1576391384541984,-0.3770410418034655,-0.3351182164297181,-0.82058275814548,1.1464998686797558,1.9613322549784058,1.8078039369863168,3.7941812923873375,-1.8892926565820236,-3.219877055477948,-0.9818650192722176,-2.675699051595799,4.9945187820717996,-0.5021912087511817,-0.43539504612695723,4.148849634818959,5.083125700114219,-3.237475940994782,0.8160144965925323,-8.821005518047745,8.56820096459844,1.7059944308224444,1.7864598277806152,-1.7162988145634275,4.4618610158221275,-0.536407553646702,4.605356358821617,-7.00591229321908,-2.8924797388738845,-4.139144820040896,1.4962420278937936,-4.8297811041617775,-2.380246812212733,-4.470157809731811,3.1753542808316655,-1.7547441600957636,-4.395466227426868,-2.226737179682751,-0.71417235593654,0.7748892044028541,-3.359949337556835,2.5968957861632065
1.603861204834835,-11.847694615869402,5.813441849454061,-0.7512185035021351,-0.5424461433032093,-1.8658782926697803,3.346161289227739,4.634730920020391,3.7941812923873375,9.290248264036675,-4.666333369084295,-7.6077018567314925,-2.636193978813369,-6.872700647878565,12.457481791052741,-0.9115029275127391,-1.12658112484679,10.42996576537159,12.668221565163444,-8.1654508944182,1.7488922938744813,-21.90910721969829,21.345261283770625,3.526645341422702,4.530810450706531,-4.081022103735044,10.86892334638234,-1.3344858167994134,11.136550654750092,-17.469164707934628,-7.37464464686905,-10.344856988212978,3.6227746901661004,-12.970625472361053,-6.423427593859256,-10.766448189126566,7.9793231054273415,-4.138247699896458,-10.769779932927097,-5.864360833912161,-2.3886561616357675,2.4410777147902887,-8.037160754934751,5.5432297871591905
-0.8993593104473323,6.38518836437636,-3.026434187986549,0.2217368060260641,0.22993231458781924,1.2668629254125934,-1.8706476038457958,-2.304459441171143,-1.8892926565820236,-4.666333369084295,2.9879907390338154,3.8804256961566144,1.3421400967176889,3.5643183305646797,-6.293609832056184,0.4888580095254267,0.8149762463511698,-5.2453044360129075,-6.308237125297301,4.101980019855801,-0.6855486810515768,11.37660911544496,-11.07311592603113,-1.8707332591872081,-2.3168411607845854,2.15938244860218,-5.54125279111464,0.7715846633656973,-5.612631995549344,9.061437241059616,3.9926516976242965,5.3564908467395105,-1.902065728955108,6.724919835557206,2.793320711428699,5.3175888064218455,-3.9647194279739226,2.0786475262722077,5.630597986962675,3.1834720085224997,1.1934644286629332,-1.0643233624684676,4.225228926986979,-3.1139519386589596
-1.2011567441293056,9.766209635877782,-4.574459958736633,0.7168504883349116,0.40392181528141197,1.661912555669607,-2.6276681165893256,-4.012580943676684,-3.219877055477948,-7.6077018567314925,3.8804256961566144,6.899280525956397,2.009396623637556,5.76666988743123,-10.106752643674444,0.8908998566033085,0.7897978414904174,-8.663485243920329,-10.12970131106325,7.059592630609414,-1.3388036094560607,18.043388575298458,-17.671508506808262,-3.351702017413059,-3.8997109681713704,3.5255604849871447,-9.205539609241468,1.2739236849165219,-9.229930677041734,14.563836548556708,5.66589808608204,8.317409687741446,-3.0659486422812563,10.209478525078362,5.2171537496643206,8.686017874366268,-6.874741555127315,3.598089917433137,8.870547176990137,4.692360364817488,1.8645224189051623,-1.8861292088574892,6.598695862789681,-4.6276823865993855
-0.9187711120345369,3.0695344235622213,-1.705853145850043,0.1576502587075977,0.14191620639550429,0.13438147528941755,-0.8925504893742153,-1.0895137942191413,-0.9818650192722176,-2.636193978813369,1.3421400967176889,2.009396623637556,1.4897321599708993,2.0066070858088496,-3.335173934557273,0.20578973837900658,0.236186896479939,-2.951633082837741,-3.1063883143405935,2.477086326453895,0.12491866188392575,6.39698006600493,-5.760447362112017,0.006036484622541859,-1.563463424867138,0.7816033042637317,-2.6868151995383207,0.26308310933264883,-2.84106239472946,4.7893372061188595,2.529498590526346,2.8686492494031257,-0.7753377645423024,4.116423911646304,1.917821242135929,2.8796845170002485,-2.3382481578570298,1.2770932092566207,2.83345987825708,1.646364999475699,1.1248916869569636,-1.0551362889838112,2.0014666177227234,-0.7994717433075575
-1.3118981938942273,8.715922145149205,-4.436358335068991,0.48851564831240346,0.31029139532910144,1.3807597917655687,-2.7290788209148156,-3.5066193746088943,-2.675699051595799,-6.872700647878565,3.5643183305646797,5.76666988743123,2.0066070858088496,5.380242664339079,-9.443355719249345,0.6400424463808562,0.83029482494635,-7.85604824122611,-9.53598651395339,6.287295045908727,-1.159837673144861,16.607569539884462,-16.13351658875644,-2.4891487764014615,-3.495897478252462,3.0329364114064976,-8.274774990265719,0.9947585062177521,-8.316471200078302,13.249579845656509,5.547842057166922,7.796704327552358,-2.717632200589879,10.050522980704724,4.962311238067648,7.947610113947022,-6.1668365363147135,3.2045623829159053,8.12082842794452,4.5841572722288175,2.029858846072172,-2.069093206032006,5.989532654811577,-4.095804405534909
2.047321328198556,-16.06960821238702,7.97174927126148,-0.893078351800341,-0.6722544600895557,-2.582805471334726,4.778499386134217,6.288824794824174,4.9945187820717996,12.457481791052741,-6.293609832056184,-10.106752643674444,-3.335173934557273,-9.443355719249345,17.227069746731107,-1.0899717094032113,-1.602201468947062,14.12731758166834,17.715526493056313,-10.840374879115043,2.5969385485525245,-29.72491203696172,29.041004134353138,4.814917597968131,5.922695150078814,-5.5954625676695535,14.960336830632126,-1.7028733425037745,15.174159614628893,-23.760022009176566,-10.00900105623656,-14.24452455002105,4.945857315569612,-17.899165298496516,-8.86086620584457,-14.68034042427678,10.769745727127248,-5.551491335573733,-14.789324871870276,-8.210222156561729,-3.2311262678984805,3.4268624437721478,-11.028588533832353,7.795146192376004
-0.17257081400719484,1.115363635875979,-0.5165503485576347,0.09945519619341392,0.13384730063386371,0.21343189160479592,-0.3084487722205452,-0.5709050324456904,-0.5021912087511817,-0.9115029275127391,0.4888580095254267,0.8908998566033085,0.20578973837900658,0.6400424463808562,-1.0899717094032113,0.3957293185792296,0.08224754887627123,-0.9345568816743366,-1.0148604060026802,0.9343042659214182,-0.07085013530783309,2.1394939776525708,-2.0529130597966216,-0.5890102390197651,-0.5678599565418421,0.4388045281910635,-1.0702993154650347,0.1447641474175312,-1.1398965892812298,1.7010502918955777,0.6376248203753321,0.8112922731851809,-0.4290674302540183,0.9770887581298257,0.568187239361631,1.0656883967760489,-0.848324426571228,0.48936574513447517,0.9701199519624298,0.47201651734796785,0.23953288390231556,-0.24248492090902107,0.8645834089180268,-0.7368753838722116
-0.176552781447816,1.6695996255518348,-0.8183776526918332,0.0013568462653253412,0.05597629109134789,0.41603083862697987,-0.5258890640517137,-0.5076671966180921,-0.43539504612695723,-1.12658112484679,0.8149762463511698,0.7897978414904174,0.236186896479939,0.83029482494635,-1.602201468947062,0.08224754887627123,0.32515016377656636,-1.2405112882779836,-1.7010215531393518,0.8292374642267967,-0.2790969439421792,2.754222748721862,-2.7378910873405995,-0.48837172008735696,-0.4701330760176939,0.5660138976339606,-1.3378589442217288,0.17345610424696706,-1.3862535441211512,2.2060390616147845,1.0671521383370404,1.3791487938007079,-0.48040178192583943,1.7169289126760279,0.6049714262385238,1.3290257199106423,-0.873103220744183,0.434513691013751,1.4171568659082552,0.8656924027444552,0.2393595263598477,-0.17533315264793053,1.1091218026744902,-0.8935813747459028
1.7866912689810204,-13.246001669140881,6.621774003370966,-0.8125956924444058,-0.5814984058386206,-2.0746040937216828,3.879292878848225,5.200143990877694,4.148849634818959,10.42996576537159,-5.2453044360129075,-8.663485243920329,-2.951633082837741,-7.85604824122611,14.12731758166834,-0.9345568816743366,-1.2405112882779836,11.916572989078237,14.3830420246568,-9.262545432370885,1.8760809594474865,-24.815456899270263,24.08402284872667,3.83094326541195,5.133150057297798,-4.5932216284540575,12.305169101470046,-1.466154864295955,12.526258219951181,-19.80896642109089,-8.307929748015836,-11.753356915080776,4.056964198883339,-14.804317440977504,-7.4435300662852635,-12.108298284431896,9.095830075590122,-4.641577172538982,-12.129288429112515,-6.697679904085623,-2.7913072689665643,2.807600255807248,-9.024489612197383,5.972022727720654
1.8725172975295958,-16.53492922267732,8.242946380515251,-0.9153943559201304,-0.7114600212294528,-2.7642721690297742,4.92571659221895,6.372077668107586,5.083125700114219,12.668221565163444,-6.308237125297301,-10.12970131106325,-3.1063883143405935,-9.53598651395339,17.715526493056313,-1.0148604060026802,-1.7010215531393518,14.3830420246568,18.62018859823202,-10.658755276606621,2.9781542437977113,-30.125082307570743,29.510562030205385,5.117658082919187,5.770437206129071,-5.789322490325493,15.368799291187699,-1.6931232666359874,15.52279792302736,-24.13508015697401,-10.211695880890655,-14.68865662705711,5.108391398307168,-18.217126420559964,-8.9958692625412,-15.061272910950457,10.879131515730947,-5.522429020363568,-15.139204512397855,-8.435367063820463,-3.098700977025668,3.310163752677572,-11.42897492364173,8.317768469456455
-1.7100257455732997,10.032267781885555,-5.0874440755157755,0.7066047165747494,0.37255107325215653,1.5150505330896629,-3.0376583786526075,-4.245278645099115,-3.237475940994782,-8.1654508944182,4.101980019855801,7.059592630609414,2.477086326453895,6.287295045908727,-10.840374879115043,0.9343042659214182,0.8292374642267967,-9.262545432370885,-10.658755276606621,7.873893344839474,-1.1890790072655777,19.569439000898935,-18.97367429038613,-3.05990925236046,-4.414927742331349,3.536166795469038,-9.612016103202645,1.2683654214569813,-9.770280844575376,15.590148626291713,6.296160059386664,8.88135354486828,-3.237896873394637,11.532183699381903,5.9683304982497205,9.335584093709665,-7.42059228844862,3.9294333056241926,9.410455798789284,5.165367992639355,2.480808170673078,-2.515862288870884,6.876542866917808,-4.4680982066448225
-0.17691909061639288,-2.546373351123263,0.9523322490633526,-0.21268797823509586,-0.09234658108895563,-0.6049381740984712,0.5660751921422166,1.0235758971513877,0.8160144965925323,1.7488922938744813,-0.6855486810515768,-1.3388036094560607,0.12491866188392575,-1.159837673144861,2.5969385485525245,-0.07085013530783309,-0.2790969439421792,1.8760809594474865,2.9781542437977113,-1.1890790072655777,1.1382909175371962,-3.761734188966799,4.24149678648365,1.4789246729328736,0.4309637584823149,-1.0779255953434594,2.3830457799966807,-0.3352718738891688,2.4021820648422105,-3.289473249906748,-1.0009470227287256,-2.047326085776179,0.8465913361214802,-2.082182615231616,-1.0992934486357524,-2.257400299404422,1.2740261684566205,-0.6355833971250912,-2.299438636391014,-1.0734397992254772,0.07352351126107799,0.14725113135520895,-1.7161181985139884,1.8434207578815467
-4.078658245569166,28.01352987187768,-13.958948647259591,1.5967854218151272,1.2676413257408623,4.418168826505516,-8.278338795971324,-10.949085105688516,-8.821005518047745,-21.90910721969829,11.37660911544496,18.043388575298458,6.39698006600493,16.607569539884462,-29.72491203696172,2.1394939776525708,2.754222748721862,-24.815456899270263,-30.125082307570743,19.569439000898935,-3.761734188966799,52.54056739679433,-50.756455530649596,-7.918245199037796,-10.94923398355431,9.553016066771033,-25.829356143127026,3.0049899855852584,-26.329933908916782,41.64757231584096,17.811795570516207,24.744463699258006,-8.61240944410828,31.387977974912914,15.391603789174791,25.499634459401825,-19.18262913375689,9.990733147695748,25.626477157395033,14.256336058592787,6.054911139127521,-6.059052268081992,19.108056140528987,-13.027293438843195
3.6469795967772427,-27.51722877545735,13.454281763603259,-1.6101269960033955,-1.0217537435917976,-4.604898216927464,8.030657864944123,10.878557309360305,8.56820096459844,21.345261283770625,-11.07311592603113,-17.671508506808262,-5.760447362112017,-16.13351658875644,29.041004134353138,-2.0529130597966216,-2.7378910873405995,24.08402284872667,29.510562030205385,-18.97367429038613,4.24149678648365,-50.756455530649596,49.98553457337818,8.662359522363005,10.393059919180384,-9.766284085645582,25.555680856189127,-3.2763107311507658,25.923744296906563,-40.787145143551356,-16.8393624542605,-24.000212641313716,8.547596884054776,-30.222953985826397,-14.753854863087069,-24.79322589893695,18.48294485285295,-9.566184739841031,-25.2888072537943,-13.8416590750836,-5.494675155246883,5.745408426777124,-18.698086167172356,13.346279525226256
0.003449524106713014,-5.046419200620492,1.9341099089719764,-0.4356692338495436,-0.06425032439731347,-1.3345975753690378,1.1293315381659836,2.2466785817662913,1.7059944308224444,3.526645341422702,-1.8707332591872081,-3.351702017413059,0.006036484622541859,-2.4891487764014615,4.814917597968131,-0.5890102390197651,-0.48837172008735696,3.83094326541195,5.117658082919187,-3.05990925236046,1.4789246729328736,-7.918245199037796,8.662359522363005,3.369748837373783,1.3615067343823648,-2.259631085248221,4.857279969930491,-0.9753168093049172,4.722431471076744,-6.966862982435558,-1.8530819547798867,-3.809988081451043,1.8037578448781626,-3.8594115229521875,-2.019329565129198,-4.2911011902270175,2.826362200905038,-1.5205153453237248,-4.576494989747275,-2.0861987561743986,-0.1468857018860627,0.43260681507353144,-3.5080082932381025,3.4607611651723453
1.1147788216971717,-5.479286075765499,2.9030270280574895,-0.37080004538751693,-0.24669071187447694,-0.7718656218038454,1.7035469890956818,2.274647985366621,1.7864598277806152,4.530810450706531,-2.3168411607845854,-3.8997109681713704,-1.563463424867138,-3.495897478252462,5.922695150078814,-0.5678599565418421,-0.4701330760176939,5.133150057297798,5.770437206129071,-4.414927742331349,0.4309637584823149,-10.94923398355431,10.393059919180384,1.3615067343823648,2.6027553705761024,-1.8412164136110856,5.176506022777195,-0.630909347636329,5.314086753587033,-8.580799894049926,-3.6989985555635227,-4.871394395939106,1.7489317258277985,-6.525545359829195,-3.3289333726107846,-5.09559281156082,4.229888994114026,-2.2433140320453564,-5.086776290036592,-2.877630040696542,-1.5434906286460273,1.4576590187274694,-3.75824386986486,2.2700386837571056
-0.4655579493027738,5.482388894271327,-2.4936907340264827,0.34791120031551215,0.14927945363968767,1.1045801156554091,-1.4748065098152436,-2.2025513942863104,-1.7162988145634275,-4.081022103735044,2.15938244860218,3.5255604849871447,0.7816033042637317,3.0329364114064976,-5.5954625676695535,0.4388045281910635,0.5660138976339606,-4.5932216284540575,-5.789322490325493,3.536166795469038,-1.0779255953434594,9.553016066771033,-9.766284085645582,-2.259631085248221,-1.8412164136110856,2.1467564823794665,-5.115726352751749,0.7757790082536776,-5.117686025540302,7.919327017989227,2.9541052773773497,4.579312667750805,-1.7419410792493688,5.450682752654445,2.6517042662965693,4.790654608488574,-3.4555613718890856,1.7642263263175364,4.997267228509211,2.6090527402259434,0.771747852401834,-0.8875709682839051,3.723759726155417,-2.9599595463160546
1.642082628045682,-14.156596904433604,6.813182296778329,-0.8742123963880644,-0.4917028243323089,-2.4381603258666393,4.076284825754862,5.694939881395605,4.4618610158221275,10.86892334638234,-5.54125279111464,-9.205539609241468,-2.6868151995383207,-8.274774990265719,14.960336830632126,-1.0702993154650347,-1.3378589442217288,12.305169101470046,15.368799291187699,-9.612016103202645,2.3830457799966807,-25.829356143127026,25.555680856189127,4.857279969930491,5.176506022777195,-5.115726352751749,13.373916527235048,-1.731341513884311,13.373018783806943,-20.913286436340595,-8.35895887717852,-12.288706855820184,4.448815656062427,-15.20041343458436,-7.547478057075812,-12.713285492756155,9.477853977071081,-4.934048434943792,-13.049390018732296,-7.069942693282793,-2.6251743787941857,2.8786728534175454,-9.707423757720028,7.202708527287965
-0.15393754167860466,1.8022621542288018,-0.7814516734008077,0.17329889028468332,-0.08394233442672115,0.44074196798378934,-0.45609659732860475,-0.7828738077907192,-0.536407553646702,-1.3344858167994134,0.7715846633656973,1.2739236849165219,0.26308310933264883,0.9947585062177521,-1.7028733425037745,0.1447641474175312,0.17345610424696706,-1.466154864295955,-1.6931232666359874,1.2683654214569813,-0.3352718738891688,3.0049899855852584,-3.2763107311507658,-0.9753168093049172,-0.630909347636329,0.7757790082536776,-1.731341513884311,0.48400558890446854,-1.6502692531419836,2.6639569952293423,0.8086289811880905,1.3738853134843005,-0.5626266951524539,1.636875335852061,0.7305740748526456,1.4436529370257203,-1.0993063235034304,0.60570551201571865,1.6602932400012287,0.8121037235761718,0.24368076406220873,-0.2871156991586227,1.1855188360575233,-0.9796022611914605
1.7209184349999898,-14.402136696010869,6.92839006846887,-0.894000854144134,-0.6266548466224667,-2.397608283249709,4.086278584206951,5.7289545300159395,4.605356358821617,11.136550654750092,-5.612631995549344,-9.229930677041734,-2.84106239472946,-8.316471200078302,15.174159614628893,-1.1398965892812298,-1.3862535441211512,12.526258219951181,15.52279792302736,-9.770280844575376,2.4021820648422105,-26.329933908916782,25.923744296906563,4.722431471076744,5.314086753587033,-5.117686025540302,13.373018783806943,-1.6502692531419836,13.603047487155354,-21.162993193952595,-8.66059869013097,-12.489623339260932,4.478162537038527,-15.479656712846587,-7.715015957589342,-13.063725281204063,9.587431181066359,-4.978743278994841,-13.16176812258742,-7.117971653029955,-2.686284447703895,2.8817759063445574,-9.832817655938017,7.153363623387618
-2.998026656589637,22.442717264894636,-11.08143760856382,1.3217665986979916,0.8461590733808777,3.7265966099008225,-6.6140409379219784,-8.891325360914903,-7.00591229321908,-17.469164707934628,9.061437241059616,14.563836548556708,4.7893372061188595,13.249579845656509,-23.760022009176566,1.7010502918955777,2.2060390616147845,-19.80896642109089,-24.13508015697401,15.590148626291713,-3.289473249906748,41.64757231584096,-40.787145143551356,-6.966862982435558,-8.580799894049926,7.919327017989227,-20.913286436340595,2.6639569952293423,-21.162993193952595,33.438238050766074,13.83260465863807,19.655678090921512,-6.951256545251346,24.76757275402563,12.194531431673202,20.277933391332727,-15.19632838902766,7.8729745132322915,20.619191574335726,11.35517636921774,4.601034052233583,-4.746160296159751,15.316357895546382,-10.684059405756797
-1.5916108864564371,9.477464563566048,-4.933251109222924,0.40302878946686654,0.5146711068363822,1.3897381086532967,-2.9262949369205096,-3.4123791781642803,-2.8924797388738845,-7.37464464686905,3.9926516976242965,5.66589808608204,2.529498590526346,5.547842057166922,-10.00900105623656,0.6376248203753321,1.0671521383370404,-8.307929748015836,-10.211695880890655,6.296160059386664,-1.0009470227287256,17.811795570516207,-16.8393624542605,-1.8530819547798867,-3.6989985555635227,2.9541052773773497,-8.35895887717852,0.8086289811880905,-8.66059869013097,13.83260465863807,6.647906717346213,8.457365094514724,-2.7423680598505293,11.056716231293096,5.077650042508015,8.512821523846787,-6.370266272571206,3.2783739013998323,8.483466732144684,4.95517501906558,2.2445305292593334,-2.100534765042231,6.4194775261867205,-4.170590309230823
-1.7351362768714584,13.45007185083702,-6.633931188652815,0.7143747492536073,0.5989886486645151,2.160601083528756,-3.9189368034897942,-5.093830722588271,-4.139144820040896,-10.344856988212978,5.3564908467395105,8.317409687741446,2.8686492494031257,7.796704327552358,-14.24452455002105,0.8112922731851809,1.3791487938007079,-11.753356915080776,-14.68865662705711,8.88135354486828,-2.047326085776179,24.744463699258006,-24.000212641313716,-3.809988081451043,-4.871394395939106,4.579312667750805,-12.288706855820184,1.3738853134843005,-12.489623339260932,19.655678090921512,8.457365094514724,11.95958207010568,-4.062581000564838,14.919648531485475,7.205608719299342,12.1766362060895,-8.853670334667033,4.53880848149774,12.255984394695856,6.816180553197793,2.6655139064815905,-2.7067486424152314,9.146320012045756,-6.369497394626047
0.5844635674681221,-4.74354232670865,2.279646390629916,-0.2806862997799952,-0.19269033159374926,-0.885536139740073,1.360604544796608,1.9208990319148846,1.4962420278937936,3.6227746901661004,-1.902065728955108,-3.0659486422812563,-0.7753377645423024,-2.717632200589879,4.945857315569612,-0.4290674302540183,-0.48040178192583943,4.056964198883339,5.108391398307168,-3.237896873394637,0.8465913361214802,-8.61240944410828,8.547596884054776,1.8037578448781626,1.7489317258277985,-1.7419410792493688,4.448815656062427,-0.5626266951524539,4.478162537038527,-6.951256545251346,-2.7423680598505293,-4.062581000564838,1.6097757659554508,-4.9990542850375865,-2.4773563927943756,-4.246762557052915,3.1727033190097718,-1.632485495334912,-4.364085168754796,-2.3341092332316276,-0.8291010483802363,0.8950651013499857,-3.2699496888783997,2.546342750815571
-2.7541854366226897,16.341239518500814,-8.674401765469222,0.774088591811143,0.6068002141765789,2.399682926854823,-5.290893126192702,-6.281858066246953,-4.8297811041617775,-12.970625472361053,6.724919835557206,10.209478525078362,4.116423911646304,10.050522980704724,-17.899165298496516,0.9770887581298257,1.7169289126760279,-14.804317440977504,-18.217126420559964,11.532183699381903,-2.082182615231616,31.387977974912914,-30.222953985826397,-3.8594115229521875,-6.525545359829195,5.450682752654445,-15.20041343458436,1.636875335852061,-15.479656712846587,24.76757275402563,11.056716231293096,14.919648531485475,-4.9990542850375865,19.671312997890055,9.50675077530431,15.059259890069079,-11.412939496371912,5.82958881345826,15.230056091545103,8.814085696748368,4.074125549375514,-4.070567042831042,11.208773679211316,-7.289172833439203
-1.2985690477565524,7.609212727344226,-4.254823770776302,0.509370983296811,0.32642863586297843,0.9299363715814419,-2.5364708699837997,-3.2300087328554903,-2.380246812212733,-6.423427593859256,2.793320711428699,5.2171537496643206,1.917821242135929,4.962311238067648,-8.86086620584457,0.568187239361631,0.6049714262385238,-7.4435300662852635,-8.9958692625412,5.9683304982497205,-1.0992934486357524,15.391603789174791,-14.753854863087069,-2.019329565129198,-3.3289333726107846,2.6517042662965693,-7.547478057075812,0.7305740748526456,-7.715015957589342,12.194531431673202,5.077650042508015,7.205608719299342,-2.4773563927943756,9.50675077530431,5.333739788146135,7.589121565015896,-5.855096642434966,2.9436329897645326,7.34012924369423,4.201336602906684,2.1085450454106227,-2.231372626832606,5.432911277951807,-3.1275179489329927
-1.733551374105401,13.85035154075195,-6.718952801881983,0.852948556383965,0.6898348679705957,2.144104252047803,-3.8860353843002824,-5.428989099333069,-4.470157809731811,-10.766448189126566,5.3175888064218455,8.686017874366268,2.8796845170002485,7.947610113947022,-14.68034042427678,1.0656883967760489,1.3290257199106423,-12.108298284431896,-15.061272910950457,9.335584093709665,-2.257400299404422,25.499634459401825,-24.79322589893695,-4.2911011902270175,-5.09559281156082,4.790654608488574,-12.713285492756155,1.4436529370257203,-13.063725281204063,20.277933391332727,8.512821523846787,12.1766362060895,-4.246762557052915,15.059259890069079,7.589121565015896,12.845758571002206,-9.14296218041602,4.781307549846279,12.642912893503686,6.841947750519755,2.6692196641560835,-2.826176616759463,9.504336162269588,-6.667984733162167
1.5924522570765927,-9.976205466104071,5.130286019830775,-0.6537431370499038,-0.4391696256617837,-1.5514197902216025,3.032107340672738,4.062694511827285,3.1753542808316655,7.9793231054273415,-3.9647194279739226,-6.874741555127315,-2.3382481578570298,-6.1668365363147135,10.769745727127248,-0.848324426571228,-0.873103220744183,9.095830075590122,10.879131515730947,-7.42059228844862,1.2740261684566205,-19.18262913375689,18.48294485285295,2.826362200905038,4.229888994114026,-3.4555613718890856,9.477853977071081,-1.0993063235034304,9.587431181066359,-15.19632838902766,-6.370266272571206,-8.853670334667033,3.1727033190097718,-11.412939496371912,-5.855096642434966,-9.14296218041602,7.437207244980254,-3.830512840627522,-9.19864768356117,-5.175445500971437,-2.386388147303626,2.3458625319180633,-6.875762245038456,4.560207643203966
-0.8611216503703709,5.200458783823975,-2.559972538224893,0.373492610493838,0.2257089070756816,0.7874166850024361,-1.513702440193928,-2.1648706511241156,-1.7547441600957636,-4.138247699896458,2.0786475262722077,3.598089917433137,1.2770932092566207,3.2045623829159053,-5.551491335573733,0.48936574513447517,0.434513691013751,-4.641577172538982,-5.522429020363568,3.9294333056241926,-0.6355833971250912,9.990733147695748,-9.566184739841031,-1.5205153453237248,-2.2433140320453564,1.7642263263175364,-4.934048434943792,0.60570551201571865,-4.978743278994841,7.8729745132322915,3.2783739013998323,4.53880848149774,-1.632485495334912,5.82958881345826,2.9436329897645326,4.781307549846279,-3.830512840627522,2.1387011215626477,4.811477948784151,2.6504969034873773,1.2391218460721403,-1.2545068163018034,3.5700727349279937,-2.4923190778648796
-1.7626253622652046,14.125566157559238,-6.744223371172114,0.792140332192794,0.49020998207350247,2.3716246059550126,-3.9832000864492807,-5.506169420987405,-4.395466227426868,-10.769779932927097,5.630597986962675,8.870547176990137,2.83345987825708,8.12082842794452,-14.789324871870276,0.9701199519624298,1.4171568659082552,-12.129288429112515,-15.139204512397855,9.410455798789284,-2.299438636391014,25.626477157395033,-25.2888072537943,-4.576494989747275,-5.086776290036592,4.997267228509211,-13.049390018732296,1.6602932400012287,-13.16176812258742,20.619191574335726,8.483466732144684,12.255984394695856,-4.364085168754796,15.230056091545103,7.34012924369423,12.642912893503686,-9.19864768356117,4.811477948784151,12.973249965100726,7.01336612798116,2.6040041217997496,-2.8302619807907754,9.571929012179961,-7.03950848385139
-1.1195873417956825,7.589408450752152,-3.9843694439226747,0.33351434211989606,0.24781739754674587,1.3089705925069233,-2.504252515890679,-2.9282742982120133,-2.226737179682751,-5.864360833912161,3.1834720085224997,4.692360364817488,1.646364999475699,4.5841572722288175,-8.210222156561729,0.47201651734796785,0.8656924027444552,-6.697679904085623,-8.435367063820463,5.165367992639355,-1.0734397992254772,14.256336058592787,-13.8416590750836,-2.0861987561743986,-2.877630040696542,2.6090527402259434,-7.069942693282793,0.8121037235761718,-7.117971653029955,11.35517636921774,4.95517501906558,6.816180553197793,-2.3341092332316276,8.814085696748368,4.201336602906684,6.841947750519755,-5.175445500971437,2.6504969034873773,7.01336612798116,4.119116543482658,1.735383475546404,-1.7433842970652034,5.255815653351569,-3.627993745287638
-0.89611901647706,2.5736355872794894,-1.8131620559983168,0.1159045004721515,0.05969207966508649,0.2042082741477875,-1.1690797540503801,-1.1127152825013213,-0.71417235593654,-2.3886561616357675,1.1934644286629332,1.8645224189051623,1.1248916869569636,2.029858846072172,-3.2311262678984805,0.23953288390231556,0.2393595263598477,-2.7913072689665643,-3.098700977025668,2.480808170673078,0.07352351126107799,6.054911139127521,-5.494675155246883,-0.1468857018860627,-1.5434906286460273,0.771747852401834,-2.6251743787941857,0.24368076406220873,-2.686284447703895,4.601034052233583,2.2445305292593334,2.6655139064815905,-0.8291010483802363,4.074125549375514,2.1085450454106227,2.6692196641560835,-2.386388147303626,1.2391218460721403,2.6040041217997496,1.735383475546404,1.2949644355216503,-1.188363697638477,1.9096892630723246,-0.7552727214387179
0.8251581614793426,-2.6461703487748416,1.7551375839616572,-0.14091057249145872,1.5299963509399402e-5,-0.15789777969992652,1.1389884267731398,1.2558350277327865,0.7748892044028541,2.4410777147902887,-1.0643233624684676,-1.8861292088574892,-1.0551362889838112,-2.069093206032006,3.4268624437721478,-0.24248492090902107,-0.17533315264793053,2.807600255807248,3.310163752677572,-2.515862288870884,0.14725113135520895,-6.059052268081992,5.745408426777124,0.43260681507353144,1.4576590187274694,-0.8875709682839051,2.8786728534175454,-0.2871156991586227,2.8817759063445574,-4.746160296159751,-2.100534765042231,-2.7067486424152314,0.8950651013499857,-4.070567042831042,-2.231372626832606,-2.826176616759463,2.3458625319180633,-1.2545068163018034,-2.8302619807907754,-1.7433842970652034,-1.188363697638477,1.3269030458908075,-1.9937710750329185,1.0091122433404223
-1.2275262017165927,10.613171972044137,-5.138335338957331,0.5909141436612692,0.47168368425668816,1.867133334704232,-3.038207505587147,-4.108781772013213,-3.359949337556835,-8.037160754934751,4.225228926986979,6.598695862789681,2.0014666177227234,5.989532654811577,-11.028588533832353,0.8645834089180268,1.1091218026744902,-9.024489612197383,-11.42897492364173,6.876542866917808,-1.7161181985139884,19.108056140528987,-18.698086167172356,-3.5080082932381025,-3.75824386986486,3.723759726155417,-9.707423757720028,1.1855188360575233,-9.832817655938017,15.316357895546382,6.4194775261867205,9.146320012045756,-3.2699496888783997,11.208773679211316,5.432911277951807,9.504336162269588,-6.875762245038456,3.5700727349279937,9.571929012179961,5.255815653351569,1.9096892630723246,-1.9937710750329185,7.318795436354411,-5.408258721473632
0.4603191071748816,-7.936708298265285,3.311134647360463,-0.4427114123142085,-0.35550321600300655,-1.7295280768099337,2.07093966365876,3.114277435898907,2.5968957861632065,5.5432297871591905,-3.1139519386589596,-4.6276823865993855,-0.7994717433075575,-4.095804405534909,7.795146192376004,-0.7368753838722116,-0.8935813747459028,5.972022727720654,8.317768469456455,-4.4680982066448225,1.8434207578815467,-13.027293438843195,13.346279525226256,3.4607611651723453,2.2700386837571056,-2.9599595463160546,7.202708527287965,-0.9796022611914605,7.153363623387618,-10.684059405756797,-4.170590309230823,-6.369497394626047,2.546342750815571,-7.289172833439203,-3.1275179489329927,-6.667984733162167,4.560207643203966,-2.4923190778648796,-7.03950848385139,-3.627993745287638,-0.7552727214387179,1.0091122433404223,-5.408258721473632,5.285916521515822
