V1,V2,V3,V4,V5,V6,V7,V8,V9,V10,V11,V12,V13,V14,V15,V16,V17,V18,V19,V20,V21,V22,V23,V24,V25,V26,V27,V28,V29,V30,V31,V32,V33,V34,V35,V36,V37,V38,V39,V40,V41,V42,V43,V44
0.5003159220718594,-0.04965685617357455,-0.044833591279395825,0.1173023237993399,0.11127641793857501,0.15588361605579032,-0.022985910192428093,0.12852443248995696,0.103279390492382,0.15101589477085334,-0.06496924304106476,0.2986473576599338,-0.23998422827285176,-0.07136762138447102,0.2635020226776842,-0.025615423499284192,-0.027531271133605185,-0.18456085019736548,-0.011929211226112468,-0.33464452791576793,0.013148932507472028,-0.3830424014464494,0.37119448127068694,0.0854442323354088,0.1348577534551982,0.07697145562161298,0.04536652478115343,0.07652257419212051,0.11463457246422226,-0.0908600599657042,-0.1275069836681218,-0.07850998003953505,0.21690426231048138,-0.4081773625193583,-0.08615388930540444,-0.2543199030082693,-0.12743785161663704,-0.24913349381171893,-0.3862100517293851,-0.1165473765836521,-0.14792254181201991,0.4643757953969186,-0.050044960008021215,0.27895082988406983
-0.04965685617357455,1.6437941655269988,-0.45027709230233043,0.18621921994853236,0.11245116837520626,0.2867260922483471,0.07948325946850761,-0.2737226469661895,-0.7263213011931944,-0.7218136858950156,0.5001512528721123,0.7729284265461968,0.3338976418578101,0.3011811967372516,-0.8002499527291194,-0.07024345893300292,0.18537669972010928,-0.7532641672831147,-1.0135540841674242,0.2908798140499054,-0.20652271905182332,1.6233424740323756,-1.1408246432030564,-0.18969207833694218,-0.34429757760310864,0.18895936167167354,-0.7748115001784223,0.10522743797427474,-0.8430222658609676,1.0609477249248045,0.8186696245493236,0.7659264118496798,-0.06049849711469315,0.5194813443312452,0.022576038305524338,0.9207229890517029,-0.7169622407707543,0.6867131923781276,0.8245794759266519,0.38436229699844165,-0.13855346626145512,0.25977780031697806,0.8060764670636575,-0.6703815848207889
-0.044833591279395825,-0.45027709230233043,1.4651597892008885,-0.33636562235963424,0.31242163476275864,0.356254361414706,0.44479390281227155,0.16455195621577595,0.004622935010530824,-0.562182562829154,0.03338629947174254,-0.26407087072548546,0.39755596265500476,-0.212558699845637,-0.17859177987755373,-0.017489234940768445,0.0016514831531462583,0.7832683111335658,1.195768358410387,0.7706767069334342,0.11157872077520585,-0.05313122464091756,-0.16528312783548002,0.8128453620326246,-0.09540869921224567,-0.43237257571617904,1.2096430572845287,-0.19307222729885912,0.5375029355371058,-0.3394600498851812,0.6485391176021296,-0.2006805325303534,-0.4607998740266424,0.003880685304496141,-0.6101111353683,-0.630654484176911,0.33225501788425554,-0.38846078864835865,-0.5866778750354502,-0.2692267840817537,-0.4377661334268957,0.3468578835013331,-0.6867909263764632,0.9326684433440501
0.1173023237993399,0.18621921994853236,-0.33636562235963424,0.3284724693675677,-0.12365533134703742,-0.2546681854039951,0.09244029923882674,-0.038440527512082885,-0.05964007422428271,0.36017520320258933,-0.07729778671962158,0.2578600343994578,-0.058463188594784235,0.06064299343006874,0.3330507448041012,-0.10564923689652497,-0.10782941150112917,-0.3064433302004674,-0.21874123268766346,-0.31711208517360623,-0.049915518320149156,-0.13681102493754302,0.32354545593456996,-0.2676196552890613,0.026882962520513514,0.13211378742125285,-0.4821668203441721,0.1651121569346761,-0.15805341322519567,-0.01731438141659722,-0.47969481928730334,-0.034127357172016135,0.2871597402121774,-0.3387261129851063,0.13319381301545002,0.18545096866554756,-0.11917416030074826,0.24835907632452173,0.1908591477993174,-0.06902523195032739,0.07806395353423799,0.00499593919819823,0.09611876083673153,-0.26516655303309383
0.11127641793857501,0.11245116837520626,0.31242163476275864,-0.12365533134703742,0.4700406432926035,0.2903260807713636,0.03276666155413139,-0.018604719210980468,-0.2601099950603489,-0.52156820567954,0.10069323769049855,0.0990815627069728,0.11636112840659509,-0.07891519819501798,-0.27166367633896327,0.47196413194925735,0.06690946144465455,0.11356612087643934,0.11185736901051123,0.2886855310211167,0.12741685496721755,0.47850930688208076,-0.2948643824480731,0.20340882675196548,-0.13492338738844278,-0.08434130878463003,0.4106148491942394,-0.19238059701461727,-0.06375601692547334,0.1261851769424005,0.6532676922991052,0.11198673334774117,-0.2739177165135679,-0.033452701028362876,-0.16048012745637866,0.1317481891111675,-0.1587822793248124,-0.19765358590702325,-0.33979523264127043,-0.07086711929731321,-0.13470542399945187,0.315413406178316,0.2050043151150629,0.06015012333726278
0.15588361605579032,0.2867260922483471,0.356254361414706,-0.2546681854039951,0.2903260807713636,0.9708656570278665,-0.13754408273500288,0.03663508608715579,-0.21183003332243797,-0.8867265605365384,0.2647762083864134,0.15116835278587928,0.06081782834006972,-0.07468391104669111,-0.7229247517765653,0.12990833938836963,0.3497863499351537,0.21843873722645984,-0.126326620699249,0.5269413816741951,-0.04981698463833028,0.6252284214825637,-0.6444131292125144,0.3829481162654407,-0.24305830414474114,-0.09862399161492963,0.5453008593511837,-0.036027584516676786,0.05618138461508071,0.4612744324140268,1.2326956822275892,0.15524714956944127,-0.5241378648405929,0.31010811687207296,-0.3010551734854498,-0.32944007117656404,-0.3307448678816531,-0.12536373155840802,-0.3990017074623251,0.3619732158102568,-0.33211046503374314,0.5321249971850953,0.19552661183076012,0.5160012584452299
-0.022985910192428093,0.07948325946850761,0.44479390281227155,0.09244029923882674,0.03276666155413139,-0.13754408273500288,0.5783508015144949,0.10740743743201357,-0.2905818279286694,-0.057090444196000734,-0.05413741764868321,0.0667824780020483,0.2842418111517684,-0.18232392687417923,0.23749570972578962,-0.17205118466503935,-0.07257955877872904,0.11291497674994114,0.5477906074771569,-0.001920109857673095,0.056670120202421057,-0.2059186590112408,0.33704443707155113,0.20710050727781984,-0.03902732040715623,-0.13478353484532013,0.25817446159288726,-0.05155391590308323,0.1408011314818812,-0.274054098868417,-0.09267612979663274,-0.14284925951536329,0.11900291044056356,-0.4103615856086594,-0.27284111892656915,-0.09553394117577715,0.22956849082135444,0.13911944312099314,-0.036244803486764135,-0.2960613042521924,-0.2735309661367334,0.20935714045250006,-0.32384893331614084,0.3411527780961454
0.12852443248995696,-0.2737226469661895,0.16455195621577595,-0.038440527512082885,-0.018604719210980468,0.03663508608715579,0.10740743743201357,0.2864998528080992,0.14693916013095878,0.19223525130796124,-0.0781896469533309,-0.21670840002000374,0.00838882688679763,-0.2270506923072825,0.3174880143800212,-0.2302055237842343,0.031192336137305862,0.19966836679649133,0.3039653620917072,-0.28825556829871984,0.015037326101590455,-0.570123103139078,0.5481749645918613,0.32033529767583097,0.19232864223593318,-0.1577243295444265,0.3514902717294269,-0.001150109191006594,0.3973953622131301,-0.4034530300502104,-0.07961065146934163,-0.14861844840431426,0.15436931651274968,-0.2569163030810461,-0.21483412041259561,-0.40633390207770453,0.24064473000346706,-0.1776761281965637,-0.3021424681604795,-0.11525718425839578,-0.15911419011091382,0.22353154817381907,-0.292998006373355,0.45110599483006864
0.103279390492382,-0.7263213011931944,0.004622935010530824,-0.05964007422428271,-0.2601099950603489,-0.21183003332243797,-0.2905818279286694,0.14693916013095878,0.7591105857938493,0.6420135661805317,-0.15556217446741955,-0.3551263823096789,-0.32510632866734107,0.052746468307615736,0.44054286671413745,-0.2975663870027913,-0.12383703829689421,0.13458747669956905,0.29143123985565994,-0.24061263928567103,-0.02592830176154091,-0.8660645192532546,0.4156721150666564,0.04480016004233071,0.33023386068901517,-0.00263921450182304,0.14930249640242033,0.10232861575697079,0.36301482517253736,-0.4394823619333544,-0.6971678794414492,-0.21225610129343614,0.20875298471331502,0.022530862987434584,0.10342726398597894,-0.4219736494557194,0.27192431960836233,-0.45332430517407,-0.23688261769651886,-0.07138661232896037,0.2055083675417994,-0.19019405414054866,-0.4559314074677008,0.30540245601234367
0.15101589477085334,-0.7218136858950156,-0.562182562829154,0.36017520320258933,-0.52156820567954,-0.8867265605365384,-0.057090444196000734,0.19223525130796124,0.6420135661805317,1.7714312346297874,-0.3837054047796002,-0.3545120098632033,-0.5679981143405755,-0.1233787403992496,1.4677675572028128,-0.3871393009030654,-0.32905482214420567,0.08050852457696848,0.20331965904785265,-1.2887754814468118,0.007305757669632139,-1.8622649743509838,1.9287019608738085,-0.4873933906414475,0.5899739901559539,0.0431051784134516,-0.4812365345947159,0.19172397194345614,0.4715569712237264,-1.2263183284196415,-1.8548063279002067,-0.6121032804612868,0.8538458317231934,-0.976361308187496,0.04938892089341935,-0.30521612133234116,0.4857140129149903,0.0317818457040231,-0.04432410872505034,-0.38319509551042297,0.30759020236353174,-0.31621986141211716,-0.3817506209082584,-0.5608642529148674
-0.06496924304106476,0.5001512528721123,0.03338629947174254,-0.07729778671962158,0.10069323769049855,0.2647762083864134,-0.05413741764868321,-0.0781896469533309,-0.15556217446741955,-0.3837054047796002,0.4729935744980301,0.23544589401121735,0.13915256023410516,0.17754129107436697,-0.3376814987247987,0.0621760327714827,0.12177723717643191,-0.21173482230029284,-0.0723144830672478,0.33623388511647656,0.07010865960793736,0.7721575875598019,-0.721411275293572,-0.029425450777901718,-0.18774207313153823,0.08217096466110436,-0.08210464305951258,0.018866631051014698,-0.24390291444555862,0.5492806574695381,0.4750898198140656,0.325277641652216,-0.18791398906553836,0.4121137631779343,-0.14082322891599194,0.24019890729810045,-0.14352341388415218,0.06820146376269696,0.28455257285322677,0.16372044174241931,-0.0464692478263635,0.13546615277645982,0.18388535495128952,-0.1177357645044406
0.2986473576599338,0.7729284265461968,-0.26407087072548546,0.2578600343994578,0.0990815627069728,0.15116835278587928,0.0667824780020483,-0.21670840002000374,-0.3551263823096789,-0.3545120098632033,0.23544589401121735,1.2264230822191835,0.11589489320878886,0.3623835648734235,-0.18858690375223278,0.06747922467022455,-0.12169127063626912,-0.8509966733856436,-0.329475438934709,0.27607660768446085,0.16866966085041024,0.8189724898087507,-0.7259668142795004,-0.0849222116626994,-0.36409971064571583,0.32073250001568065,-0.693280916452203,0.20296541982688812,-0.5157166467132105,0.8783462862693416,0.14878945045801617,0.2724131566996699,0.1502120670721725,0.013670285794280026,0.061500434530441815,0.16400208575624212,-0.8204280403060941,0.3351131659152248,0.2506556539582649,0.008731277505721707,-0.05022863833034334,0.34323619323607724,0.2748514710499953,-0.08267815984363197
-0.23998422827285176,0.3338976418578101,0.39755596265500476,-0.058463188594784235,0.11636112840659509,0.06081782834006972,0.2842418111517684,0.00838882688679763,-0.32510632866734107,-0.5679981143405755,0.13915256023410516,0.11589489320878886,0.6494712345383776,0.058148898101869045,-0.36059358726190355,-0.042643832725874145,0.03761648810161222,0.034170361150425974,0.1816717974045941,0.5146036254117157,0.08951773456235618,0.7072198117363768,-0.664972143712142,0.43194776104868043,-0.21824499543237488,-0.16130108718056574,0.09381604406993252,0.00583807099861462,-0.09712661512025551,0.39357006852059223,0.6018144195968168,0.24250330833611053,-0.17592083718133664,0.35348237408235844,-0.19112251640094688,0.0475785039349137,-0.07872400609713452,0.20103872907913703,0.2214782574081889,0.012800719168085437,-0.1283492199650101,-0.02139921660300153,-0.04424730523335032,0.18043005268381546
-0.07136762138447102,0.3011811967372516,-0.212558699845637,0.06064299343006874,-0.07891519819501798,-0.07468391104669111,-0.18232392687417923,-0.2270506923072825,0.052746468307615736,-0.1233787403992496,0.17754129107436697,0.3623835648734235,0.058148898101869045,0.5174548462713726,-0.3825961635189013,-0.048458995528790315,-0.09290277075844586,-0.3910051616902802,-0.3868915306001071,0.29202560093858376,-0.007474487730059028,0.7019117431788711,-0.7891376187705759,-0.15649957475933435,-0.12821561232020806,0.18409531917784547,-0.5614955397961314,0.05435628526186034,-0.43722323134973134,0.5880568718469392,-0.035392401781269935,0.39871413592498117,-0.012459672279122981,0.5524670322278733,0.2676082798560134,0.3265283397026168,-0.42340202283784883,0.16614503529167346,0.44701371308056376,0.24812188992287793,0.28362769988736636,-0.2801156659544186,0.17090588386970781,-0.3704554565822547
0.2635020226776842,-0.8002499527291194,-0.17859177987755373,0.3330507448041012,-0.27166367633896327,-0.7229247517765653,0.23749570972578962,0.3174880143800212,0.44054286671413745,1.4677675572028128,-0.3376814987247987,-0.18858690375223278,-0.36059358726190355,-0.3825961635189013,1.694754058788163,-0.16035590427650856,-0.3249201898991338,0.19225738561455796,0.8655883866670463,-1.1262315505411649,0.2301825426347981,-1.9800089378928534,2.007147460384047,-0.23981096711405667,0.4654114192778351,-0.032225803679476465,0.0369159836485348,0.1777312228879338,0.6579661640721538,-1.3114565024722273,-1.5973049334697016,-0.8313934359787224,0.8258956035768622,-1.3787341716419421,-0.28150550925640033,-0.5484393177412729,0.5675062996917245,-0.14787706037522835,-0.4528108175414521,-0.6988891518200296,0.060664840306579926,0.07399903038152163,-0.5786802945597794,-0.03067078214037117
-0.025615423499284192,-0.07024345893300292,-0.017489234940768445,-0.10564923689652497,0.47196413194925735,0.12990833938836963,-0.17205118466503935,-0.2302055237842343,-0.2975663870027913,-0.3871393009030654,0.0621760327714827,0.06747922467022455,-0.042643832725874145,-0.048458995528790315,-0.16035590427650856,0.9819884128617663,0.016020978789915125,0.13276872914845425,0.02847286336604222,0.2441095112454658,0.2771374831944948,0.4393928897742308,-0.31671482627652,-0.26656847252986166,-0.2290102531011959,0.0963760703808634,0.16051661433905645,-0.19745207506603968,-0.24373059958231136,0.16573926719139212,0.45051527153559995,-0.08597410186324737,-0.33706843901896894,-0.1265997058072662,-0.007093390250286212,0.32775443540568583,-0.16148061559755997,-0.17711224582200163,-0.2904565256129259,-0.11502783257190097,0.13036305112581964,-0.02574582464062633,0.4652395334274021,-0.5358082969492944
-0.027531271133605185,0.18537669972010928,0.0016514831531462583,-0.10782941150112917,0.06690946144465455,0.3497863499351537,-0.07257955877872904,0.031192336137305862,-0.12383703829689421,-0.32905482214420567,0.12177723717643191,-0.12169127063626912,0.03761648810161222,-0.09290277075844586,-0.3249201898991338,0.016020978789915125,0.2475369191439838,0.09274809714912881,-0.17441619272844436,0.13490496301908966,-0.07642513659417324,0.3276575320220115,-0.256381004068169,0.09629689858514236,-0.05916259407447952,-0.040362403397548756,0.16743163610380735,-0.008186589416617991,-0.007921207734750638,0.18958204902733786,0.4847187473000485,0.12310331962986905,-0.21751045573726233,0.17134937966964164,-0.05612821631450504,-0.018523555966285493,0.008312844321028166,-0.018791648341484005,-0.042379975162362,0.2293858596121375,-0.10383503774957764,0.15245362529226403,0.170582232390273,0.15216447849846435
-0.18456085019736548,-0.7532641672831147,0.7832683111335658,-0.3064433302004674,0.11356612087643934,0.21843873722645984,0.11291497674994114,0.19966836679649133,0.13458747669956905,0.08050852457696848,-0.21173482230029284,-0.8509966733856436,0.034170361150425974,-0.3910051616902802,0.19225738561455796,0.13276872914845425,0.09274809714912881,1.2224984858312153,0.7930791098592248,0.019242126182465416,-0.005028082845584199,-0.8508657429780835,0.8299023654913118,0.40836441064817824,0.17245831658765748,-0.5056578509294731,1.0535427762349274,-0.21652292764716374,0.7256821909912428,-1.0196046345398677,0.26488933223407707,-0.5025138003880435,-0.2700376187227695,-0.332200353987128,-0.5409600108852027,-0.6481685231568225,0.43778775544680554,-0.2234352880339841,-0.7101372860644897,-0.09685157336287924,-0.13895735758743874,-0.02348745143070514,-0.3664627476569184,0.16138218342749247
-0.011929211226112468,-1.0135540841674242,1.195768358410387,-0.21874123268766346,0.11185736901051123,-0.126326620699249,0.5477906074771569,0.3039653620917072,0.29143123985565994,0.20331965904785265,-0.0723144830672478,-0.329475438934709,0.1816717974045941,-0.3868915306001071,0.8655883866670463,0.02847286336604222,-0.17441619272844436,0.7930791098592248,2.030978168936116,0.23942749264341714,0.42021332677370593,-1.1848722289000382,0.7762235512583103,0.5632379681094142,0.08705307752266055,-0.3417916311853675,1.3149241528134874,-0.10622145059928104,0.8460293831020346,-1.0211716300021938,-0.43646431664598223,-0.7352190787430304,0.11347685633261513,-0.7673320988177398,-0.6816139255944957,-0.9107897235688686,0.675799289025381,-0.589582491934111,-0.8867488123377689,-0.6996616048559607,-0.21981369710427104,0.2612989112449863,-1.0820560870677054,1.1187366825932596
-0.33464452791576793,0.2908798140499054,0.7706767069334342,-0.31711208517360623,0.2886855310211167,0.5269413816741951,-0.001920109857673095,-0.28825556829871984,-0.24061263928567103,-1.2887754814468118,0.33623388511647656,0.27607660768446085,0.5146036254117157,0.29202560093858376,-1.1262315505411649,0.2441095112454658,0.13490496301908966,0.019242126182465416,0.23942749264341714,1.555038537236727,0.0427074314658696,1.627175319487187,-1.8604201704288579,0.33816720340800444,-0.5604193448064825,-0.0774387978388146,0.3734069072393787,-0.04972399771099929,-0.34818574050735973,1.0438831212140809,1.1510929298570967,0.4393006157444155,-0.8102118019015518,0.9982088316893205,0.0715082634800575,0.20219147713354582,-0.3599566222251337,-0.028506984265955788,0.16710670371402603,0.2532920637640255,-0.06953774921675406,-0.04959765799808007,0.0370466301113849,0.5285116000615276
0.013148932507472028,-0.20652271905182332,0.11157872077520585,-0.049915518320149156,0.12741685496721755,-0.04981698463833028,0.056670120202421057,0.015037326101590455,-0.02592830176154091,0.007305757669632139,0.07010865960793736,0.16866966085041024,0.08951773456235618,-0.007474487730059028,0.2301825426347981,0.2771374831944948,-0.07642513659417324,-0.005028082845584199,0.42021332677370593,0.0427074314658696,0.37698571429567834,-0.09929612799117764,0.07437465207381663,0.09265530981751575,-0.0955077526449375,0.023042858911396947,0.13469198016600478,-0.06666308419062189,0.07783295002296152,-0.014343017693651766,-0.030264164227387088,-0.16588821052721608,0.04004561137777309,-0.19365239685210947,-0.16718803360247703,-0.19180549361782728,0.04596030971140189,-0.13428835025248895,-0.21665917299889953,-0.21017274956564178,0.036902979798807745,0.03440181555341749,-0.12593919886286553,0.09233363220764833
-0.3830424014464494,1.6233424740323756,-0.05313122464091756,-0.13681102493754302,0.47850930688208076,0.6252284214825637,-0.2059186590112408,-0.570123103139078,-0.8660645192532546,-1.8622649743509838,0.7721575875598019,0.8189724898087507,0.7072198117363768,0.7019117431788711,-1.9800089378928534,0.4393928897742308,0.3276575320220115,-0.8508657429780835,-1.1848722289000382,1.627175319487187,-0.09929612799117764,3.414785822248336,-3.0418490219525722,-0.019967360377840804,-0.8164459392211699,0.21717387488352932,-0.6791215313978741,-0.050931087479509245,-1.2999851700357807,2.241840439045532,1.8503467360547132,1.37911812458001,-0.9285619684858536,1.720246314986331,0.4508919990861309,1.3536049473565346,-0.9870318871196075,0.5142366289005325,1.089441101459575,0.7536765049385581,0.07604608753364188,-0.05116886981638213,1.0707311018274481,-0.45592429907610194
0.37119448127068694,-1.1408246432030564,-0.16528312783548002,0.32354545593456996,-0.2948643824480731,-0.6444131292125144,0.33704443707155113,0.5481749645918613,0.4156721150666564,1.9287019608738085,-0.721411275293572,-0.7259668142795004,-0.664972143712142,-0.7891376187705759,2.007147460384047,-0.31671482627652,-0.256381004068169,0.8299023654913118,0.7762235512583103,-1.8604201704288579,0.07437465207381663,-3.0418490219525722,3.5459610247325286,-0.06504860320987352,0.7364047521067637,-0.3863621800595201,0.4813886526159021,-0.06359250336517233,1.1874332831050463,-2.363133396256816,-1.6444872592338582,-1.2487766573793888,0.9636418032874547,-2.0093830521900946,-0.46986112321146795,-0.9172401575848489,0.7867033343449139,-0.030679916811462836,-0.9938749361882403,-0.6863446153584292,-0.10938468858889,0.22436569835067366,-0.6346345313349608,-0.03830617434843661
0.0854442323354088,-0.18969207833694218,0.8128453620326246,-0.2676196552890613,0.20340882675196548,0.3829481162654407,0.20710050727781984,0.32033529767583097,0.04480016004233071,-0.4873933906414475,-0.029425450777901718,-0.0849222116626994,0.43194776104868043,-0.15649957475933435,-0.23981096711405667,-0.26656847252986166,0.09629689858514236,0.40836441064817824,0.5632379681094142,0.33816720340800444,0.09265530981751575,-0.019967360377840804,-0.06504860320987352,1.1577573512839179,-0.035580095162499104,-0.3891631714766818,0.8728116251334906,-0.10905481354329953,0.518078013366535,-0.19712758085769197,0.8296210140438829,-0.010819701550145496,-0.13124710205612172,0.21701844222355532,-0.43826875320136754,-0.7608180108614958,-0.04278737929031812,-0.2827687820001974,-0.5797420634248793,-0.0015797433983337668,-0.3081236172436549,0.41546608186320194,-0.46888087567063585,1.0303884024441248
0.1348577534551982,-0.34429757760310864,-0.09540869921224567,0.026882962520513514,-0.13492338738844278,-0.24305830414474114,-0.03902732040715623,0.19232864223593318,0.33023386068901517,0.5899739901559539,-0.18774207313153823,-0.36409971064571583,-0.21824499543237488,-0.12821561232020806,0.4654114192778351,-0.2290102531011959,-0.05916259407447952,0.17245831658765748,0.08705307752266055,-0.5604193448064825,-0.0955077526449375,-0.8164459392211699,0.7364047521067637,-0.035580095162499104,0.39906036146473717,-0.07539722356326588,0.05423763868353186,0.010808102093647177,0.2839226748329158,-0.5808637625971361,-0.5965489022277672,-0.12653208713294656,0.31881850928370953,-0.31915295083646755,-0.048468369435874924,-0.16228390974697504,0.31050637737717407,-0.1981008555808457,-0.14797705866625332,-0.12730337811854037,0.02917883430480172,-0.03156960491179531,-0.194032769588396,-0.048104479892292
0.07697145562161298,0.18895936167167354,-0.43237257571617904,0.13211378742125285,-0.08434130878463003,-0.09862399161492963,-0.13478353484532013,-0.1577243295444265,-0.00263921450182304,0.0431051784134516,0.08217096466110436,0.32073250001568065,-0.16130108718056574,0.18409531917784547,-0.032225803679476465,0.0963760703808634,-0.040362403397548756,-0.5056578509294731,-0.3417916311853675,-0.0774387978388146,0.023042858911396947,0.21717387488352932,-0.3863621800595201,-0.3891631714766818,-0.07539722356326588,0.38897032260751396,-0.5047015652686313,0.11927538866181767,-0.3532898188372006,0.42043958245772795,-0.2529530078966906,0.09366106671815652,0.08898497765273307,0.06909698265128679,0.261875444573541,0.2459548138252437,-0.1290674070738881,0.008787532266906806,0.28278080504834713,0.04701769851603522,0.1350628053017465,-0.07016283369685507,0.20088117312422524,-0.22982758632159847
0.04536652478115343,-0.7748115001784223,1.2096430572845287,-0.4821668203441721,0.4106148491942394,0.5453008593511837,0.25817446159288726,0.3514902717294269,0.14930249640242033,-0.4812365345947159,-0.08210464305951258,-0.693280916452203,0.09381604406993252,-0.5614955397961314,0.0369159836485348,0.16051661433905645,0.16743163610380735,1.0535427762349274,1.3149241528134874,0.3734069072393787,0.13469198016600478,-0.6791215313978741,0.4813886526159021,0.8728116251334906,0.05423763868353186,-0.5047015652686313,1.8221465836978163,-0.33335783338246294,0.8389820498383591,-0.8750873785531729,0.762195707446277,-0.46049350458331245,-0.3611991815940212,-0.2897734259811422,-0.6388971145835339,-0.7692546023441978,0.5066815607716297,-0.7357817871688805,-1.186607774143014,-0.27603010628933167,-0.4078696383228686,0.5344789846908305,-0.6403311450639053,1.2954971390372179
0.07652257419212051,0.10522743797427474,-0.19307222729885912,0.1651121569346761,-0.19238059701461727,-0.036027584516676786,-0.05155391590308323,-0.001150109191006594,0.10232861575697079,0.19172397194345614,0.018866631051014698,0.20296541982688812,0.00583807099861462,0.05435628526186034,0.1777312228879338,-0.19745207506603968,-0.008186589416617991,-0.21652292764716374,-0.10622145059928104,-0.04972399771099929,-0.06666308419062189,-0.050931087479509245,-0.06359250336517233,-0.10905481354329953,0.010808102093647177,0.11927538866181767,-0.33335783338246294,0.2968084068498495,-0.03060790225398126,0.1775818033009422,-0.25587917454841597,-0.017290501565879145,0.1594709168677996,-0.03715240517644293,0.042853037362741306,-0.0864716175712411,-0.09425268559185046,0.11284738922037169,0.16139536899046958,0.02844218418184755,0.026802705163500386,0.015007019336296426,-0.008425908991175518,0.006773478313298392
0.11463457246422226,-0.8430222658609676,0.5375029355371058,-0.15805341322519567,-0.06375601692547334,0.05618138461508071,0.1408011314818812,0.3973953622131301,0.36301482517253736,0.4715569712237264,-0.24390291444555862,-0.5157166467132105,-0.09712661512025551,-0.43722323134973134,0.6579661640721538,-0.24373059958231136,-0.007921207734750638,0.7256821909912428,0.8460293831020346,-0.34818574050735973,0.07783295002296152,-1.2999851700357807,1.1874332831050463,0.518078013366535,0.2839226748329158,-0.3532898188372006,0.8389820498383591,-0.03060790225398126,0.8953005625388788,-1.003609880687267,-0.22405465799899157,-0.5807731273062958,0.13669569827049977,-0.5422746749641062,-0.460513024546507,-0.945277962217397,0.47960738068918574,-0.32106074328786477,-0.7338532782247735,-0.27277899598104755,-0.22057366656682414,0.236205892661809,-0.6462787941726742,0.6904632284001329
-0.0908600599657042,1.0609477249248045,-0.3394600498851812,-0.01731438141659722,0.1261851769424005,0.4612744324140268,-0.274054098868417,-0.4034530300502104,-0.4394823619333544,-1.2263183284196415,0.5492806574695381,0.8783462862693416,0.39357006852059223,0.5880568718469392,-1.3114565024722273,0.16573926719139212,0.18958204902733786,-1.0196046345398677,-1.0211716300021938,1.0438831212140809,-0.014343017693651766,2.241840439045532,-2.363133396256816,-0.19712758085769197,-0.5808637625971361,0.42043958245772795,-0.8750873785531729,0.1775818033009422,-1.003609880687267,2.021860162547461,1.0603641113598359,0.9295872802937997,-0.5633010909978388,1.3005487929971766,0.47297646761409756,0.7351726521356365,-0.670490392252115,0.27392929240564834,0.9277683348855338,0.5321822742433732,0.03332062427297875,-0.060294593867327675,0.6491462529043875,-0.11068675613438479
-0.1275069836681218,0.8186696245493236,0.6485391176021296,-0.47969481928730334,0.6532676922991052,1.2326956822275892,-0.09267612979663274,-0.07961065146934163,-0.6971678794414492,-1.8548063279002067,0.4750898198140656,0.14878945045801617,0.6018144195968168,-0.035392401781269935,-1.5973049334697016,0.45051527153559995,0.4847187473000485,0.26488933223407707,-0.43646431664598223,1.1510929298570967,-0.030264164227387088,1.8503467360547132,-1.6444872592338582,0.8296210140438829,-0.5965489022277672,-0.2529530078966906,0.762195707446277,-0.25587917454841597,-0.22405465799899157,1.0603641113598359,2.561747516441873,0.5572385764536453,-1.0392521642210206,1.098658240909841,-0.3638885571458368,0.07030844937484747,-0.5450589149435413,0.013921079025197574,-0.18393022764779432,0.5427184276813932,-0.45200811235987426,0.5154340996001194,0.5472917759315934,0.40432453423270237
-0.07850998003953505,0.7659264118496798,-0.2006805325303534,-0.034127357172016135,0.11198673334774117,0.15524714956944127,-0.14284925951536329,-0.14861844840431426,-0.21225610129343614,-0.6121032804612868,0.325277641652216,0.2724131566996699,0.24250330833611053,0.39871413592498117,-0.8313934359787224,-0.08597410186324737,0.12310331962986905,-0.5025138003880435,-0.7352190787430304,0.4393006157444155,-0.16588821052721608,1.37911812458001,-1.2487766573793888,-0.010819701550145496,-0.12653208713294656,0.09366106671815652,-0.46049350458331245,-0.017290501565879145,-0.5807731273062958,0.9295872802937997,0.5572385764536453,0.8353535999421849,-0.1858380493885677,0.8649814375054874,0.2760329269421107,0.7057807644747837,-0.4094895745179993,0.17931118420024733,0.6154713217933172,0.3892843222565988,0.08838148249297459,-0.053207047589871874,0.44541337737195286,-0.2483111963798061
0.21690426231048138,-0.06049849711469315,-0.4607998740266424,0.2871597402121774,-0.2739177165135679,-0.5241378648405929,0.11900291044056356,0.15436931651274968,0.20875298471331502,0.8538458317231934,-0.18791398906553836,0.1502120670721725,-0.17592083718133664,-0.012459672279122981,0.8258956035768622,-0.33706843901896894,-0.21751045573726233,-0.2700376187227695,0.11347685633261513,-0.8102118019015518,0.04004561137777309,-0.9285619684858536,0.9636418032874547,-0.13124710205612172,0.31881850928370953,0.08898497765273307,-0.3611991815940212,0.1594709168677996,0.13669569827049977,-0.5633010909978388,-1.0392521642210206,-0.1858380493885677,0.8095658790193045,-0.6116461411445079,0.011353704465604651,-0.06163624799694286,0.014505910265524936,0.08677623051950875,-0.019289195675265547,-0.2608857699542237,0.15073989583524783,0.005230376543250249,-0.18266998889900807,-0.116848425022743
-0.4081773625193583,0.5194813443312452,0.003880685304496141,-0.3387261129851063,-0.033452701028362876,0.31010811687207296,-0.4103615856086594,-0.2569163030810461,0.022530862987434584,-0.976361308187496,0.4121137631779343,0.013670285794280026,0.35348237408235844,0.5524670322278733,-1.3787341716419421,-0.1265997058072662,0.17134937966964164,-0.332200353987128,-0.7673320988177398,0.9982088316893205,-0.19365239685210947,1.720246314986331,-2.0093830521900946,0.21701844222355532,-0.31915295083646755,0.06909698265128679,-0.2897734259811422,-0.03715240517644293,-0.5422746749641062,1.3005487929971766,1.098658240909841,0.8649814375054874,-0.6116461411445079,1.8072028352122842,0.41358516976856496,0.5273410267992489,-0.35010172985841376,0.074310487236478,0.7893586771151044,0.6325308539290165,0.19171002995089037,-0.4536677216391588,0.2900390919307881,-0.04307704539146001
-0.08615388930540444,0.022576038305524338,-0.6101111353683,0.13319381301545002,-0.16048012745637866,-0.3010551734854498,-0.27284111892656915,-0.21483412041259561,0.10342726398597894,0.04938892089341935,-0.14082322891599194,0.061500434530441815,-0.19112251640094688,0.2676082798560134,-0.28150550925640033,-0.007093390250286212,-0.05612821631450504,-0.5409600108852027,-0.6816139255944957,0.0715082634800575,-0.16718803360247703,0.4508919990861309,-0.46986112321146795,-0.43826875320136754,-0.048468369435874924,0.261875444573541,-0.6388971145835339,0.042853037362741306,-0.460513024546507,0.47297646761409756,-0.3638885571458368,0.2760329269421107,0.011353704465604651,0.41358516976856496,0.7891838285217213,0.5724571228717981,-0.16256835443400894,0.08653874734933255,0.4477129588981832,0.2143033973030095,0.34997031787255145,-0.4329945609647141,0.2759132018004022,-0.16001006158130027
-0.2543199030082693,0.9207229890517029,-0.630654484176911,0.18545096866554756,0.1317481891111675,-0.32944007117656404,-0.09553394117577715,-0.40633390207770453,-0.4219736494557194,-0.30521612133234116,0.24019890729810045,0.16400208575624212,0.0475785039349137,0.3265283397026168,-0.5484393177412729,0.32775443540568583,-0.018523555966285493,-0.6481685231568225,-0.9107897235688686,0.20219147713354582,-0.19180549361782728,1.3536049473565346,-0.9172401575848489,-0.7608180108614958,-0.16228390974697504,0.2459548138252437,-0.7692546023441978,-0.0864716175712411,-0.945277962217397,0.7351726521356365,0.07030844937484747,0.7057807644747837,-0.06163624799694286,0.5273410267992489,0.5724571228717981,1.5643673879895823,-0.26826990618560165,0.40406858717776023,0.8941098669735673,0.16239931161767598,0.31119221281346915,-0.36324958214968284,0.810290316819777,-1.0175422077601357
-0.12743785161663704,-0.7169622407707543,0.33225501788425554,-0.11917416030074826,-0.1587822793248124,-0.3307448678816531,0.22956849082135444,0.24064473000346706,0.27192431960836233,0.4857140129149903,-0.14352341388415218,-0.8204280403060941,-0.07872400609713452,-0.42340202283784883,0.5675062996917245,-0.16148061559755997,0.008312844321028166,0.43778775544680554,0.675799289025381,-0.3599566222251337,0.04596030971140189,-0.9870318871196075,0.7867033343449139,-0.04278737929031812,0.31050637737717407,-0.1290674070738881,0.5066815607716297,-0.09425268559185046,0.47960738068918574,-0.670490392252115,-0.5450589149435413,-0.4094895745179993,0.014505910265524936,-0.35010172985841376,-0.16256835443400894,-0.26826990618560165,1.1078669261890215,-0.3784100125970574,-0.10522502001874462,-0.35195174276760594,-0.16493775306157044,-0.12355016237246638,-0.554446886475152,0.3842752366444631
-0.24913349381171893,0.6867131923781276,-0.38846078864835865,0.24835907632452173,-0.19765358590702325,-0.12536373155840802,0.13911944312099314,-0.1776761281965637,-0.45332430517407,0.0317818457040231,0.06820146376269696,0.3351131659152248,0.20103872907913703,0.16614503529167346,-0.14787706037522835,-0.17711224582200163,-0.018791648341484005,-0.2234352880339841,-0.589582491934111,-0.028506984265955788,-0.13428835025248895,0.5142366289005325,-0.030679916811462836,-0.2827687820001974,-0.1981008555808457,0.008787532266906806,-0.7357817871688805,0.11284738922037169,-0.32106074328786477,0.27392929240564834,0.013921079025197574,0.17931118420024733,0.08677623051950875,0.074310487236478,0.08653874734933255,0.40406858717776023,-0.3784100125970574,0.8653168195403083,0.6427183326400592,0.2090980720693438,0.05308078514478798,-0.21769294445279275,0.3807717632170326,-0.7045717489413869
-0.3862100517293851,0.8245794759266519,-0.5866778750354502,0.1908591477993174,-0.33979523264127043,-0.3990017074623251,-0.036244803486764135,-0.3021424681604795,-0.23688261769651886,-0.04432410872505034,0.28455257285322677,0.2506556539582649,0.2214782574081889,0.44701371308056376,-0.4528108175414521,-0.2904565256129259,-0.042379975162362,-0.7101372860644897,-0.8867488123377689,0.16710670371402603,-0.21665917299889953,1.089441101459575,-0.9938749361882403,-0.5797420634248793,-0.14797705866625332,0.28278080504834713,-1.186607774143014,0.16139536899046958,-0.7338532782247735,0.9277683348855338,-0.18393022764779432,0.6154713217933172,-0.019289195675265547,0.7893586771151044,0.4477129588981832,0.8941098669735673,-0.10522502001874462,0.6427183326400592,1.326895602075401,0.2898693881375115,0.20385712254502913,-0.5592288686322819,0.39786536987240884,-0.8627513194263365
-0.1165473765836521,0.38436229699844165,-0.2692267840817537,-0.06902523195032739,-0.07086711929731321,0.3619732158102568,-0.2960613042521924,-0.11525718425839578,-0.07138661232896037,-0.38319509551042297,0.16372044174241931,0.008731277505721707,0.012800719168085437,0.24812188992287793,-0.6988891518200296,-0.11502783257190097,0.2293858596121375,-0.09685157336287924,-0.6996616048559607,0.2532920637640255,-0.21017274956564178,0.7536765049385581,-0.6863446153584292,-0.0015797433983337668,-0.12730337811854037,0.04701769851603522,-0.27603010628933167,0.02844218418184755,-0.27277899598104755,0.5321822742433732,0.5427184276813932,0.3892843222565988,-0.2608857699542237,0.6325308539290165,0.2143033973030095,0.16239931161767598,-0.35195174276760594,0.2090980720693438,0.2898693881375115,0.5642385911811846,0.11244757768688607,-0.11945375139224286,0.3715282502756981,-0.16346229906505488
-0.14792254181201991,-0.13855346626145512,-0.4377661334268957,0.07806395353423799,-0.13470542399945187,-0.33211046503374314,-0.2735309661367334,-0.15911419011091382,0.2055083675417994,0.30759020236353174,-0.0464692478263635,-0.05022863833034334,-0.1283492199650101,0.28362769988736636,0.060664840306579926,0.13036305112581964,-0.10383503774957764,-0.13895735758743874,-0.21981369710427104,-0.06953774921675406,0.036902979798807745,0.07604608753364188,-0.10938468858889,-0.3081236172436549,0.02917883430480172,0.1350628053017465,-0.4078696383228686,0.026802705163500386,-0.22057366656682414,0.03332062427297875,-0.45200811235987426,0.08838148249297459,0.15073989583524783,0.19171002995089037,0.34997031787255145,0.31119221281346915,-0.16493775306157044,0.05308078514478798,0.20385712254502913,0.11244757768688607,0.47519208744025004,-0.4669355155991423,0.16463692781812006,-0.48619705165449906
0.4643757953969186,0.25977780031697806,0.3468578835013331,0.00499593919819823,0.315413406178316,0.5321249971850953,0.20935714045250006,0.22353154817381907,-0.19019405414054866,-0.31621986141211716,0.13546615277645982,0.34323619323607724,-0.02139921660300153,-0.2801156659544186,0.07399903038152163,-0.02574582464062633,0.15245362529226403,-0.02348745143070514,0.2612989112449863,-0.04959765799808007,0.03440181555341749,-0.05116886981638213,0.22436569835067366,0.41546608186320194,-0.03156960491179531,-0.07016283369685507,0.5344789846908305,0.015007019336296426,0.236205892661809,-0.060294593867327675,0.5154340996001194,-0.053207047589871874,0.005230376543250249,-0.4536677216391588,-0.4329945609647141,-0.36324958214968284,-0.12355016237246638,-0.21769294445279275,-0.5592288686322819,-0.11945375139224286,-0.4669355155991423,0.8951490053630426,-0.06345660306781839,0.6810152717692735
-0.050044960008021215,0.8060764670636575,-0.6867909263764632,0.09611876083673153,0.2050043151150629,0.19552661183076012,-0.32384893331614084,-0.292998006373355,-0.4559314074677008,-0.3817506209082584,0.18388535495128952,0.2748514710499953,-0.04424730523335032,0.17090588386970781,-0.5786802945597794,0.4652395334274021,0.170582232390273,-0.3664627476569184,-1.0820560870677054,0.0370466301113849,-0.12593919886286553,1.0707311018274481,-0.6346345313349608,-0.46888087567063585,-0.194032769588396,0.20088117312422524,-0.6403311450639053,-0.008425908991175518,-0.6462787941726742,0.6491462529043875,0.5472917759315934,0.44541337737195286,-0.18266998889900807,0.2900390919307881,0.2759132018004022,0.810290316819777,-0.554446886475152,0.3807717632170326,0.39786536987240884,0.3715282502756981,0.16463692781812006,-0.06345660306781839,0.9544478341311834,-0.9740379211414222
0.27895082988406983,-0.6703815848207889,0.9326684433440501,-0.26516655303309383,0.06015012333726278,0.5160012584452299,0.3411527780961454,0.45110599483006864,0.30540245601234367,-0.5608642529148674,-0.1177357645044406,-0.08267815984363197,0.18043005268381546,-0.3704554565822547,-0.03067078214037117,-0.5358082969492944,0.15216447849846435,0.16138218342749247,1.1187366825932596,0.5285116000615276,0.09233363220764833,-0.45592429907610194,-0.03830617434843661,1.0303884024441248,-0.048104479892292,-0.22982758632159847,1.2954971390372179,0.006773478313298392,0.6904632284001329,-0.11068675613438479,0.40432453423270237,-0.2483111963798061,-0.116848425022743,-0.04307704539146001,-0.16001006158130027,-1.0175422077601357,0.3842752366444631,-0.7045717489413869,-0.8627513194263365,-0.16346229906505488,-0.48619705165449906,0.6810152717692735,-0.9740379211414222,2.3982355202267587
