V1,V2,V3,V4,V5,V6,V7,V8,V9,V10,V11,V12,V13,V14,V15,V16,V17,V18,V19,V20,V21,V22,V23,V24,V25,V26,V27,V28,V29,V30,V31,V32,V33,V34,V35,V36,V37,V38,V39,V40,V41,V42,V43,V44
0.8474182433821559,-0.5027777491170676,0.4772621576991182,0.23396547059193865,0.10848914229231374,-0.03858597735804212,0.401740266298997,0.4746335698176141,0.31099924242263116,0.17546225323244652,0.4023662462823585,0.521502938187726,-0.2720464084417953,0.3038100953197651,0.5857095330027394,-0.4630283633779265,-0.46752022187912945,-0.41199007749422895,0.7245367961219369,-0.5368996793687021,-0.04398382274049215,-0.6543623946482052,0.3954902273695059,0.40183287602554546,0.05322994799409644,0.25229627730468873,0.31749832343803197,0.06443822558765158,0.44733609412955155,-0.08785766942941402,-0.15208383942082956,0.043817720680615235,0.43756146412133423,0.1066257812053111,-0.11891650165208668,-0.4402601549095019,-0.17561846153441357,-0.381503299912284,-0.1654183486813107,-0.25028392784014863,-0.21937840725502325,0.7119091150156646,-0.848339816168943,0.9908619367418342
-0.5027777491170676,2.2455846905386196,-1.020679121618289,-0.6558165388813231,0.016499357019151166,0.6182827509340295,-0.7932176010858658,-0.03791186905799079,-0.25913831696750145,-0.5860583609055701,0.9354299023528244,-0.7362222571321145,0.4878070826098675,-0.08514367550640824,-1.4114742360187695,-0.1104911638064048,1.1831505257188766,-0.22023970433882067,-1.959271127484534,-0.35540856648679126,0.0017862232120719197,1.8471605350567057,-1.61616574691252,0.3066333713187894,0.31532591438667557,0.10434573149826397,-0.5208134599776642,0.07207450961072505,-0.752813758030097,1.0352805453287288,1.7306317502586244,1.183927740023395,-0.30083517652847824,1.3235774298631453,-0.659399852128554,0.6025200637305514,0.44870685575910507,-0.1965483645782393,0.9074607760942498,1.0676006083840537,-0.13025733366853165,0.04760237372296592,1.4395664820644045,-1.456604806410236
0.4772621576991182,-1.020679121618289,0.943806189311282,0.25650616246644886,-0.23259615960875626,-0.3133329549933786,0.6238080994299339,0.259105945273866,0.4926782753851208,0.4103036906003325,-0.20686378376874023,0.5572679756929928,-0.10849072335797846,0.13213297126662962,0.8391106522445572,-0.6899199744381966,-0.5687249477669328,-0.1678398469334174,1.4683170819573512,0.2250344170896987,0.04000415148198859,-1.0729111033190244,0.5642019694971736,0.38662999558813943,-0.018133781717522897,-0.018267321944056378,0.4082443931658312,0.18304201411305696,0.6153799236624596,-0.3739192421781782,-1.0552679761332076,-0.4568633663936997,0.39835114661466153,-0.4068560106104231,0.06148320507676782,-0.8341741739742718,0.06363666481096204,-0.2511004344972062,-0.3694460755764597,-0.6066147698343195,-0.19565945682157176,0.33699413607233414,-1.3759408459913307,1.615055599247485
0.23396547059193865,-0.6558165388813231,0.25650616246644886,0.495577903254112,0.0031093339944532213,-0.07711684783665097,0.18992111155609265,-0.16826817464433796,-0.008649441287750461,-0.028558303403540698,-0.18507279556557557,0.6367764321422495,-0.20563614544132308,0.2977607908303924,0.3301170879352854,0.1328921144436938,-0.5760045873035626,-0.28393770070987223,0.5437609497076175,0.3363558207458179,-0.117874584977966,-0.19103558902342707,0.10291427170851533,-0.2911192451629405,-0.2983416795275023,0.08524060320373733,-0.1916711365349175,-0.14399456168117164,-0.026050989858367218,0.09943550150593217,-0.4632374164219726,-0.21377999054933466,-0.026448624654340593,-0.12062336751643297,0.412239818113838,0.20064677042428986,-0.47022656567576204,0.2743504012230572,-0.0410299629477687,-0.3662984437419926,0.1544694907671149,0.016397876856196415,-0.41253570586855287,0.32608256914763595
0.10848914229231374,0.016499357019151166,-0.23259615960875626,0.0031093339944532213,0.35783664431016987,-0.021345968540413814,-0.050156175120663726,0.047207466876326494,-0.2939812243499683,-0.05964754484280174,0.20671666802753752,-0.18154219999543134,-0.18929798640848494,0.0515325076048051,-0.03590446299050679,0.5116644057927789,-0.07133100262895212,0.15843537597595667,-0.38058134506235974,-0.4553214067310465,-0.054720611904175064,0.14267457399885902,0.2934839518324789,-0.2780332200189052,-0.03957651479858689,0.07596135052925163,0.048571306139054735,-0.18459462892219827,-0.07310449031131701,-0.1434763671678966,0.4310833990070841,0.12465644087947009,-0.06781139723872096,0.04664359593830147,0.02562425775707087,0.4603233354943817,-0.2127354450699994,0.11413694373298411,0.038857877749815854,0.1179493109258696,0.10066326921360583,-0.004870718663914918,0.4418586355914768,-0.7564477791529137
-0.03858597735804212,0.6182827509340295,-0.3133329549933786,-0.07711684783665097,-0.021345968540413814,0.5363288621417747,-0.36525963610122625,0.11968925133921382,0.04069069149884636,-0.05284335371835003,0.6450769076095135,-0.21128483577211482,0.0341539420571369,0.04096643620998226,-0.15516991008670114,-0.09222620730401743,0.352364543994917,-0.10448835952608976,-0.3213527438024972,-0.3696463209813541,-0.006357677376388817,0.30546036599838944,-0.3368356976716677,0.17844991525615744,0.16506875998713763,0.04513770866562513,-0.09820305805943655,-0.17430427033780496,-0.0709041438931983,0.2373351477847677,0.6139144683538014,0.368117062556455,-0.06353512238031674,0.4354861010726282,-0.5941179174946875,0.05727003215879243,0.23235304387350086,-0.126368982521051,0.2377497022220659,0.2579748415967728,-0.06428598369239845,0.35795844476048677,0.2673709257065609,-0.5303767019348463
0.401740266298997,-0.7932176010858658,0.6238080994299339,0.18992111155609265,-0.050156175120663726,-0.36525963610122625,0.668458219682898,0.21257753609357105,0.11173282542369124,0.16668307300249796,-0.2232214238963024,0.4368034369982031,-0.029841088740625812,0.1349277869252478,0.5284871139967722,-0.3430393016790442,-0.4332984710297941,-0.12322043481180259,0.9622277650553279,0.10016062844902192,0.043718081736354844,-0.6526644192492048,0.4549386956159433,0.1551483090248779,-0.08436200749450902,0.04443227541042894,0.2832343413882921,0.1816045685885346,0.36044847583234874,-0.21996383741920694,-0.7776876633724035,-0.2563700002739736,0.3608287275137914,-0.3938356309549034,0.2627306404365698,-0.46135708909527,-0.08213943013553943,-0.11380135803049803,-0.25972751217410467,-0.3915230669430154,-0.09602996304103438,0.15926064881237254,-0.8834311471669136,1.1973240043163156
0.4746335698176141,-0.03791186905799079,0.259105945273866,-0.16826817464433796,0.047207466876326494,0.11968925133921382,0.21257753609357105,0.7481657373459982,0.3571163710836483,0.27147076689696265,0.6666572246782636,-0.3732372742814614,0.03310769375266747,0.007701793299463355,0.43819836562191034,-0.631729534029334,0.05523333278035705,0.022300182761225452,0.43401777336075203,-1.0376503162148645,0.0153444410583449,-0.7262277476567521,0.4598761203365662,0.7693045520318781,0.45174023559785226,0.05885858226456272,0.5867243550431723,-0.0298054803555979,0.5927270163392324,-0.4075489027821617,0.2984750594933036,0.256010609583764,0.46862351353156295,0.2520393111764643,-0.7505197438156035,-0.6060118000158594,0.4908521335012821,-0.6137900091412366,-0.0802402484226006,0.008234091052408528,-0.3188133508506176,0.6862503463593442,-0.5902700138103099,0.5289675485055856
0.31099924242263116,-0.25913831696750145,0.4926782753851208,-0.008649441287750461,-0.2939812243499683,0.04069069149884636,0.11173282542369124,0.3571163710836483,0.6638987448864627,0.3061741848364855,0.11095427544534113,0.15332250587091031,0.024448542113580152,-0.008523586686648097,0.4567933059505012,-0.8612025859048958,-0.115814202893995,-0.22722314233641422,0.7757262040582935,-0.08312031001620425,0.019327286274057963,-0.75922688310102,0.09682743485325523,0.6858869539153817,0.2506291504631049,-0.0033115448049404568,0.3499643918997426,0.15773902233786036,0.49309787439264857,-0.17581484006920933,-0.3682663135180411,-0.12608773638890858,0.31838980761734853,0.05594106998649576,-0.3650047659750087,-0.8299597258903256,0.3341245097767193,-0.49424194131019106,-0.1961159220543613,-0.25774508600167406,-0.2857376322877587,0.4688733254551245,-0.9292594815412716,1.1959105315312064
0.17546225323244652,-0.5860583609055701,0.4103036906003325,-0.028558303403540698,-0.05964754484280174,-0.05284335371835003,0.16668307300249796,0.27147076689696265,0.3061741848364855,0.5744397984833693,-0.05015367692119189,-0.33642064423722645,-0.2154837982895462,-0.266024853308697,0.6923997726535215,-0.17633781172355775,-0.08696234975455051,0.45616006563310973,0.7228691848746175,-0.45258590309824553,0.06387211025478043,-1.121735947785701,1.0864374974532778,0.2629060712427752,0.2349717041436383,-0.19563944462864574,0.5733369062397174,-0.0717228923237392,0.6360197414780225,-0.8569593513078467,-0.3509653228203442,-0.47422180408053477,0.1916582950298545,-0.47463268827420535,-0.423563181689992,-0.589162928522712,0.4569923941347879,-0.27760824863765293,-0.47484858600611407,-0.3197823418727218,-0.15762872331160485,0.2583799974003045,-0.5573975851202734,0.3120301570532289
0.4023662462823585,0.9354299023528244,-0.20686378376874023,-0.18507279556557557,0.20671666802753752,0.6450769076095135,-0.2232214238963024,0.6666572246782636,0.11095427544534113,-0.05015367692119189,1.9278375215060846,-0.38554013409183363,-0.002207487007606519,0.47322625057760537,-0.031469702000283935,-0.30753894690003936,0.3114647979639656,-0.23916727004215235,-0.2102933401956876,-1.2801648552634899,-0.03147441736709441,0.5257715478336489,-0.49545522323577323,0.4691964379358095,0.2862020367195442,0.336413818006002,0.13929475544283265,-0.17032855207197842,0.1501633800428987,0.4110129821531162,1.4277168214802962,1.0007870792162328,0.1736602192754895,1.3993337917320774,-1.1915984495813068,0.1806710239405611,0.32840972766946075,-0.4307927405036391,0.7529298719108231,0.5442212523631332,-0.14670810177844057,0.8692450852882464,0.10329176319116432,-0.8391999966623592
0.521502938187726,-0.7362222571321145,0.5572679756929928,0.6367764321422495,-0.18154219999543134,-0.21128483577211482,0.4368034369982031,-0.3732372742814614,0.15332250587091031,-0.33642064423722645,-0.38554013409183363,2.054963798028828,-0.11763898656108322,0.7428552469242591,0.22538981283763457,-0.2727669680734776,-0.9144623887437884,-1.1964870629767632,0.9490315314374684,1.4484598272048195,0.05571491096619472,0.305811614035041,-0.8935223815503585,-0.2972280562304286,-0.7733783418675183,0.42798062125721603,-0.6000962355231875,0.4363466391784434,-0.27832688551263735,1.044006732671361,-1.1531071272523346,-0.23772524307307089,0.10742932324920758,-0.19162025885789732,1.0466950921568676,-0.2538791341769502,-1.2849807430011062,0.3649679862389234,0.0027689684210427832,-0.4902243738896549,0.11786738386179603,0.08881720642951026,-0.9238374637258278,1.7298874428717304
-0.2720464084417953,0.4878070826098675,-0.10849072335797846,-0.20563614544132308,-0.18929798640848494,0.0341539420571369,-0.029841088740625812,0.03310769375266747,0.024448542113580152,-0.2154837982895462,-0.002207487007606519,-0.11763898656108322,0.4494999891742629,-0.02833457815669477,-0.3803772700976963,-0.36723197332352886,0.31507822164625493,-0.12188562099217312,-0.22517203233110727,0.20307738927882524,0.07364661950719908,0.3942277164312071,-0.6611323465069039,0.3343042186530212,0.12004778743401028,-0.026182474777594084,-0.14240939153097684,0.15355219022934288,-0.16034733970994602,0.3389832452504886,0.11609385444301779,0.28613725677532303,0.05309135225713886,0.24232126684870034,-0.11435287617576172,-0.17791077292732319,0.20206055790595873,-0.08696534628930214,0.2220689978197094,0.2123488561706897,-0.06548550214833386,-0.12491603055427108,0.06352214996052959,0.21517576836092986
0.3038100953197651,-0.08514367550640824,0.13213297126662962,0.2977607908303924,0.0515325076048051,0.04096643620998226,0.1349277869252478,0.007701793299463355,-0.008523586686648097,-0.266024853308697,0.47322625057760537,0.7428552469242591,-0.02833457815669477,0.6658124975375866,-0.05592690127323226,-0.11333614592513008,-0.4207337176436914,-0.6409716816858354,0.17734800531796,0.22718386761184364,-0.10846028359548407,0.5312465867120569,-0.6975515729659537,-0.0835917888451008,-0.29761674124567167,0.3060801782288008,-0.37056171463892945,-0.0167119513994202,-0.21670237939799344,0.6930576458513157,0.024457820580022837,0.4067317802951177,0.036000643030352275,0.6188029240246807,0.24542546322663633,0.27888268938696675,-0.5953109232690736,0.1744478185695712,0.46054781410023593,-0.006766815965882337,0.13871596788683233,0.157594737461157,-0.2945048064229954,0.1889231607706599
0.5857095330027394,-1.4114742360187695,0.8391106522445572,0.3301170879352854,-0.03590446299050679,-0.15516991008670114,0.5284871139967722,0.43819836562191034,0.4567933059505012,0.6923997726535215,-0.031469702000283935,0.22538981283763457,-0.3803772700976963,-0.05592690127323226,1.3975841389509016,-0.2293393901004529,-0.6552221282284906,0.30003423344522145,1.755828373144474,-0.43547370366805305,0.09965221126522938,-1.8213077194866976,1.500503187427173,0.21540805245958222,0.05818403024536903,-0.05172911949108858,0.7901157081371022,-0.032894187814349773,0.968238327901684,-1.0468283693695097,-0.880724927478884,-0.8251058505233962,0.4291217947666647,-0.8345314274357494,-0.3420775870574804,-0.9014736877019934,0.13651240509396756,-0.27403505548984625,-0.74644933933177,-0.7392716161758615,-0.14530466567494288,0.5164010242267528,-1.2876446318320236,1.1032351018159297
-0.4630283633779265,-0.1104911638064048,-0.6899199744381966,0.1328921144436938,0.5116644057927789,-0.09222620730401743,-0.3430393016790442,-0.631729534029334,-0.8612025859048958,-0.17633781172355775,-0.30753894690003936,-0.2727669680734776,-0.36723197332352886,-0.11333614592513008,-0.2293393901004529,1.7197907416437737,-0.07761609068412254,0.6825723335678414,-0.8366630179179614,0.05947945628020734,-0.016444470206635507,0.5449829142313324,0.49734801892190966,-1.3464806033619403,-0.4614201687842599,-0.045041110910904764,-0.32200413316586185,-0.3267569008732799,-0.5177095266620637,-0.23695119578476442,0.4130597789245228,-0.3458274874568347,-0.6060133144100271,-0.45399815975499375,0.5113934881446583,1.2425247419055327,-0.626167471763386,0.838561591621007,-0.036324329741280637,0.14199408098266908,0.5526586789044797,-0.7778156977547306,1.3928650332493024,-2.12318803921088
-0.46752022187912945,1.1831505257188766,-0.5687249477669328,-0.5760045873035626,-0.07133100262895212,0.352364543994917,-0.4332984710297941,0.05523333278035705,-0.115814202893995,-0.08696234975455051,0.3114647979639656,-0.9144623887437884,0.31507822164625493,-0.4207337176436914,-0.6552221282284906,-0.07761609068412254,0.9762382529085301,0.3356961315408719,-0.9766147988165286,-0.363731529629505,0.1134322375044684,0.5965516727262926,-0.38739458132475707,0.28857307309345753,0.38021650620018405,-0.16433159795764476,0.010506985200285679,0.052010485571275675,-0.18447863325427427,0.09826839608366786,0.8137610507566713,0.4045966375900427,-0.11975938786269866,0.3181424336177548,-0.6037857250124347,-0.002175834963018323,0.7208302905884398,-0.24729912870362836,0.18815722172618615,0.5967133962182232,-0.1418719730299784,-0.02717618107601463,0.8178910191474417,-0.7876277643172904
-0.41199007749422895,-0.22023970433882067,-0.1678398469334174,-0.28393770070987223,0.15843537597595667,-0.10448835952608976,-0.12322043481180259,0.022300182761225452,-0.22722314233641422,0.45616006563310973,-0.23916727004215235,-1.1964870629767632,-0.12188562099217312,-0.6409716816858354,0.30003423344522145,0.6825723335678414,0.3356961315408719,1.2533298054757844,-0.06944229424482452,-0.6971788281098853,0.12654052312411193,-0.7625774562470047,1.3388586432513576,-0.26039934315950214,0.28452995907514705,-0.3907372178544552,0.5075362930603382,-0.22958493836415786,0.3738660147152387,-1.1853390898626817,0.19168038446285718,-0.5461280066667762,-0.14171737825457323,-0.6742107163645636,-0.4618990410462221,-0.00841682803719258,0.6223293683785377,0.05376951962175937,-0.4548090391290486,0.04865111560295773,0.07377164192992883,-0.3692028327192466,0.5373562054489044,-1.1970117836029477
0.7245367961219369,-1.959271127484534,1.4683170819573512,0.5437609497076175,-0.38058134506235974,-0.3213527438024972,0.9622277650553279,0.43401777336075203,0.7757262040582935,0.7228691848746175,-0.2102933401956876,0.9490315314374684,-0.22517203233110727,0.17734800531796,1.755828373144474,-0.8366630179179614,-0.9766147988165286,-0.06944229424482452,2.9051540741239816,0.3209810010679767,0.219259085964424,-2.089366624734588,1.1909845963492225,0.4101340583951539,-0.12160830378188515,-0.007091127424386391,0.7781276671851688,0.2575910005740305,1.150507880360737,-0.791865155017335,-1.8111714070670049,-1.0501534211547339,0.6525265125141377,-1.0142569049284624,-0.10622475634799139,-1.5038783168299275,0.03983200175146749,-0.3098374776295507,-0.8243293160365377,-1.070607357264597,-0.1963398957365529,0.5836463453188282,-2.2765844880155366,2.5661563403328
-0.5368996793687021,-0.35540856648679126,0.2250344170896987,0.3363558207458179,-0.4553214067310465,-0.3696463209813541,0.10016062844902192,-1.0376503162148645,-0.08312031001620425,-0.45258590309824553,-1.2801648552634899,1.4484598272048195,0.20307738927882524,0.22718386761184364,-0.43547370366805305,0.05947945628020734,-0.363731529629505,-0.6971788281098853,0.3209810010679767,2.4827853475509287,0.08460697663725274,0.9139669935113544,-1.3024599513498119,-0.7383216490709389,-0.8358714773387996,0.016471776783636666,-0.8669486535302373,0.5074389519740794,-0.7542427915944923,1.0522245421570038,-1.4565197938728949,-0.4980978888032615,-0.38685625983523886,-0.556398043785156,1.4598416924929412,0.10385035025900283,-0.9102510529967199,0.7420437994694077,0.03739790524622179,-0.34716939052921847,0.3157050583416348,-0.8768556521336254,-0.1914581146943955,1.1448269108644629
-0.04398382274049215,0.0017862232120719197,0.04000415148198859,-0.117874584977966,-0.054720611904175064,-0.006357677376388817,0.043718081736354844,0.0153444410583449,0.019327286274057963,0.06387211025478043,-0.03147441736709441,0.05571491096619472,0.07364661950719908,-0.10846028359548407,0.09965221126522938,-0.016444470206635507,0.1134322375044684,0.12654052312411193,0.219259085964424,0.08460697663725274,0.22414515656994713,-0.11091765690130868,0.09267015720966869,0.04990514992959834,-0.010646238707754834,-0.017006785410682096,0.08905194300923623,0.1858091908113405,0.11915452592058363,-0.06538636968580193,-0.12135231867300222,-0.17540554155664162,0.06864454273951529,-0.27086978169820286,-0.11170477766519837,-0.36302313349991067,0.04238413425120096,-0.04826547958487405,-0.18112532402375914,0.04105666605886851,-0.03853242965992794,-0.014655359602358017,-0.03197851352914783,0.22212680558224288
-0.6543623946482052,1.8471605350567057,-1.0729111033190244,-0.19103558902342707,0.14267457399885902,0.30546036599838944,-0.6526644192492048,-0.7262277476567521,-0.75922688310102,-1.121735947785701,0.5257715478336489,0.305811614035041,0.3942277164312071,0.5312465867120569,-1.8213077194866976,0.5449829142313324,0.5965516727262926,-0.7625774562470047,-2.089366624734588,0.9139669935113544,-0.11091765690130868,2.9896375213144224,-2.464118308304628,-0.6713266574969717,-0.47471911611228773,0.3029992729816716,-1.3288758434465628,0.07146336856017559,-1.5023618647601684,1.9362423712127024,1.225024377934847,1.2600832238269433,-0.6740862367630492,1.4316330065812928,0.6237114989393094,1.5704840669967342,-0.6865410257562323,0.6488525971207577,1.319002225682805,0.9885347013008577,0.3789519939044917,-0.6165752046720033,1.6878015345939985,-1.5992843327040271
0.3954902273695059,-1.61616574691252,0.5642019694971736,0.10291427170851533,0.2934839518324789,-0.3368356976716677,0.4549386956159433,0.4598761203365662,0.09682743485325523,1.0864374974532778,-0.49545522323577323,-0.8935223815503585,-0.6611323465069039,-0.6975515729659537,1.500503187427173,0.49734801892190966,-0.38739458132475707,1.3388586432513576,1.1909845963492225,-1.3024599513498119,0.09267015720966869,-2.464118308304628,3.0237558423207376,-0.0227319260311412,0.36703785010931617,-0.4440613402222106,1.228689814677954,-0.4142331718486039,1.2240447616529546,-2.21118112389195,-0.6138680892716789,-1.1990514242548576,0.29958402691658326,-1.504537264695189,-0.46845933438742754,-0.632868350367397,0.616752871173072,-0.24230471956622912,-1.2561255433159417,-0.7016647400169367,-0.11877780416838084,0.24965197935713823,-0.5981958480746901,-0.05528732063598941
0.40183287602554546,0.3066333713187894,0.38662999558813943,-0.2911192451629405,-0.2780332200189052,0.17844991525615744,0.1551483090248779,0.7693045520318781,0.6858869539153817,0.2629060712427752,0.4691964379358095,-0.2972280562304286,0.3343042186530212,-0.0835917888451008,0.21540805245958222,-1.3464806033619403,0.28857307309345753,-0.26039934315950214,0.4101340583951539,-0.7383216490709389,0.04990514992959834,-0.6713266574969717,-0.0227319260311412,1.4038090144546014,0.6381422965781917,-0.04220019278445869,0.5082923911926759,0.11765569907819243,0.597584946309661,-0.17055970380091684,0.16462802851506764,0.37273136606446633,0.5836083711928195,0.44121854222484014,-0.8702280020013925,-1.1056101978789499,0.7875378454177169,-0.880656251371164,-0.0730570314987103,0.030220450716544143,-0.5247144352950127,0.7902895716826446,-0.9186332280038564,1.264944578110971
0.05322994799409644,0.31532591438667557,-0.018133781717522897,-0.2983416795275023,-0.03957651479858689,0.16506875998713763,-0.08436200749450902,0.45174023559785226,0.2506291504631049,0.2349717041436383,0.2862020367195442,-0.7733783418675183,0.12004778743401028,-0.29761674124567167,0.05818403024536903,-0.4614201687842599,0.38021650620018405,0.28452995907514705,-0.12160830378188515,-0.8358714773387996,-0.010646238707754834,-0.47471911611228773,0.36703785010931617,0.6381422965781917,0.5595321019116484,-0.1486512993228858,0.40805210157001565,-0.1310476164816016,0.36607436830044515,-0.4637073742365371,0.40032038478392384,0.2127109539401011,0.20729952550503436,0.1611898633186063,-0.7008272714577143,-0.3819673160846375,0.7400211266732228,-0.5055093271578839,-0.07837569369074497,0.14740361719444817,-0.2839252496064491,0.34406365459358046,-0.08202894624270322,-0.020784674665146417
0.25229627730468873,0.10434573149826397,-0.018267321944056378,0.08524060320373733,0.07596135052925163,0.04513770866562513,0.04443227541042894,0.05885858226456272,-0.0033115448049404568,-0.19563944462864574,0.336413818006002,0.42798062125721603,-0.026182474777594084,0.3060801782288008,-0.05172911949108858,-0.045041110910904764,-0.16433159795764476,-0.3907372178544552,-0.007091127424386391,0.016471776783636666,-0.017006785410682096,0.3029992729816716,-0.4440613402222106,-0.04220019278445869,-0.1486512993228858,0.276147512372948,-0.1361309581998247,0.13427395751545246,-0.12085454509346889,0.43116894176246756,0.1581808001033797,0.22821832883087248,0.07309041941830924,0.3100922025126343,0.08365580475879449,0.08336008229876872,-0.35969413229575575,-0.010473832935225903,0.2091064619817323,0.0744877690436171,0.00990346641912465,0.16655229629970583,-0.054682081492870155,0.15770340483412643
0.31749832343803197,-0.5208134599776642,0.4082443931658312,-0.1916711365349175,0.048571306139054735,-0.09820305805943655,0.2832343413882921,0.5867243550431723,0.3499643918997426,0.5733369062397174,0.13929475544283265,-0.6000962355231875,-0.14240939153097684,-0.37056171463892945,0.7901157081371022,-0.32200413316586185,0.010506985200285679,0.5075362930603382,0.7781276671851688,-0.8669486535302373,0.08905194300923623,-1.3288758434465628,1.228689814677954,0.5082923911926759,0.40805210157001565,-0.1361309581998247,0.9274848266581827,0.01534661335410679,0.8114762035851828,-1.037887843639779,-0.16341597637945948,-0.3661763845203888,0.4078686626855401,-0.48417046164067934,-0.6268575651140278,-0.7437899163782729,0.6486109876956754,-0.5612006145091248,-0.5602199086165476,-0.26403845316128194,-0.28809441741456226,0.4543593715137204,-0.6288330987373288,0.565543691568604
0.06443822558765158,0.07207450961072505,0.18304201411305696,-0.14399456168117164,-0.18459462892219827,-0.17430427033780496,0.1816045685885346,-0.0298054803555979,0.15773902233786036,-0.0717228923237392,-0.17032855207197842,0.4363466391784434,0.15355219022934288,-0.0167119513994202,-0.032894187814349773,-0.3267569008732799,0.052010485571275675,-0.22958493836415786,0.2575910005740305,0.5074389519740794,0.1858091908113405,0.07146336856017559,-0.4142331718486039,0.11765569907819243,-0.1310476164816016,0.13427395751545246,0.01534661335410679,0.5667652440115725,0.0073993055651344584,0.31519062321629243,-0.3582744990755404,-0.1556987567849866,0.1627719820022666,-0.1620818814938519,0.1886006551284218,-0.5214827804267383,-0.11673753753866448,-0.13990630010851926,-0.09746877359401208,0.01630542514323199,-0.11738681245423012,-0.0340783906748253,-0.2622271035744084,0.903495793455995
0.44733609412955155,-0.752813758030097,0.6153799236624596,-0.026050989858367218,-0.07310449031131701,-0.0709041438931983,0.36044847583234874,0.5927270163392324,0.49309787439264857,0.6360197414780225,0.1501633800428987,-0.27832688551263735,-0.16034733970994602,-0.21670237939799344,0.968238327901684,-0.5177095266620637,-0.18447863325427427,0.3738660147152387,1.150507880360737,-0.7542427915944923,0.11915452592058363,-1.5023618647601684,1.2240447616529546,0.597584946309661,0.36607436830044515,-0.12085454509346889,0.8114762035851828,0.0073993055651344584,0.9194371834449344,-0.9649117289621606,-0.39555041719510353,-0.44233629741286107,0.4569447890720165,-0.4599550566832512,-0.6348753995159186,-0.9729797588765949,0.5470904202446731,-0.5263799311840602,-0.5669543298463895,-0.3759336344563719,-0.2953668027166036,0.5440098971894218,-0.9796464419012595,0.8907963653806267
-0.08785766942941402,1.0352805453287288,-0.3739192421781782,0.09943550150593217,-0.1434763671678966,0.2373351477847677,-0.21996383741920694,-0.4075489027821617,-0.17581484006920933,-0.8569593513078467,0.4110129821531162,1.044006732671361,0.3389832452504886,0.6930576458513157,-1.0468283693695097,-0.23695119578476442,0.09826839608366786,-1.1853390898626817,-0.791865155017335,1.0522245421570038,-0.06538636968580193,1.9362423712127024,-2.21118112389195,-0.17055970380091684,-0.4637073742365371,0.43116894176246756,-1.037887843639779,0.31519062321629243,-0.9649117289621606,1.8170431355538823,0.3654269057486679,0.8774836148764583,-0.22369631169755314,1.1058716717980583,0.5757396867146365,0.594484199368325,-0.7515359789567316,0.30200608388497563,0.9370392859821217,0.4642039789450421,0.14804961683252155,-0.10424709513082304,0.38831187246710813,0.14877874393197535
-0.15208383942082956,1.7306317502586244,-1.0552679761332076,-0.4632374164219726,0.4310833990070841,0.6139144683538014,-0.7776876633724035,0.2984750594933036,-0.3682663135180411,-0.3509653228203442,1.4277168214802962,-1.1531071272523346,0.11609385444301779,0.024457820580022837,-0.880724927478884,0.4130597789245228,0.8137610507566713,0.19168038446285718,-1.8111714070670049,-1.4565197938728949,-0.12135231867300222,1.225024377934847,-0.6138680892716789,0.16462802851506764,0.40032038478392384,0.1581808001033797,-0.16341597637945948,-0.3582744990755404,-0.39555041719510353,0.3654269057486679,2.258332169165864,1.1355237844324015,-0.23769899686307563,1.4489080796412597,-0.9818393188667779,0.956262261174395,0.36771361099759425,-0.17792609477002985,0.8254669166901164,0.9947832153947218,-0.0019669003548575172,0.25643323906219767,1.4919325937169212,-2.337076206810402
0.043817720680615235,1.183927740023395,-0.4568633663936997,-0.21377999054933466,0.12465644087947009,0.368117062556455,-0.2563700002739736,0.256010609583764,-0.12608773638890858,-0.47422180408053477,1.0007870792162328,-0.23772524307307089,0.28613725677532303,0.4067317802951177,-0.8251058505233962,-0.3458274874568347,0.4045966375900427,-0.5461280066667762,-1.0501534211547339,-0.4980978888032615,-0.17540554155664162,1.2600832238269433,-1.1990514242548576,0.37273136606446633,0.2127109539401011,0.22821832883087248,-0.3661763845203888,-0.1556987567849866,-0.44233629741286107,0.8774836148764583,1.1355237844324015,1.2173851608247466,-0.008326805797777613,1.3417568309279118,-0.335751254185627,0.580540419357944,0.09762498962334024,-0.18708745414701194,0.8851263134789404,0.6316206322557889,-0.06548437584745449,0.2998590300508461,0.49730271749842353,-0.6332464781253454
0.43756146412133423,-0.30083517652847824,0.39835114661466153,-0.026448624654340593,-0.06781139723872096,-0.06353512238031674,0.3608287275137914,0.46862351353156295,0.31838980761734853,0.1916582950298545,0.1736602192754895,0.10742932324920758,0.05309135225713886,0.036000643030352275,0.4291217947666647,-0.6060133144100271,-0.11975938786269866,-0.14171737825457323,0.6525265125141377,-0.38685625983523886,0.06864454273951529,-0.6740862367630492,0.29958402691658326,0.5836083711928195,0.20729952550503436,0.07309041941830924,0.4078686626855401,0.1627719820022666,0.4569447890720165,-0.22369631169755314,-0.23769899686307563,-0.008326805797777613,0.44897302604292455,-0.077092721144893,-0.2785717407393072,-0.6957801873922027,0.20006636012890205,-0.4401140014363111,-0.22139576393179305,-0.15656394845380892,-0.2502260666225035,0.4605330340846579,-0.7492492764161375,1.0318585357450087
0.1066257812053111,1.3235774298631453,-0.4068560106104231,-0.12062336751643297,0.04664359593830147,0.4354861010726282,-0.3938356309549034,0.2520393111764643,0.05594106998649576,-0.47463268827420535,1.3993337917320774,-0.19162025885789732,0.24232126684870034,0.6188029240246807,-0.8345314274357494,-0.45399815975499375,0.3181424336177548,-0.6742107163645636,-1.0142569049284624,-0.556398043785156,-0.27086978169820286,1.4316330065812928,-1.504537264695189,0.44121854222484014,0.1611898633186063,0.3100922025126343,-0.48417046164067934,-0.1620818814938519,-0.4599550566832512,1.1058716717980583,1.4489080796412597,1.3417568309279118,-0.077092721144893,1.9749869560561992,-0.4717606679392319,0.7381834601611447,0.08389996074563476,-0.19035583449482113,1.1896048613879215,0.6916927370783156,-0.008366527786343083,0.3643433712632958,0.3969858928979946,-0.8450696868164814
-0.11891650165208668,-0.659399852128554,0.06148320507676782,0.412239818113838,0.02562425775707087,-0.5941179174946875,0.2627306404365698,-0.7505197438156035,-0.3650047659750087,-0.423563181689992,-1.1915984495813068,1.0466950921568676,-0.11435287617576172,0.24542546322663633,-0.3420775870574804,0.5113934881446583,-0.6037857250124347,-0.4618990410462221,-0.10622475634799139,1.4598416924929412,-0.11170477766519837,0.6237114989393094,-0.46845933438742754,-0.8702280020013925,-0.7008272714577143,0.08365580475879449,-0.6268575651140278,0.1886006551284218,-0.6348753995159186,0.5757396867146365,-0.9818393188667779,-0.335751254185627,-0.2785717407393072,-0.4717606679392319,1.6186305027843548,0.6352677829834206,-1.0405682587271676,0.692345186611528,-0.04115266848849401,-0.28987516777489364,0.36727819658573985,-0.7861638360155782,0.09901386972924903,0.5570261874502033
-0.4402601549095019,0.6025200637305514,-0.8341741739742718,0.20064677042428986,0.4603233354943817,0.05727003215879243,-0.46135708909527,-0.6060118000158594,-0.8299597258903256,-0.589162928522712,0.1806710239405611,-0.2538791341769502,-0.17791077292732319,0.27888268938696675,-0.9014736877019934,1.2425247419055327,-0.002175834963018323,-0.00841682803719258,-1.5038783168299275,0.10385035025900283,-0.36302313349991067,1.5704840669967342,-0.632868350367397,-1.1056101978789499,-0.3819673160846375,0.08336008229876872,-0.7437899163782729,-0.5214827804267383,-0.9729797588765949,0.594484199368325,0.956262261174395,0.580540419357944,-0.6957801873922027,0.7381834601611447,0.6352677829834206,1.9544133145853826,-0.5678384392981551,0.7711658649848804,0.772675219677165,0.3954274619302401,0.5255303577181494,-0.631074506283348,1.4781391738825052,-2.2014268352275552
-0.17561846153441357,0.44870685575910507,0.06363666481096204,-0.47022656567576204,-0.2127354450699994,0.23235304387350086,-0.08213943013553943,0.4908521335012821,0.3341245097767193,0.4569923941347879,0.32840972766946075,-1.2849807430011062,0.20206055790595873,-0.5953109232690736,0.13651240509396756,-0.626167471763386,0.7208302905884398,0.6223293683785377,0.03983200175146749,-0.9102510529967199,0.04238413425120096,-0.6865410257562323,0.616752871173072,0.7875378454177169,0.7400211266732228,-0.35969413229575575,0.6486109876956754,-0.11673753753866448,0.5470904202446731,-0.7515359789567316,0.36771361099759425,0.09762498962334024,0.20006636012890205,0.08389996074563476,-1.0405682587271676,-0.5678384392981551,1.3605137292348755,-0.6614919985957932,-0.14331369239171804,0.15131019320334854,-0.37988525278542773,0.35350122600725287,-0.14897104412007423,-0.03680401640398537
-0.381503299912284,-0.1965483645782393,-0.2511004344972062,0.2743504012230572,0.11413694373298411,-0.126368982521051,-0.11380135803049803,-0.6137900091412366,-0.49424194131019106,-0.27760824863765293,-0.4307927405036391,0.3649679862389234,-0.08696534628930214,0.1744478185695712,-0.27403505548984625,0.838561591621007,-0.24729912870362836,0.05376951962175937,-0.3098374776295507,0.7420437994694077,-0.04826547958487405,0.6488525971207577,-0.24230471956622912,-0.880656251371164,-0.5055093271578839,-0.010473832935225903,-0.5612006145091248,-0.13990630010851926,-0.5263799311840602,0.30200608388497563,-0.17792609477002985,-0.18708745414701194,-0.4401140014363111,-0.19035583449482113,0.692345186611528,0.7711658649848804,-0.6614919985957932,0.7572008392368276,0.15972869649565025,-0.02971755329491777,0.4201245562717605,-0.6514498846644718,0.5746893076740454,-0.8351748600833997
-0.1654183486813107,0.9074607760942498,-0.3694460755764597,-0.0410299629477687,0.038857877749815854,0.2377497022220659,-0.25972751217410467,-0.0802402484226006,-0.1961159220543613,-0.47484858600611407,0.7529298719108231,0.0027689684210427832,0.2220689978197094,0.46054781410023593,-0.74644933933177,-0.036324329741280637,0.18815722172618615,-0.4548090391290486,-0.8243293160365377,0.03739790524622179,-0.18112532402375914,1.319002225682805,-1.2561255433159417,-0.0730570314987103,-0.07837569369074497,0.2091064619817323,-0.5602199086165476,-0.09746877359401208,-0.5669543298463895,0.9370392859821217,0.8254669166901164,0.8851263134789404,-0.22139576393179305,1.1896048613879215,-0.04115266848849401,0.772675219677165,-0.14331369239171804,0.15972869649565025,0.9249508888373861,0.4740676438703747,0.12022580757336804,-0.053561472774542825,0.513589010728712,-0.8189033608964997
-0.25028392784014863,1.0676006083840537,-0.6066147698343195,-0.3662984437419926,0.1179493109258696,0.2579748415967728,-0.3915230669430154,0.008234091052408528,-0.25774508600167406,-0.3197823418727218,0.5442212523631332,-0.4902243738896549,0.2123488561706897,-0.006766815965882337,-0.7392716161758615,0.14199408098266908,0.5967133962182232,0.04865111560295773,-1.070607357264597,-0.34716939052921847,0.04105666605886851,0.9885347013008577,-0.7016647400169367,0.030220450716544143,0.14740361719444817,0.0744877690436171,-0.26403845316128194,0.01630542514323199,-0.3759336344563719,0.4642039789450421,0.9947832153947218,0.6316206322557889,-0.15656394845380892,0.6916927370783156,-0.28987516777489364,0.3954274619302401,0.15131019320334854,-0.02971755329491777,0.4740676438703747,0.6777111955852229,0.01668097848573237,-0.09003701735497147,0.8914433134505406,-1.0020014701638233
-0.21937840725502325,-0.13025733366853165,-0.19565945682157176,0.1544694907671149,0.10066326921360583,-0.06428598369239845,-0.09602996304103438,-0.3188133508506176,-0.2857376322877587,-0.15762872331160485,-0.14670810177844057,0.11786738386179603,-0.06548550214833386,0.13871596788683233,-0.14530466567494288,0.5526586789044797,-0.1418719730299784,0.07377164192992883,-0.1963398957365529,0.3157050583416348,-0.03853242965992794,0.3789519939044917,-0.11877780416838084,-0.5247144352950127,-0.2839252496064491,0.00990346641912465,-0.28809441741456226,-0.11738681245423012,-0.2953668027166036,0.14804961683252155,-0.0019669003548575172,-0.06548437584745449,-0.2502260666225035,-0.008366527786343083,0.36727819658573985,0.5255303577181494,-0.37988525278542773,0.4201245562717605,0.12022580757336804,0.01668097848573237,0.30154022240898676,-0.3869430030291703,0.3739645997108663,-0.6133008745328526
0.7119091150156646,0.04760237372296592,0.33699413607233414,0.016397876856196415,-0.004870718663914918,0.35795844476048677,0.15926064881237254,0.6862503463593442,0.4688733254551245,0.2583799974003045,0.8692450852882464,0.08881720642951026,-0.12491603055427108,0.157594737461157,0.5164010242267528,-0.7778156977547306,-0.02717618107601463,-0.3692028327192466,0.5836463453188282,-0.8768556521336254,-0.014655359602358017,-0.6165752046720033,0.24965197935713823,0.7902895716826446,0.34406365459358046,0.16655229629970583,0.4543593715137204,-0.0340783906748253,0.5440098971894218,-0.10424709513082304,0.25643323906219767,0.2998590300508461,0.4605330340846579,0.3643433712632958,-0.7861638360155782,-0.631074506283348,0.35350122600725287,-0.6514498846644718,-0.053561472774542825,-0.09003701735497147,-0.3869430030291703,1.0392790814082757,-0.7823518606841203,0.7983840004023858
-0.848339816168943,1.4395664820644045,-1.3759408459913307,-0.41253570586855287,0.4418586355914768,0.2673709257065609,-0.8834311471669136,-0.5902700138103099,-0.9292594815412716,-0.5573975851202734,0.10329176319116432,-0.9238374637258278,0.06352214996052959,-0.2945048064229954,-1.2876446318320236,1.3928650332493024,0.8178910191474417,0.5373562054489044,-2.2765844880155366,-0.1914581146943955,-0.03197851352914783,1.6878015345939985,-0.5981958480746901,-0.9186332280038564,-0.08202894624270322,-0.054682081492870155,-0.6288330987373288,-0.2622271035744084,-0.9796464419012595,0.38831187246710813,1.4919325937169212,0.49730271749842353,-0.7492492764161375,0.3969858928979946,0.09901386972924903,1.4781391738825052,-0.14897104412007423,0.5746893076740454,0.513589010728712,0.8914433134505406,0.3739645997108663,-0.7823518606841203,2.3027134759588463,-2.822466055374136
0.9908619367418342,-1.456604806410236,1.615055599247485,0.32608256914763595,-0.7564477791529137,-0.5303767019348463,1.1973240043163156,0.5289675485055856,1.1959105315312064,0.3120301570532289,-0.8391999966623592,1.7298874428717304,0.21517576836092986,0.1889231607706599,1.1032351018159297,-2.12318803921088,-0.7876277643172904,-1.1970117836029477,2.5661563403328,1.1448269108644629,0.22212680558224288,-1.5992843327040271,-0.05528732063598941,1.264944578110971,-0.020784674665146417,0.15770340483412643,0.565543691568604,0.903495793455995,0.8907963653806267,0.14877874393197535,-2.337076206810402,-0.6332464781253454,1.0318585357450087,-0.8450696868164814,0.5570261874502033,-2.2014268352275552,-0.03680401640398537,-0.8351748600833997,-0.8189033608964997,-1.0020014701638233,-0.6133008745328526,0.7983840004023858,-2.822466055374136,4.84637592765027
