V1,V2,V3,V4,V5,V6,V7,V8,V9,V10,V11,V12,V13,V14,V15,V16,V17,V18,V19,V20,V21,V22,V23,V24,V25,V26,V27,V28,V29,V30,V31,V32,V33,V34,V35,V36,V37,V38,V39,V40,V41,V42,V43,V44
0.37018023803304134,-0.5522653607599485,0.22349250647430377,0.033467115176976,-0.12838100099152744,-0.29379145385553374,0.8445159931960492,-0.3798654552002363,-0.35030131418775945,0.08472183454366852,0.08304046866059304,1.3518066665041757,0.8607612241782567,0.020328967568167457,0.3111437479024287,0.6373641919226395,0.60563263734932,0.2961777356255585,0.2178544671035135,1.5597365631071278,1.1330083837900866,0.8767783686897458,0.4561456425890572,-0.7565054016273635,-0.901008846538729,-0.7149691955473735,0.35583693577711817,-0.04896344541098516,0.7708777218071492,0.11040296080775992,0.5792675106232336,-0.11725324236433805,-0.6016238269727759,-0.252341293533524,-0.5013294976994911,-0.9039522446411602,-0.7888332344401707,-0.3099753392240282,0.49915004586802775,0.05409923392530556,0.28183178570162515,0.32851518638670973,0.03626376732765246,0.04008019404902301
-0.5522653607599485,1.4553720754140977,-0.8731187626188355,-0.43502555464973197,0.8079519023410343,0.19720557512366776,-1.3983536415703524,0.28373684276550576,0.2840447341738162,-0.8821531962244561,0.08882856877024876,-1.745279701174148,-1.1144019924557214,-0.41525463042347927,-0.4693393275943218,-0.054246557315509834,-0.8652975753313316,-0.5192352026531838,0.19994533362203065,-1.883199759306761,-2.0326109104465,-1.4803598439481245,-0.8001088651700589,0.9370379736074338,1.0532714082403851,0.2359863077807909,-0.4960753150716944,-0.578525799698293,-1.8097863978962028,-0.1472373811209898,-0.03456927505577173,-0.710223676974074,-0.049449737705955024,0.12217637430111386,1.4234230956310678,0.6055884881947777,0.8250662628314424,-0.5904851125930016,-0.9834284470398506,-0.2730332281530419,-1.1742021670356086,-0.5386454593621007,0.0353678250747725,-0.2671962676635695
0.22349250647430377,-0.8731187626188355,0.7046866528829364,0.3932531343089245,-0.6481795342313547,0.03782882628524706,0.7058486823426459,0.039701416233944097,-0.05220524493324447,0.7633711764022109,-0.144477406535788,0.6144827481171748,0.4324235606404346,0.328256966009311,0.19517880645273059,-0.45111600689613424,0.3359964819304703,0.21290703532228875,-0.3334560969586145,0.5296377604512564,1.095886045768355,0.7321335951048868,0.40418630211438483,-0.2472339654598645,-0.2878431238582307,0.3660125968012567,0.20899246210805142,0.5808449783513935,1.1004386699468724,0.05957944131566248,-0.40406609700049706,0.7857383497285314,0.543816883840999,0.05027522157569984,-0.9767217637300264,0.19464404773376195,-0.1742439846393617,0.819317247792286,0.5418355803612265,0.1668758920962718,0.8649641155327231,0.27311312954159245,-0.06721707577079675,0.20699089606302032
0.033467115176976,-0.43502555464973197,0.3932531343089245,0.27777907504668103,-0.3981061500115521,0.13046067369664757,0.19065735193329947,0.14385755398607736,0.10130598643205349,0.5035537273917559,-0.1391433192722441,-0.043292419896510476,-0.009890969777370317,0.2714812115567307,0.0385304611276744,-0.5470216097435098,0.01602660581115539,0.06403138361873678,-0.3124597726780051,-0.1757154786186921,0.34876647538374006,0.2243655014606905,0.11636943390220757,0.07232669417092155,0.11690016408271528,0.5051043294499328,0.029879539092002978,0.443153720400923,0.4988709630346186,0.01573648457182179,-0.4974875649460556,0.6011850332107807,0.5922618543033823,0.14138760303826248,-0.5173169673011605,0.45772238987082187,0.1722467553576723,0.6979687776159617,0.20012648232482755,0.1057659893347417,0.5280210231453105,0.09108409515970262,-0.06658909982309215,0.1388478025233304
-0.12838100099152744,0.8079519023410343,-0.6481795342313547,-0.3981061500115521,0.6707853177528409,-0.13555730694637128,-0.4581245000656874,-0.15704417064957277,-0.09224737335110034,-0.7965486819006875,0.1835552218145023,-0.22089920301174024,-0.1647061005257063,-0.3584116379556644,-0.11101351571138608,0.677512207800083,-0.1806044894809264,-0.15719479091772404,0.4446514372345144,-0.09993967945514955,-0.792793903279096,-0.48575461013328897,-0.2942278980366147,0.05680609984057084,0.02808942546224844,-0.5930570789862205,-0.10078824963200825,-0.6351455454729626,-0.9469040830293293,-0.022705733708391494,0.618154345562488,-0.8581807614548992,-0.7477190694219592,-0.1536862339714967,0.8648534490599111,-0.4423322027336433,-0.05857835263866032,-0.9466012546079189,-0.42209720364160375,-0.19252330635752887,-0.8501412715897315,-0.16727389968515785,0.08037709388399832,-0.2160127391256442
-0.29379145385553374,0.19720557512366776,0.03782882628524706,0.13046067369664757,-0.13555730694637128,0.33036346092475166,-0.6149984171733784,0.41281533567818934,0.3701707603208874,0.23273796103032682,-0.15299565493688175,-1.181264047652183,-0.7476810179799311,0.14423101815421507,-0.2428578303745869,-0.8687711827564605,-0.5034900750725612,-0.208643886255621,-0.37875285057711405,-1.4291667710648384,-0.7614137742374372,-0.6230190885121298,-0.31759602041358387,0.6823635745254115,0.8384553415555003,0.9052919234614499,-0.29057464163491,0.3043940676577967,-0.3530418906903027,-0.08765893114816771,-0.7922319942533592,0.4549479187688133,0.8645570219783739,0.30582461653883247,0.12260533595410918,1.0308258521482052,0.7717452341294695,0.6744534677965465,-0.30498288723279127,0.024288545543222507,0.07716265965110895,-0.23391457653351025,-0.06868482504371227,0.04940436072396007
0.8445159931960492,-1.3983536415703524,0.7058486823426459,0.19065735193329947,-0.4581245000656874,-0.6149984171733784,2.023813359024466,-0.7885204055454623,-0.788430017672138,0.3910046229111306,0.14277156010618172,3.0588388234045096,1.9713493865680836,0.11109622898774626,0.7155030835148818,1.2290800685729484,1.384708276077366,0.6769595778215517,0.3795910390158269,3.4690718516795083,2.7419491344412057,2.078714698652501,1.0863937546176556,-1.6613904645040396,-2.005191304803809,-1.4075502441101564,0.8161556573167831,0.05596859937623451,1.951878595276405,0.24761345247676966,1.120412098008542,-0.02119988421662833,-1.117961055088498,-0.5456437704307243,-1.3569684525959638,-1.8539886459025912,-1.7315565282795924,-0.415911157375153,1.2227314947082661,0.15170524793774287,0.8336855496226587,0.7803981169875329,0.06489072872289102,0.13887608864815645
-0.3798654552002363,0.28373684276550576,0.039701416233944097,0.14385755398607736,-0.15704417064957277,0.41281533567818934,-0.7885204055454623,0.5295874147820324,0.45679538387233876,0.2653798203872103,-0.1787435748396484,-1.5028101118432393,-0.9481506496802499,0.14218075695542284,-0.31593262877387085,-1.0699833402498797,-0.639327709805413,-0.27708258740262565,-0.4632632182915441,-1.805238525702207,-0.9845515930510524,-0.8148230164780339,-0.40867771999169217,0.8750687872218696,1.0575176947749794,1.1228255196534285,-0.38149267674315385,0.35200571945833065,-0.47768960685284817,-0.12335381291347226,-0.9753837605731872,0.5389962164611585,1.068862367085142,0.36765922040619975,0.1869145023833229,1.2833644174959327,0.9659308878074048,0.8146428329064507,-0.39667375816225137,0.022417526684778873,0.0557503121074962,-0.3109549212806922,-0.07627529052509088,0.05134854592081664
-0.35030131418775945,0.2840447341738162,-0.05220524493324447,0.10130598643205349,-0.09224737335110034,0.3701707603208874,-0.788430017672138,0.45679538387233876,0.4493871186700467,0.19283626842268806,-0.16387604721678306,-1.4076231385472113,-0.9077973137381106,0.14971458641472132,-0.29465329956271524,-0.937118527089027,-0.6000172019028484,-0.24240894948778613,-0.40653166940497837,-1.6637404968328062,-0.9925669348717102,-0.7844955105680882,-0.4004834713385119,0.7792197198512099,0.9790250993881905,0.9782864623342791,-0.35342184625648165,0.28708111164575906,-0.5086528571702488,-0.10631928131122818,-0.8596641501771637,0.4267892127610427,0.9122723612633976,0.35711141657996254,0.2515112388455897,1.127316410788255,0.8931644509280475,0.6695724593381762,-0.40272817752806495,0.026883630739992143,0.0107098033567334,-0.299345515523152,-0.07411052960638463,0.04122077980180392
0.08472183454366852,-0.8821531962244561,0.7633711764022109,0.5035537273917559,-0.7965486819006875,0.23273796103032682,0.3910046229111306,0.2653798203872103,0.19283626842268806,0.9989370436975749,-0.2681839201419361,-0.015162696665858141,0.03149653541276454,0.47880624113154774,0.07301188445879114,-1.0125203570099515,0.08296374864979579,0.12414475134724032,-0.6053936368076679,-0.2542828935862358,0.7645381818945525,0.4442419022042851,0.26745374557178453,0.10086791950619127,0.17943193258053713,0.9296714189076475,0.07608061429838285,0.829441085869985,1.01750385742525,0.027212773192928072,-0.9112565935989014,1.1325686995440851,1.0908126528045943,0.26881131565702393,-0.9862590857028926,0.8027403401471997,0.2567323196490852,1.2799964422045855,0.41388413271299,0.2103233917454587,1.0246004021745159,0.16301556981190496,-0.13325804610122635,0.2660117289588147
0.08304046866059304,0.08882856877024876,-0.144477406535788,-0.1391433192722441,0.1835552218145023,-0.15299565493688175,0.14277156010618172,-0.1787435748396484,-0.16387604721678306,-0.2681839201419361,0.11188032213178321,0.4050272662070185,0.24263597571655707,-0.1480712604324425,0.07044577682688656,0.48802897547102103,0.15892279124368136,0.05416525727900192,0.2395890595220238,0.5496499365016868,0.11108272166297696,0.12418450043163566,0.05820665225232811,-0.25108375804180827,-0.3257180014820232,-0.48733881799550594,0.07064489330673134,-0.262089709801628,-0.06236975217211878,0.013956303754215622,0.4360681655253092,-0.36892527483188536,-0.49362418710030237,-0.1642303693410378,0.13321751986643052,-0.5118416833950516,-0.3121664505878314,-0.4626401982172218,0.03355599425853683,-0.03967727347551509,-0.22059431209588365,0.042160601667125965,0.06044431591929176,-0.06692566802402618
1.3518066665041757,-1.745279701174148,0.6144827481171748,-0.043292419896510476,-0.22089920301174024,-1.181264047652183,3.0588388234045096,-1.5028101118432393,-1.4076231385472113,-0.015162696665858141,0.4050272662070185,5.082826164432678,3.2439682139584423,-0.12976712725429565,1.134109998312141,2.7291220063260253,2.248289502894327,1.0417728585452042,1.0282375435009994,5.925776267909275,4.034426281485284,3.133643202702328,1.6300924662728742,-2.845360936572437,-3.4412502064544443,-2.97877023937339,1.3140424996543045,-0.4706012680763101,2.5537586888116577,0.4016312747272197,2.4866840090474214,-0.8147880930116899,-2.6158631045674925,-1.0568013945289672,-1.5525608998662819,-3.6450529940296543,-3.0583544023860934,-1.594663652603529,1.7390506653987616,0.11526974735808185,0.6985462744201543,1.1742679661943043,0.18226212899961816,0.05292524784363939
0.8607612241782567,-1.1144019924557214,0.4324235606404346,-0.009890969777370317,-0.1647061005257063,-0.7476810179799311,1.9713493865680836,-0.9481506496802499,-0.9077973137381106,0.03149653541276454,0.24263597571655707,3.2439682139584423,2.094118006716465,-0.09035848056336356,0.7189806539444333,1.696916141380335,1.4341756367734326,0.6404118734971123,0.6399882816649155,3.743527690535315,2.6350925377968153,2.0135778807452054,1.0562815744794094,-1.7898657053401021,-2.1790292433863083,-1.8489051632154032,0.8556943052903428,-0.2703664619256755,1.6622142463361862,0.2642369131559872,1.561781402200785,-0.4694370362716695,-1.621781957054801,-0.6678502581908478,-1.0217203884068422,-2.269305680638583,-1.9477350654271375,-0.975827786573073,1.1195642101968506,0.05812470126874412,0.4748522561391652,0.759193392827849,0.10039439574271015,0.03749117060608108
0.020328967568167457,-0.41525463042347927,0.328256966009311,0.2714812115567307,-0.3584116379556644,0.14423101815421507,0.11109622898774626,0.14218075695542284,0.14971458641472132,0.47880624113154774,-0.1480712604324425,-0.12976712725429565,-0.09035848056336356,0.3302009655934195,0.030065208611173542,-0.5690967835162711,-0.031147631197725213,0.07788859416131867,-0.3200205780324749,-0.26212922514734044,0.21777423980028968,0.18204418392420804,0.06892241119780382,0.08641319662770752,0.17226081202878132,0.5213670195236446,0.009890370813339685,0.4453216754526963,0.424683445075056,0.02018425046897268,-0.5282641233888561,0.5893424837782987,0.605158998952194,0.17966833165635276,-0.47056787109730724,0.49522525637896536,0.2352860823030532,0.7069218941589618,0.1550883669062049,0.11391510598145284,0.513689919375309,0.08232000322282679,-0.07361931659848976,0.14229814008887795
0.3111437479024287,-0.4693393275943218,0.19517880645273059,0.0385304611276744,-0.11101351571138608,-0.2428578303745869,0.7155030835148818,-0.31593262877387085,-0.29465329956271524,0.07301188445879114,0.07044577682688656,1.134109998312141,0.7189806539444333,0.030065208611173542,0.26631124859422933,0.5252781802845007,0.5040736673730012,0.2543361498257812,0.18023828778267995,1.3079845239402776,0.9471862267664324,0.7440678405293284,0.38021532482937587,-0.6344425348372431,-0.7547664935457079,-0.5927971846207505,0.2963186554786974,-0.029944564868978715,0.6530107759718142,0.09329772348392702,0.4739571996275707,-0.08490277767377916,-0.4900420194938789,-0.21155800178617445,-0.4385686774040579,-0.747199539621145,-0.6522454649217646,-0.23816522887021593,0.422325335722078,0.04759559401617929,0.24576168630811893,0.28169405030390265,0.03330995335501747,0.03625879659521132
0.6373641919226395,-0.054246557315509834,-0.45111600689613424,-0.5470216097435098,0.677512207800083,-0.8687711827564605,1.2290800685729484,-1.0699833402498797,-0.937118527089027,-1.0125203570099515,0.48802897547102103,2.7291220063260253,1.696916141380335,-0.5690967835162711,0.5252781802845007,2.492376696842168,1.1294719023071107,0.4334630977219432,1.1554786871120988,3.436953266974757,1.384265703960865,1.21034094780302,0.6066526140994466,-1.6293115044180877,-2.0259875977463957,-2.5428307534297563,0.620109955953816,-1.1038248374459199,0.3396717480087684,0.17937876218020452,2.2582148377346387,-1.5985769346107002,-2.5192800856171593,-0.8355186223106955,0.18842458258227773,-2.787468907041801,-1.90808052107438,-2.1722872770806823,0.5127987998585833,-0.1404153425190729,-0.6671498882129997,0.4470670845775528,0.2335150593940178,-0.24060275496973307
0.60563263734932,-0.8652975753313316,0.3359964819304703,0.01602660581115539,-0.1806044894809264,-0.5034900750725612,1.384708276077366,-0.639327709805413,-0.6000172019028484,0.08296374864979579,0.15892279124368136,2.248289502894327,1.4341756367734326,-0.031147631197725213,0.5040736673730012,1.1294719023071107,1.0153296332984063,0.4768128428325051,0.39677154944244547,2.6212243017657726,1.854085190618509,1.4130890541576566,0.7511766115317489,-1.258806165996798,-1.5173637664506447,-1.249471114371316,0.5806031276598491,-0.14693877820314064,1.2265712752648434,0.17063921102660698,1.0260092631897797,-0.2779183879061439,-1.080019529346225,-0.4484203201255978,-0.7597453801898627,-1.574335832393153,-1.343141986045654,-0.6142609726266246,0.8111871562404231,0.08346529018075546,0.39610897833754527,0.5190345020005281,0.07505257795868488,0.04733672036175422
0.2961777356255585,-0.5192352026531838,0.21290703532228875,0.06403138361873678,-0.15719479091772404,-0.208643886255621,0.6769595778215517,-0.27708258740262565,-0.24240894948778613,0.12414475134724032,0.05416525727900192,1.0417728585452042,0.6404118734971123,0.07788859416131867,0.2543361498257812,0.4334630977219432,0.4768128428325051,0.27144448316499226,0.12293232251678249,1.2218168049976224,0.8856017556315029,0.7127755457992101,0.3610009266455515,-0.6018037240886545,-0.6976776391242212,-0.5094378198525666,0.2624625830215787,0.018304183234759266,0.6663909258973164,0.07829047944277866,0.3753966151206607,-0.0249963628234051,-0.4003194751087568,-0.1773420887454748,-0.4614590364790754,-0.673991157068526,-0.5831512039361494,-0.14373114829144393,0.4201844510999483,0.08320504895220363,0.29510697015013587,0.26219359483956167,0.03365500355735589,0.05598365506565735
0.2178544671035135,0.19994533362203065,-0.3334560969586145,-0.3124597726780051,0.4446514372345144,-0.37875285057711405,0.3795910390158269,-0.4632632182915441,-0.40653166940497837,-0.6053936368076679,0.2395890595220238,1.0282375435009994,0.6399882816649155,-0.3200205780324749,0.18023828778267995,1.1554786871120988,0.39677154944244547,0.12293232251678249,0.576740987477115,1.3253662989526123,0.3568189961149994,0.36232764409984575,0.16453556283355764,-0.6211073777156249,-0.7924922654606384,-1.1491831126035805,0.22555394943853943,-0.5956477168404706,-0.10924102764620039,0.06944606619357586,1.0520024254550056,-0.8429819088456586,-1.1794415088142889,-0.37455606030357463,0.286664677408687,-1.1987314713670612,-0.7685348744090319,-1.0919930866088283,0.09509398404895046,-0.11560594551262436,-0.48306806705879657,0.1419898861369047,0.11066436379602136,-0.15267888295998125
1.5597365631071278,-1.883199759306761,0.5296377604512564,-0.1757154786186921,-0.09993967945514955,-1.4291667710648384,3.4690718516795083,-1.805238525702207,-1.6637404968328062,-0.2542828935862358,0.5496499365016868,5.925776267909275,3.743527690535315,-0.26212922514734044,1.3079845239402776,3.436953266974757,2.6212243017657726,1.2218168049976224,1.3253662989526123,7.028580360075551,4.489700962588621,3.5364919133448747,1.8399494913470158,-3.371718071360197,-4.0795984395303675,-3.7235713826249492,1.4815923029827156,-0.7547617872854359,2.7561967516283055,0.43585814670058337,3.1064724699101247,-1.2433375523166206,-3.3290267226839823,-1.3044201436965024,-1.5741035337007545,-4.504120788321456,-3.63177063683497,-2.171626324797068,1.9452632588046417,0.12917338922462554,0.5799064876098288,1.3064758335732796,0.26806915266495196,0.007257446940898508
1.1330083837900866,-2.0326109104465,1.095886045768355,0.34876647538374006,-0.792793903279096,-0.7614137742374372,2.7419491344412057,-0.9845515930510524,-0.9925669348717102,0.7645381818945525,0.11108272166297696,4.034426281485284,2.6350925377968153,0.21777423980028968,0.9471862267664324,1.384265703960865,1.854085190618509,0.8856017556315029,0.3568189961149994,4.489700962588621,3.8502590977899493,2.8201196385818665,1.516208394959895,-2.1578338688591914,-2.5893583029638543,-1.6353158669792338,1.1187351149795202,0.25978979007030706,2.8180657853001274,0.3455394234871085,1.2885148088192335,0.23152878713802055,-1.235021004573065,-0.6403324529025267,-1.9861114707378962,-2.2613547790202446,-2.2499963293401266,-0.29827523970092823,1.6994254043296346,0.2285842560224361,1.3319115698875172,1.0547298128977045,0.03309594500318996,0.23721898976697448
0.8767783686897458,-1.4803598439481245,0.7321335951048868,0.2243655014606905,-0.48575461013328897,-0.6230190885121298,2.078714698652501,-0.8148230164780339,-0.7844955105680882,0.4442419022042851,0.12418450043163566,3.133643202702328,2.0135778807452054,0.18204418392420804,0.7440678405293284,1.21034094780302,1.4130890541576566,0.7127755457992101,0.36232764409984575,3.5364919133448747,2.8201196385818665,2.1721079063104196,1.1169967145339716,-1.7143822462368368,-2.0414995961057336,-1.4025710102140883,0.8502061507733605,0.10800508094373669,2.034841575123562,0.26798701008814724,1.1041046043262615,0.03404271298740954,-1.098425440500176,-0.5289156351214965,-1.4350943405844743,-1.8517562125433813,-1.7480835488188025,-0.35983436500724114,1.2622202901106372,0.16446933050636017,0.9146918336553459,0.8248523576726752,0.04801681135900864,0.16101075466366663
0.4561456425890572,-0.8001088651700589,0.40418630211438483,0.11636943390220757,-0.2942278980366147,-0.31759602041358387,1.0863937546176556,-0.40867771999169217,-0.4004834713385119,0.26745374557178453,0.05820665225232811,1.6300924662728742,1.0562815744794094,0.06892241119780382,0.38021532482937587,0.6066526140994466,0.7511766115317489,0.3610009266455515,0.16453556283355764,1.8399494913470158,1.516208394959895,1.1169967145339716,0.6036754213554348,-0.8862966491463857,-1.0596090887950735,-0.7098039198000053,0.44226844251449704,0.06770847625693267,1.1009225770966287,0.13294563691078096,0.5592447159199715,0.03782605870702225,-0.5532831080767614,-0.2694078909921226,-0.7566809179449897,-0.9663650414842594,-0.9225110529651646,-0.18189161431571163,0.671594033405961,0.09447522724228773,0.49783751875310656,0.4127200547941925,0.022917601896467472,0.08708482268335992
-0.7565054016273635,0.9370379736074338,-0.2472339654598645,0.07232669417092155,0.05680609984057084,0.6823635745254115,-1.6613904645040396,0.8750687872218696,0.7792197198512099,0.10086791950619127,-0.25108375804180827,-2.845360936572437,-1.7898657053401021,0.08641319662770752,-0.6344425348372431,-1.6293115044180877,-1.258806165996798,-0.6018037240886545,-0.6211073777156249,-3.371718071360197,-2.1578338688591914,-1.7143822462368368,-0.8862966491463857,1.6340890351602109,1.9536567902636481,1.7756972470800414,-0.7197199493858921,0.33784157915226587,-1.3426060564019482,-0.2186077473423358,-1.470953361889395,0.5746401272189671,1.5841765993829742,0.6045336413472103,0.7716869477075285,2.15280745058046,1.7328400622320723,1.0191964679036833,-0.9380031093571729,-0.07283292672800944,-0.31146623435289833,-0.6361833899572603,-0.11899472248643665,-0.013717191248501428
-0.901008846538729,1.0532714082403851,-0.2878431238582307,0.11690016408271528,0.02808942546224844,0.8384553415555003,-2.005191304803809,1.0575176947749794,0.9790250993881905,0.17943193258053713,-0.3257180014820232,-3.4412502064544443,-2.1790292433863083,0.17226081202878132,-0.7547664935457079,-2.0259875977463957,-1.5173637664506447,-0.6976776391242212,-0.7924922654606384,-4.0795984395303675,-2.5893583029638543,-2.0414995961057336,-1.0596090887950735,1.9536567902636481,2.371897353928369,2.185042502056944,-0.8626660334615219,0.46532680297858187,-1.5632139387992459,-0.2547078622702201,-1.8348954713933114,0.7557126428649759,1.9659167292411963,0.7684685320061206,0.8810436533424082,2.629935493022181,2.1169977545222634,1.3009523163769334,-1.1145037720165174,-0.06099980313154139,-0.3008078851232427,-0.7566619340468781,-0.15630127660803608,0.005844491396884094
-0.7149691955473735,0.2359863077807909,0.3660125968012567,0.5051043294499328,-0.5930570789862205,0.9052919234614499,-1.4075502441101564,1.1228255196534285,0.9782864623342791,0.9296714189076475,-0.48733881799550594,-2.97877023937339,-1.8489051632154032,0.5213670195236446,-0.5927971846207505,-2.5428307534297563,-1.249471114371316,-0.5094378198525666,-1.1491831126035805,-3.7235713826249492,-1.6353158669792338,-1.4025710102140883,-0.7098039198000053,1.7756972470800414,2.185042502056944,2.621973816906836,-0.6848843853035445,1.0521911846538758,-0.5592764300937318,-0.19913503999080429,-2.29899591310697,1.5453062746579942,2.55913439322334,0.8598679630263563,-0.024143502029562676,2.9160509174916727,2.0340526903315017,2.1414914932284805,-0.6358191483406638,0.10448170241732767,0.5374700054047079,-0.5160559430437555,-0.2359193398027669,0.211831395166221
0.35583693577711817,-0.4960753150716944,0.20899246210805142,0.029879539092002978,-0.10078824963200825,-0.29057464163491,0.8161556573167831,-0.38149267674315385,-0.35342184625648165,0.07608061429838285,0.07064489330673134,1.3140424996543045,0.8556943052903428,0.009890370813339685,0.2963186554786974,0.620109955953816,0.5806031276598491,0.2624625830215787,0.22555394943853943,1.4815923029827156,1.1187351149795202,0.8502061507733605,0.44226844251449704,-0.7197199493858921,-0.8626660334615219,-0.6848843853035445,0.36840430064437324,-0.05178971812183276,0.7278120520094887,0.12366617908309888,0.5783973718884744,-0.11418883344246708,-0.5916608512172009,-0.24020467473666887,-0.4685990310879058,-0.8547204772865348,-0.7691790573878229,-0.3184372463862327,0.4710957441875241,0.027206392836733474,0.26059883102064324,0.3278871413581654,0.0188702152271927,0.031986812214517775
-0.04896344541098516,-0.578525799698293,0.5808449783513935,0.443153720400923,-0.6351455454729626,0.3043940676577967,0.05596859937623451,0.35200571945833065,0.28708111164575906,0.829441085869985,-0.262089709801628,-0.4706012680763101,-0.2703664619256755,0.4453216754526963,-0.029944564868978715,-1.1038248374459199,-0.14693877820314064,0.018304183234759266,-0.5956477168404706,-0.7547617872854359,0.25978979007030706,0.10800508094373669,0.06770847625693267,0.33784157915226587,0.46532680297858187,1.0521911846538758,-0.05178971812183276,0.7552505739262071,0.6170250075236543,-0.004575551611345792,-0.9991078409967946,1.0386336497181345,1.1652007640133284,0.32469197625790147,-0.7080334665724024,1.0227575356820076,0.5113043292921784,1.244328016334535,0.18631990760325487,0.16207148387612602,0.8054238327824381,0.04827972941798705,-0.1286011466174503,0.2210351220811797
0.7708777218071492,-1.8097863978962028,1.1004386699468724,0.4988709630346186,-0.9469040830293293,-0.3530418906903027,1.951878595276405,-0.47768960685284817,-0.5086528571702488,1.01750385742525,-0.06236975217211878,2.5537586888116577,1.6622142463361862,0.424683445075056,0.6530107759718142,0.3396717480087684,1.2265712752648434,0.6663909258973164,-0.10924102764620039,2.7561967516283055,2.8180657853001274,2.034841575123562,1.1009225770966287,-1.3426060564019482,-1.5632139387992459,-0.5592764300937318,0.7278120520094887,0.6170250075236543,2.350999074851684,0.22108956571920443,0.31208204928011263,0.7514649627351393,-0.19816681375313758,-0.2632770296313792,-1.810637602032805,-1.0371145622173916,-1.2808708294368791,0.5163173855120765,1.3128076065496086,0.2895394983319631,1.411196510798897,0.7526659631622317,-0.03137391181699599,0.3021836197273339
0.11040296080775992,-0.1472373811209898,0.05957944131566248,0.01573648457182179,-0.022705733708391494,-0.08765893114816771,0.24761345247676966,-0.12335381291347226,-0.10631928131122818,0.027212773192928072,0.013956303754215622,0.4016312747272197,0.2642369131559872,0.02018425046897268,0.09329772348392702,0.17937876218020452,0.17063921102660698,0.07829047944277866,0.06944606619357586,0.43585814670058337,0.3455394234871085,0.26798701008814724,0.13294563691078096,-0.2186077473423358,-0.2547078622702201,-0.19913503999080429,0.12366617908309888,-0.004575551611345792,0.22108956571920443,0.04912412838533722,0.17134973646479285,-0.021596043188856565,-0.17152629831309144,-0.06244780588031106,-0.14920648668140038,-0.24210248600307635,-0.22761554472746437,-0.08648955897274174,0.13990193347644733,0.001139189739726175,0.08818519617963319,0.11023562807989788,-0.0030318541597964435,0.01085758241034601
0.5792675106232336,-0.03456927505577173,-0.40406609700049706,-0.4974875649460556,0.618154345562488,-0.7922319942533592,1.120412098008542,-0.9753837605731872,-0.8596641501771637,-0.9112565935989014,0.4360681655253092,2.4866840090474214,1.561781402200785,-0.5282641233888561,0.4739571996275707,2.2582148377346387,1.0260092631897797,0.3753966151206607,1.0520024254550056,3.1064724699101247,1.2885148088192335,1.1041046043262615,0.5592447159199715,-1.470953361889395,-1.8348954713933114,-2.29899591310697,0.5783973718884744,-0.9991078409967946,0.31208204928011263,0.17134973646479285,2.058590764633732,-1.4427486641945126,-2.2840539411401326,-0.7561122317148261,0.17197157987387032,-2.514706234952663,-1.740490540529604,-1.9775290350819494,0.46357824616300225,-0.14400488623764415,-0.6050640030529948,0.41194622898993405,0.20042470943726803,-0.2212438349341499
-0.11725324236433805,-0.710223676974074,0.7857383497285314,0.6011850332107807,-0.8581807614548992,0.4549479187688133,-0.02119988421662833,0.5389962164611585,0.4267892127610427,1.1325686995440851,-0.36892527483188536,-0.8147880930116899,-0.4694370362716695,0.5893424837782987,-0.08490277767377916,-1.5985769346107002,-0.2779183879061439,-0.0249963628234051,-0.8429819088456586,-1.2433375523166206,0.23152878713802055,0.03404271298740954,0.03782605870702225,0.5746401272189671,0.7557126428649759,1.5453062746579942,-0.11418883344246708,1.0386336497181345,0.7514649627351393,-0.021596043188856565,-1.4427486641945126,1.446532748127431,1.6850713932371728,0.47150019234290896,-0.9117672462964718,1.531761542586527,0.795240046099328,1.7502571400728297,0.19521449265065663,0.20547726614850886,1.0629702779157366,0.023727381273286215,-0.18137620513894315,0.29437388594584163
-0.6016238269727759,-0.049449737705955024,0.543816883840999,0.5922618543033823,-0.7477190694219592,0.8645570219783739,-1.117961055088498,1.068862367085142,0.9122723612633976,1.0908126528045943,-0.49362418710030237,-2.6158631045674925,-1.621781957054801,0.605158998952194,-0.4900420194938789,-2.5192800856171593,-1.080019529346225,-0.4003194751087568,-1.1794415088142889,-3.3290267226839823,-1.235021004573065,-1.098425440500176,-0.5532831080767614,1.5841765993829742,1.9659167292411963,2.55913439322334,-0.5916608512172009,1.1652007640133284,-0.19816681375313758,-0.17152629831309144,-2.2840539411401326,1.6850713932371728,2.571071923829165,0.8263876160704956,-0.3245161894814055,2.7900484621405903,1.867288472288167,2.2646435948558152,-0.4370090807342936,0.153740026060641,0.7638755979839048,-0.40178872907079993,-0.23362257180244506,0.2618931721030257
-0.252341293533524,0.12217637430111386,0.05027522157569984,0.14138760303826248,-0.1536862339714967,0.30582461653883247,-0.5456437704307243,0.36765922040619975,0.35711141657996254,0.26881131565702393,-0.1642303693410378,-1.0568013945289672,-0.6678502581908478,0.17966833165635276,-0.21155800178617445,-0.8355186223106955,-0.4484203201255978,-0.1773420887454748,-0.37455606030357463,-1.3044201436965024,-0.6403324529025267,-0.5289156351214965,-0.2694078909921226,0.6045336413472103,0.7684685320061206,0.8598679630263563,-0.24020467473666887,0.32469197625790147,-0.2632770296313792,-0.06244780588031106,-0.7561122317148261,0.47150019234290896,0.8263876160704956,0.3113676798218842,0.0665314957155315,0.9688971243996709,0.7059466365426308,0.6639411729275573,-0.2585391878828246,0.0306048667775285,0.13561806875895263,-0.1939658043533618,-0.08354179256855636,0.06160178440860305
-0.5013294976994911,1.4234230956310678,-0.9767217637300264,-0.5173169673011605,0.8648534490599111,0.12260533595410918,-1.3569684525959638,0.1869145023833229,0.2515112388455897,-0.9862590857028926,0.13321751986643052,-1.5525608998662819,-1.0217203884068422,-0.47056787109730724,-0.4385686774040579,0.18842458258227773,-0.7597453801898627,-0.4614590364790754,0.286664677408687,-1.5741035337007545,-1.9861114707378962,-1.4350943405844743,-0.7566809179449897,0.7716869477075285,0.8810436533424082,-0.024143502029562676,-0.4685990310879058,-0.7080334665724024,-1.810637602032805,-0.14920648668140038,0.17197157987387032,-0.9117672462964718,-0.3245161894814055,0.0665314957155315,1.5163725104577301,0.2883869428233352,0.657964123404532,-0.8500506491371629,-0.9577000112562951,-0.24686090713782302,-1.252925320725546,-0.5442592518752738,0.06321919132701855,-0.2863224460004852
-0.9039522446411602,0.6055884881947777,0.19464404773376195,0.45772238987082187,-0.4423322027336433,1.0308258521482052,-1.8539886459025912,1.2833644174959327,1.127316410788255,0.8027403401471997,-0.5118416833950516,-3.6450529940296543,-2.269305680638583,0.49522525637896536,-0.747199539621145,-2.787468907041801,-1.574335832393153,-0.673991157068526,-1.1987314713670612,-4.504120788321456,-2.2613547790202446,-1.8517562125433813,-0.9663650414842594,2.15280745058046,2.629935493022181,2.9160509174916727,-0.8547204772865348,1.0227575356820076,-1.0371145622173916,-0.24210248600307635,-2.514706234952663,1.531761542586527,2.7900484621405903,0.9688971243996709,0.2883869428233352,3.3431185265307954,2.418942370142175,2.2160650093659364,-0.9256109252819996,0.038365580781736186,0.3167203701612832,-0.6687886042851524,-0.25387447213599107,0.16952273428996079
-0.7888332344401707,0.8250662628314424,-0.1742439846393617,0.1722467553576723,-0.05857835263866032,0.7717452341294695,-1.7315565282795924,0.9659308878074048,0.8931644509280475,0.2567323196490852,-0.3121664505878314,-3.0583544023860934,-1.9477350654271375,0.2352860823030532,-0.6522454649217646,-1.90808052107438,-1.343141986045654,-0.5831512039361494,-0.7685348744090319,-3.63177063683497,-2.2499963293401266,-1.7480835488188025,-0.9225110529651646,1.7328400622320723,2.1169977545222634,2.0340526903315017,-0.7691790573878229,0.5113043292921784,-1.2808708294368791,-0.22761554472746437,-1.740490540529604,0.795240046099328,1.867288472288167,0.7059466365426308,0.657964123404532,2.418942370142175,1.9246402212603382,1.3177716247468485,-0.9412001658220899,-0.017432683603463457,-0.14780434019219146,-0.6455352789113069,-0.1430994780184988,0.040150870689623884
-0.3099753392240282,-0.5904851125930016,0.819317247792286,0.6979687776159617,-0.9466012546079189,0.6744534677965465,-0.415911157375153,0.8146428329064507,0.6695724593381762,1.2799964422045855,-0.4626401982172218,-1.594663652603529,-0.975827786573073,0.7069218941589618,-0.23816522887021593,-2.1722872770806823,-0.6142609726266246,-0.14373114829144393,-1.0919930866088283,-2.171626324797068,-0.29827523970092823,-0.35983436500724114,-0.18189161431571163,1.0191964679036833,1.3009523163769334,2.1414914932284805,-0.3184372463862327,1.244328016334535,0.5163173855120765,-0.08648955897274174,-1.9775290350819494,1.7502571400728297,2.2646435948558152,0.6639411729275573,-0.8500506491371629,2.2160650093659364,1.3177716247468485,2.22265061514553,-1.9264607809876577e-4,0.23148770637065982,1.1190139873534093,-0.12229043430096653,-0.21676831225674564,0.33193356337497604
0.49915004586802775,-0.9834284470398506,0.5418355803612265,0.20012648232482755,-0.42209720364160375,-0.30498288723279127,1.2227314947082661,-0.39667375816225137,-0.40272817752806495,0.41388413271299,0.03355599425853683,1.7390506653987616,1.1195642101968506,0.1550883669062049,0.422325335722078,0.5127987998585833,0.8111871562404231,0.4201844510999483,0.09509398404895046,1.9452632588046417,1.6994254043296346,1.2622202901106372,0.671594033405961,-0.9380031093571729,-1.1145037720165174,-0.6358191483406638,0.4710957441875241,0.18631990760325487,1.3128076065496086,0.13990193347644733,0.46357824616300225,0.19521449265065663,-0.4370090807342936,-0.2585391878828246,-0.9577000112562951,-0.9256109252819996,-0.9412001658220899,-1.9264607809876577e-4,0.7793948194610103,0.13981604026307473,0.6726741224722651,0.46684834413445675,0.017715800859805123,0.13190722170987657
0.05409923392530556,-0.2730332281530419,0.1668758920962718,0.1057659893347417,-0.19252330635752887,0.024288545543222507,0.15170524793774287,0.022417526684778873,0.026883630739992143,0.2103233917454587,-0.03967727347551509,0.11526974735808185,0.05812470126874412,0.11391510598145284,0.04759559401617929,-0.1404153425190729,0.08346529018075546,0.08320504895220363,-0.11560594551262436,0.12917338922462554,0.2285842560224361,0.16446933050636017,0.09447522724228773,-0.07283292672800944,-0.06099980313154139,0.10448170241732767,0.027206392836733474,0.16207148387612602,0.2895394983319631,0.001139189739726175,-0.14400488623764415,0.20547726614850886,0.153740026060641,0.0306048667775285,-0.24686090713782302,0.038365580781736186,-0.017432683603463457,0.23148770637065982,0.13981604026307473,0.08191587498356975,0.2446953077592904,0.04923289812985367,-0.007898498254393345,0.06548101674160935
0.28183178570162515,-1.1742021670356086,0.8649641155327231,0.5280210231453105,-0.8501412715897315,0.07716265965110895,0.8336855496226587,0.0557503121074962,0.0107098033567334,1.0246004021745159,-0.22059431209588365,0.6985462744201543,0.4748522561391652,0.513689919375309,0.24576168630811893,-0.6671498882129997,0.39610897833754527,0.29510697015013587,-0.48306806705879657,0.5799064876098288,1.3319115698875172,0.9146918336553459,0.49783751875310656,-0.31146623435289833,-0.3008078851232427,0.5374700054047079,0.26059883102064324,0.8054238327824381,1.411196510798897,0.08818519617963319,-0.6050640030529948,1.0629702779157366,0.7638755979839048,0.13561806875895263,-1.252925320725546,0.3167203701612832,-0.14780434019219146,1.1190139873534093,0.6726741224722651,0.2446953077592904,1.1720173241665104,0.3437119216461423,-0.10909876463226442,0.2888861287763203
0.32851518638670973,-0.5386454593621007,0.27311312954159245,0.09108409515970262,-0.16727389968515785,-0.23391457653351025,0.7803981169875329,-0.3109549212806922,-0.299345515523152,0.16301556981190496,0.042160601667125965,1.1742679661943043,0.759193392827849,0.08232000322282679,0.28169405030390265,0.4470670845775528,0.5190345020005281,0.26219359483956167,0.1419898861369047,1.3064758335732796,1.0547298128977045,0.8248523576726752,0.4127200547941925,-0.6361833899572603,-0.7566619340468781,-0.5160559430437555,0.3278871413581654,0.04827972941798705,0.7526659631622317,0.11023562807989788,0.41194622898993405,0.023727381273286215,-0.40178872907079993,-0.1939658043533618,-0.5442592518752738,-0.6687886042851524,-0.6455352789113069,-0.12229043430096653,0.46684834413445675,0.04923289812985367,0.3437119216461423,0.3224563987135977,0.010984112786021495,0.05971156523213482
0.03626376732765246,0.0353678250747725,-0.06721707577079675,-0.06658909982309215,0.08037709388399832,-0.06868482504371227,0.06489072872289102,-0.07627529052509088,-0.07411052960638463,-0.13325804610122635,0.06044431591929176,0.18226212899961816,0.10039439574271015,-0.07361931659848976,0.03330995335501747,0.2335150593940178,0.07505257795868488,0.03365500355735589,0.11066436379602136,0.26806915266495196,0.03309594500318996,0.04801681135900864,0.022917601896467472,-0.11899472248643665,-0.15630127660803608,-0.2359193398027669,0.0188702152271927,-0.1286011466174503,-0.03137391181699599,-0.0030318541597964435,0.20042470943726803,-0.18137620513894315,-0.23362257180244506,-0.08354179256855636,0.06321919132701855,-0.25387447213599107,-0.1430994780184988,-0.21676831225674564,0.017715800859805123,-0.007898498254393345,-0.10909876463226442,0.010984112786021495,0.03973099803386492,-0.031433836584662096
0.04008019404902301,-0.2671962676635695,0.20699089606302032,0.1388478025233304,-0.2160127391256442,0.04940436072396007,0.13887608864815645,0.05134854592081664,0.04122077980180392,0.2660117289588147,-0.06692566802402618,0.05292524784363939,0.03749117060608108,0.14229814008887795,0.03625879659521132,-0.24060275496973307,0.04733672036175422,0.05598365506565735,-0.15267888295998125,0.007257446940898508,0.23721898976697448,0.16101075466366663,0.08708482268335992,-0.013717191248501428,0.005844491396884094,0.211831395166221,0.031986812214517775,0.2210351220811797,0.3021836197273339,0.01085758241034601,-0.2212438349341499,0.29437388594584163,0.2618931721030257,0.06160178440860305,-0.2863224460004852,0.16952273428996079,0.040150870689623884,0.33193356337497604,0.13190722170987657,0.06548101674160935,0.2888861287763203,0.05971156523213482,-0.031433836584662096,0.07560974832537765
