V1,V2,V3,V4,V5,V6,V7,V8,V9,V10,V11,V12,V13,V14,V15,V16,V17,V18,V19,V20,V21,V22,V23,V24,V25,V26,V27,V28,V29,V30,V31,V32,V33,V34,V35,V36,V37,V38,V39,V40,V41,V42,V43,V44
12.286969963149664,6.995964879044032,17.6474820393368,14.788574158263144,2.1050778201406355,16.552252813114357,9.665339944419621,-4.744322326683845,10.550954676529809,-2.643132896287379,12.333677818704768,4.870708983418465,4.238195441072657,25.56826553171547,-4.133999393505754,-9.71781881257078,-7.749027647652262,4.917054990022664,0.7793338548180216,3.320015746306027,11.826757509752724,-4.252515781248618,8.16170909233418,-20.578842613114777,1.406695241778189,-13.120904045975783,1.5819036057494968,-12.26519675000876,-22.95768455827884,15.557901712326053,0.4906540640755613,9.67142701512683,-15.20749681513411,-9.823201269110811,-16.67086757241542,17.02403797491207,9.211111944592128,-5.007113408387309,1.0361436720610049,1.0452012745867554,-0.19621120091979452,-4.778521558441902,-15.393657545434184,-7.397715247647837
6.995964879044032,4.783885148393691,11.107666148156373,9.580730109187868,0.5783850214619422,9.69142358695214,5.990201327891076,-3.357875097032046,6.711806135816031,-1.9945163602327085,7.6235385537304685,3.5923803122775055,3.0531795122423486,16.167480554287177,-2.1933032990913097,-5.894000911219831,-4.986296380639699,3.2374065114055646,0.37932647141952697,2.52148079751132,7.493936197346006,-2.48202283601688,5.0046010347741525,-12.668076822307821,0.9628117979517489,-8.373294469604867,1.1709755597543867,-7.476120458963466,-14.846890812897723,9.725037175034513,0.10806354071038134,6.852528331661136,-9.182018936240292,-5.643724769769681,-10.450999729062863,10.874990626966884,5.730857466242314,-3.2969296980570046,0.5453846194250308,1.5514887978626368,-0.03468831203746573,-3.0233639333366633,-9.113002785984612,-4.5020762467495885
17.6474820393368,11.107666148156373,27.846722508392894,23.411500345456723,2.187395687953183,25.2276851807564,14.6397501066539,-7.512385739705132,16.803585926969646,-4.405103690069671,19.05276706821094,7.9395469668608305,5.974741364564271,39.90358356464061,-6.097332883655871,-14.965996367126834,-12.889997781931914,8.470193555458508,1.8474628624512326,5.354704128656314,18.567713401009048,-5.79495256666147,12.042061375917822,-31.731848690792546,2.143446499251083,-20.704019521909004,2.2803593830460356,-17.90918536765323,-36.18353320872468,24.3531987525755,0.1253137321740855,15.117973165866333,-22.771160775734383,-14.755335019126413,-25.6834742662556,25.938537806743117,13.993678599166373,-7.66323847785041,1.1914931826451973,3.2402274641092883,0.11620824610013665,-7.601511949402355,-23.31741311501485,-11.708395527692172
14.788574158263144,9.580730109187868,23.411500345456723,19.946989325913776,1.5673582384966365,20.849487600936868,12.46709647964867,-6.622563827983768,14.109721677840296,-3.931528790223619,16.035353495254302,7.017957744525154,5.6120272796337485,33.748452209341806,-4.869500882632082,-12.508838862935965,-10.789353962686432,7.002552743526766,1.3329950611659032,4.800255419484064,15.657050193992005,-5.055810571044239,10.248489565776314,-26.674580177933667,1.8754138422789548,-17.447016136642976,2.1492119296600896,-15.279705842325527,-30.752899002592503,20.47253933103649,0.1702858212778025,13.375757964259817,-19.160290398633105,-12.16045754138758,-21.74884074380418,22.2608642329759,11.879231778976003,-6.655362989006408,1.0855012072332706,2.9389685934469796,0.04049287465123396,-6.419424369125534,-19.478210717056186,-9.67855073278595
2.1050778201406355,0.5783850214619422,2.187395687953183,1.5673582384966365,0.8972851237450971,2.682729759589462,1.2336987355080493,-0.29681174190234016,1.2558457400251972,-0.028926166442538228,1.613520183046094,0.16039768359013276,0.14648921522136357,3.0903511540470143,-0.8994927055068306,-1.3943459648470935,-0.8467580120636814,0.519386579357257,0.15979901581868097,0.06820006851875152,1.445226443695038,-0.6255314546885122,1.1266180596122104,-2.7889755103598928,0.12687165683719054,-1.5486727779483156,0.03555646571256402,-1.7248060689467835,-2.5119936282311546,1.9862366538216043,0.19372930010652492,0.5522917193451877,-2.2280470574529483,-1.7140455925240596,-2.0840722517355883,1.929494331300043,1.1936240507083244,-0.4843726559660043,0.17464158268958463,-0.5742640190640378,-0.09883858616115833,-0.5736123846819723,-2.3422969390479293,-1.0791621096977126
16.552252813114357,9.69142358695214,25.2276851807564,20.849487600936868,2.682729759589462,23.69696831113113,13.2568188866391,-6.3639368184197,15.194211491630677,-3.62808120534719,17.304775224630667,6.516301979547305,4.843343629271879,35.96080185495847,-6.07127937718255,-13.82979775027606,-11.57119082052877,7.6618141312036885,1.8529460719448803,4.410460354094004,16.780323566144002,-5.298227263413456,10.871153864886178,-29.019228204778162,1.8297311809241066,-18.697544064825294,1.7573893486572534,-16.245193537434833,-32.36004476608758,22.191121088291197,0.23785006306489373,12.642907843204782,-20.98031216204896,-13.994264973636001,-23.24333967276959,23.11370498427501,12.749380337320947,-6.70045986656939,1.1325195257401173,2.085068719956464,0.0614264026415404,-6.9483857915010825,-21.677534973745136,-10.816845365031421
9.665339944419621,5.990201327891076,14.6397501066539,12.46709647964867,1.2336987355080493,13.2568188866391,7.978940911620513,-4.142024735210918,8.799581440293638,-2.429227013713774,10.117045883436615,4.296738078573002,3.762162108584074,21.22493942283621,-3.162487550314981,-7.923404530478888,-6.557522330424487,4.214294246423307,0.696265730520025,2.997156161288923,9.80366461811596,-3.425337070493379,6.560149932549269,-16.88390066614759,1.178703327011475,-10.903960882754586,1.4045732466737864,-9.88481096435259,-19.276009078866508,12.889337069169567,0.2836983064696446,8.372311406222614,-12.30136005338192,-7.7684788774862215,-13.771230045076154,14.173295124788147,7.594096759473484,-4.218870623465417,0.8144790589462034,1.4133835640194887,-0.058997987177239,-4.050411290709387,-12.452104831178191,-6.035321235520652
-4.744322326683845,-3.357875097032046,-7.512385739705132,-6.622563827983768,-0.29681174190234016,-6.3639368184197,-4.142024735210918,2.483037428395575,-4.5112816392299715,1.4568350728532067,-5.149357298833691,-2.6136763981596576,-2.386526183635422,-11.050140388178901,1.3596902827448474,3.9451397108286232,3.3475476668862036,-2.118174251505066,-0.12595980553823555,-1.8702822884390482,-5.102395005752761,1.7823736314978762,-3.4815251305676034,8.58759969454526,-0.7147314833004266,5.648238298677151,-0.946806518893314,5.233608398730168,10.20965798987635,-6.563119304366136,-0.10549297945316588,-5.02627664051369,6.245415631720627,3.7241790677435116,7.147214808599805,-7.6207588458053515,-3.9408372372996565,2.360750105214886,-0.39396124257669174,-1.1542741098308087,0.06210741813944513,2.0688068512996023,6.092923981508726,2.979053460072395
10.550954676529809,6.711806135816031,16.803585926969646,14.109721677840296,1.2558457400251972,15.194211491630677,8.799581440293638,-4.5112816392299715,10.182012684464649,-2.6718064686856855,11.480831610900957,4.787515848214873,3.567137133633331,24.074267410800857,-3.6760994316703433,-9.00996955162893,-7.783733129504787,5.168904835455821,1.1637435414848467,3.2353286678609403,11.19135546251308,-3.4506110578700904,7.1843831547627355,-19.118023612324976,1.2773952615486126,-12.50310672673073,1.3591806345587307,-10.702502260454986,-21.840663306283144,14.71204061322148,0.039830721191728646,9.071362796648152,-13.689532899896802,-8.84800737058933,-15.472375858189979,15.58913907471676,8.411576466216347,-4.598563639666364,0.6948553445456698,2.018959597998527,0.12468162334202605,-4.59758662153001,-14.032414743918174,-7.077824971148972
-2.643132896287379,-1.9945163602327085,-4.405103690069671,-3.931528790223619,-0.028926166442538228,-3.62808120534719,-2.429227013713774,1.4568350728532067,-2.6718064686856855,0.9222945781373528,-3.004860172328665,-1.5640233479121508,-1.4577180384798516,-6.476955900571805,0.7282741638953979,2.2832226765589394,2.000829965476717,-1.283183886133969,-0.12950781720133842,-1.1336737086546875,-2.970785482830653,1.0387957428612138,-1.9419104383194952,4.9844656355627786,-0.3938147674334456,3.3218801742339186,-0.5555503516879238,2.9398932830521813,6.037582307035943,-3.862115579308855,-0.04445442592423497,-2.960079749719731,3.5654572872427512,2.0640738030901415,4.177771660590181,-4.4607194778469195,-2.296515380879863,1.3838635486921673,-0.2440073571895513,-0.7775521558549515,-0.008267611481404008,1.2464357832291215,3.531110685285737,1.7087666137277004
12.333677818704768,7.6235385537304685,19.05276706821094,16.035353495254302,1.613520183046094,17.304775224630667,10.117045883436615,-5.149357298833691,11.480831610900957,-3.004860172328665,13.150466375328913,5.513070982576229,4.251433844127442,27.419950349707886,-4.147926969517904,-10.254688332700436,-8.710893045682829,5.650266094262027,1.123871398284974,3.665385311956575,12.717782176614973,-4.117355336728153,8.436419115152598,-21.78726777530861,1.4884456771356502,-14.187645942675601,1.6346937764784177,-12.52583808122679,-24.79359821109253,16.66352920969137,0.19087903711968554,10.529760678619391,-15.74419270802696,-10.111101660645806,-17.689822964991492,17.95779301577503,9.629433418130315,-5.305980059440484,0.8907623876062303,2.0478218513870114,0.006842462375581814,-5.118491261406857,-16.047943360286983,-7.971626945441244
4.870708983418465,3.5923803122775055,7.9395469668608305,7.017957744525154,0.16039768359013276,6.516301979547305,4.296738078573002,-2.6136763981596576,4.787515848214873,-1.5640233479121508,5.513070982576229,3.0046685986967225,2.4468881198089294,11.709258491095241,-1.2524708451789692,-4.059285385225269,-3.5923256303769873,2.2308097037074943,0.09579929217644075,1.9780444110747197,5.390314099734055,-1.7790620823126202,3.7776316743687115,-8.926932962256554,0.7722784373506117,-6.017968409880003,1.0316904658066173,-5.5121088929689295,-10.785131092029465,6.836443417446491,0.04809606498137132,5.571775618505775,-6.445567570618336,-3.731455618533973,-7.51651230101323,8.04066536383703,4.029845488724599,-2.503248309503095,0.36334721603909426,1.4995499465220867,-0.05674396692750733,-2.0024991073538048,-6.23560430072713,-3.110175405812262
4.238195441072657,3.0531795122423486,5.974741364564271,5.6120272796337485,0.14648921522136357,4.843343629271879,3.762162108584074,-2.386526183635422,3.567137133633331,-1.4577180384798516,4.251433844127442,2.4468881198089294,3.1123518298780852,9.246481624107629,-0.8838427272322092,-3.1688239830702347,-2.2847362456393507,1.297647580701465,-0.42193703384661496,1.9364292236656389,4.1424254194378385,-2.037232544245335,3.126846307365403,-7.091738393821286,0.6706522474836324,-4.591093400074047,1.1539093471545596,-4.909189504935357,-8.690668843078244,5.353495400863399,0.4137150236908891,4.958268951412921,-5.434184049776622,-2.801238828194042,-6.157410070293149,7.058732152899931,3.5342224036795815,-2.25411778495653,0.6283508853264286,0.6495448764967371,-0.22958623718298826,-1.7333890345860765,-5.028578626902731,-2.0967921919122974
25.56826553171547,16.167480554287177,39.90358356464061,33.748452209341806,3.0903511540470143,35.96080185495847,21.22493942283621,-11.050140388178901,24.074267410800857,-6.476955900571805,27.419950349707886,11.709258491095241,9.246481624107629,57.50452688081605,-8.571679054956826,-21.41862419443635,-18.24528149734901,11.900688986036391,2.2911392754727267,7.9425116498572805,26.670992343525374,-8.6269279111943309,17.555389416464056,-45.60373548080104,3.1655678903006343,-29.724642686962742,3.5518068755666046,-26.176693674442813,-52.184163700277765,34.939715056455974,0.348056337046568,22.38032302179132,-32.9021798634498,-21.010687921499162,-37.07887301730686,37.778609520721744,20.23420488956031,-11.219806151109669,1.844193815414188,4.581130618178538,0.06158182342375623,-10.857562064159932,-33.435718417772705,-16.636395330015137
-4.133999393505754,-2.1933032990913097,-6.097332883655871,-4.869500882632082,-0.8994927055068306,-6.07127937718255,-3.162487550314981,1.3596902827448474,-3.6760994316703433,0.7282741638953979,-4.147926969517904,-1.2524708451789692,-0.8838427272322092,-8.571679054956826,1.7262266435091438,3.453685281239166,2.7682707178479613,-1.9104265419756106,-0.5662624080047507,-0.8956924391238772,-4.036698358056089,1.2410857586046449,-2.5262693797400533,7.108778926081644,-0.3909611959533646,4.488559540985001,-0.2709821475778632,3.8369332670389213,7.6427884582579875,-5.4289788895052675,-0.06594298959764375,-2.5416159149286863,5.175597624339072,3.6457501903746046,5.566981016210688,-5.347776551335753,-3.100589510766036,1.4924137811314906,-0.26224648147820434,-0.20732960193831163,-0.031920781292053044,1.7495625813147682,5.432492902026133,2.7270826947430815
-9.71781881257078,-5.894000911219831,-14.965996367126834,-12.508838862935965,-1.3943459648470935,-13.82979775027606,-7.923404530478888,3.9451397108286232,-9.00996955162893,2.2832226765589394,-10.254688332700436,-4.059285385225269,-3.1688239830702347,-21.41862419443635,3.453685281239166,8.156870584455511,6.853747826257493,-4.508632039691864,-0.9884858042950918,-2.793920482569238,-9.98027298050083,3.2004189130955014,-6.488263654026367,17.18353383401272,-1.125260868180051,11.12607782836317,-1.1553665644147124,9.707006285702107,19.379767762473666,-13.156033788256265,-0.14800318536394746,-7.861878798057089,12.415216085986996,8.145048231905543,13.851293397021761,-13.922154992299975,-7.614284403293888,4.079403919741528,-0.70326189588108,-1.41901914448083,-0.0148853343854876,4.141944713731968,12.748372359691839,6.326822459853081
-7.749027647652262,-4.986296380639699,-12.889997781931914,-10.789353962686432,-0.8467580120636814,-11.57119082052877,-6.557522330424487,3.3475476668862036,-7.783733129504787,2.000829965476717,-8.710893045682829,-3.5923256303769873,-2.2847362456393507,-18.24528149734901,2.7682707178479613,6.853747826257493,6.260234228678388,-4.144570748708883,-1.1728961455365527,-2.332155330780689,-8.534572106544104,2.3758542593003247,-5.309795673975939,14.475588666147159,-0.934371947989258,9.517630717235104,-0.9003514536028201,7.792969216133174,16.546864994723002,-11.18260279843005,0.13210703392786,-6.658600633302273,10.146776371295054,6.735949671962339,11.63072083371731,-11.557551643770807,-6.257324417369147,3.4041648819532018,-0.40640201881766885,-1.827985944386834,-0.1743598765368813,3.5185332617071152,10.610283643061306,5.48585030527003
4.917054990022664,3.2374065114055646,8.470193555458508,7.002552743526766,0.519386579357257,7.6618141312036885,4.214294246423307,-2.118174251505066,5.168904835455821,-1.283183886133969,5.650266094262027,2.2308097037074943,1.297647580701465,11.900688986036391,-1.9104265419756106,-4.508632039691864,-4.144570748708883,2.8672089605549256,0.9101593678036367,1.4805411613255897,5.582765557028492,-1.4264751880229016,3.2953823685459183,-9.478457469329374,0.5740462619062543,-6.243780299417115,0.4961827071823828,-4.873006068478198,-10.80555318636669,7.390340046343553,-0.16830509344552685,4.091142747312784,-6.584592369642748,-4.439019025605623,-7.5489463284270695,7.3589038853165025,4.057209780048085,-2.132835079191751,0.20154115102027595,1.2580748980364453,0.21005846655337793,-2.370306412999829,-6.941930286481684,-3.6778245302229715
0.7793338548180216,0.37932647141952697,1.8474628624512326,1.3329950611659032,0.15979901581868097,1.8529460719448803,0.696265730520025,-0.12595980553823555,1.1637435414848467,-0.12950781720133842,1.123871398284974,0.09579929217644075,-0.42193703384661496,2.2911392754727267,-0.5662624080047507,-0.9884858042950918,-1.1728961455365527,0.9101593678036367,0.701747658267312,-0.01337554236102495,1.0990369331138634,-0.02166920862148382,0.2983523097313752,-1.9388410957076587,-0.010380553618674215,-1.2290856747922625,-0.16991527762595707,-0.43054002048121626,-1.9822756715485292,1.603119716297262,-0.19544704763285276,0.03460129511367276,-1.1127270544767858,-1.0322544323707978,-1.3447412967088728,0.9466448350299799,0.6591320222280077,-0.19314855190717425,-0.08398930966541755,0.2887850098098091,0.2363885748411266,-0.5925798739043311,-1.5523866711928263,-0.9638665972366974
3.320015746306027,2.52148079751132,5.354704128656314,4.800255419484064,0.06820006851875152,4.410460354094004,2.997156161288923,-1.8702822884390482,3.2353286678609403,-1.1336737086546875,3.665385311956575,1.9780444110747197,1.9364292236656389,7.9425116498572805,-0.8956924391238772,-2.793920482569238,-2.332155330780689,1.4805411613255897,-0.01337554236102495,1.4814250705979966,3.6623016354955906,-1.322813469283005,2.4957009087166364,-6.113118729391849,0.5298790287083841,-4.093039588725036,0.7388808869520386,-3.7843173418655427,-7.435316565061602,4.69406864298877,0.08812430779857752,3.812827406839062,-4.465161741713904,-2.5587911429754,-5.163706183148208,5.592987512091494,2.872000567889614,-1.7595429049529088,0.31777111580347506,0.9100257481974566,-0.059778213130871345,-1.499850583364671,-4.286448923509065,-2.051132820660138
11.826757509752724,7.493936197346006,18.567713401009048,15.657050193992005,1.445226443695038,16.780323566144002,9.80366461811596,-5.102395005752761,11.19135546251308,-2.970785482830653,12.717782176614973,5.390314099734055,4.1424254194378385,26.670992343525374,-4.036698358056089,-9.98027298050083,-8.534572106544104,5.582765557028492,1.0990369331138634,3.6623016354955906,12.419680254909034,-3.9173168027112624,8.135717985996292,-21.18719333865103,1.4685901405530868,-13.845861102030751,1.5826666701334167,-12.095981830062646,-24.22235561752192,16.235308815563663,0.11175523927491278,10.293966379930882,-15.259346913777987,-9.841689593413832,-17.19453286846,17.44785949101362,9.387817850929801,-5.1801796767737205,0.81371913233637,2.173800714882266,0.02356873333306551,-5.052234811373864,-15.524086096068828,-7.770324255139029
-4.252515781248618,-2.48202283601688,-5.79495256666147,-5.055810571044239,-0.6255314546885122,-5.298227263413456,-3.425337070493379,1.7823736314978762,-3.4506110578700904,1.0387957428612138,-4.117355336728153,-1.7790620823126202,-2.037232544245335,-8.6269279111943309,1.2410857586046449,3.2004189130955014,2.3758542593003247,-1.4264751880229016,-0.02166920862148382,-1.322813469283005,-3.9173168027112624,1.7299974828224622,-2.8287631685505112,6.888853047806577,-0.5098939046544501,4.3324177150579555,-0.7348695744303365,4.380232476612299,7.836034947651395,-5.179821541777419,-0.33106507600017643,-3.6580113675159205,5.208194227203375,3.1243294306628497,5.707536534169322,-6.104805521003151,-3.2275613453843772,1.8436938150671351,-0.5050974543846177,-0.21379179337989082,0.14264334185609673,1.6444272322445435,5.153259483885888,2.285938837761206
8.16170909233418,5.0046010347741525,12.042061375917822,10.248489565776314,1.1266180596122104,10.871153864886178,6.560149932549269,-3.4815251305676034,7.1843831547627355,-1.9419104383194952,8.436419115152598,3.7776316743687115,3.126846307365403,17.555389416464056,-2.5262693797400533,-6.488263654026367,-5.309795673975939,3.2953823685459183,0.2983523097313752,2.4957009087166364,8.135717985996292,-2.8287631685505112,5.777114900187855,-13.887039612357377,1.0622814047923386,-9.04283151771419,1.2438981999233012,-8.518769545874918,-15.866963893234297,10.489795873865805,0.2624447439187122,7.310419440524103,-10.244564877254403,-6.428441209959588,-11.406070195960217,11.848152547862309,6.236010178125758,-3.5596956784943052,0.6520136779080103,1.2018315101804546,-0.1932819381507756,-3.1034357193275413,-10.148883224415687,-4.938446343143386
-20.578842613114777,-12.668076822307821,-31.731848690792546,-26.674580177933667,-2.7889755103598928,-29.019228204778162,-16.88390066614759,8.58759969454526,-19.118023612324976,4.9844656355627786,-21.78726777530861,-8.926932962256554,-7.091738393821286,-45.60373548080104,7.108778926081644,17.18353383401272,14.475588666147159,-9.478457469329374,-1.9388410957076587,-6.113118729391849,-21.18719333865103,6.888853047806577,-13.887039612357377,36.40903342587555,-2.4569883432523434,23.590599614051758,-2.6613613559538876,20.782466870193698,41.29930482826507,-27.862989732302307,-0.3358915690688538,-17.2235713054825,26.32675967458696,17.040806330599256,29.46186347449316,-29.83836522475054,-16.152365144681987,8.800521300568379,-1.498467163034739,-3.2150194468246145,-0.030566484288971754,8.726818801167843,26.878562795632433,13.33366721654712
1.406695241778189,0.9628117979517489,2.143446499251083,1.8754138422789548,0.12687165683719054,1.8297311809241066,1.178703327011475,-0.7147314833004266,1.2773952615486126,-0.3938147674334456,1.4884456771356502,0.7722784373506117,0.6706522474836324,3.1655678903006343,-0.3909611959533646,-1.125260868180051,-0.934371947989258,0.5740462619062543,-0.010380553618674215,0.5298790287083841,1.4685901405530868,-0.5098939046544501,1.0622814047923386,-2.4569883432523434,0.22104260973174122,-1.6204942006084821,0.28174508300009127,-1.5687854033647743,-2.902632516373543,1.8526396545149773,0.035434415320333076,1.48751059615717,-1.81561042394214,-1.0877634909335197,-2.0507326576887603,2.19904180321466,1.1226767313401596,-0.6853786698006206,0.10625103575344802,0.31577785085919857,-0.04321637245565845,-0.5510839809404756,-1.73191401995687,-0.8543175109706614
-13.120904045975783,-8.373294469604867,-20.704019521909004,-17.447016136642976,-1.5486727779483156,-18.697544064825294,-10.903960882754586,5.648238298677151,-12.50310672673073,3.3218801742339186,-14.187645942675601,-6.017968409880003,-4.591093400074047,-29.724642686962742,4.488559540985001,11.12607782836317,9.517630717235104,-6.243780299417115,-1.2290856747922625,-4.093039588725036,-13.845861102030751,4.3324177150579555,-9.04283151771419,23.590599614051758,-1.6204942006084821,15.493717616194923,-1.7297920669613587,13.424418756550185,27.02114177208567,-18.104356170777766,-0.10730161440610042,-11.456596156376703,16.978704860468117,10.935041340895875,19.16894061071089,-19.420129347912862,-10.45937867789948,5.7615490743292135,-0.9132852832461446,-2.4647141755882767,-0.03379898733996308,5.617656377685429,17.287246259656055,8.644845593592722
1.5819036057494968,1.1709755597543867,2.2803593830460356,2.1492119296600896,0.03555646571256402,1.7573893486572534,1.4045732466737864,-0.946806518893314,1.3591806345587307,-0.5555503516879238,1.6346937764784177,1.0316904658066173,1.1539093471545596,3.5518068755666046,-0.2709821475778632,-1.1553665644147124,-0.9003514536028201,0.4961827071823828,-0.16991527762595707,0.7388808869520386,1.5826666701334167,-0.7348695744303365,1.2438981999233012,-2.6613613559538876,0.28174508300009127,-1.7297920669613587,0.48306475403242455,-1.8994122602030672,-3.3012257850587803,1.9924682490497603,0.12474484208977876,2.0179601150025714,-2.023944724218395,-1.008774367725031,-2.3230087972784763,2.696793515200189,1.2856469934124422,-0.8745865618426115,0.19441282122616982,0.36106444036133906,-0.07692931205327884,-0.5964957648203685,-1.829052836554976,-0.8107854127986519
-12.26519675000876,-7.476120458963466,-17.90918536765323,-15.279705842325527,-1.7248060689467835,-16.245193537434833,-9.88481096435259,5.233608398730168,-10.702502260454986,2.9398932830521813,-12.52583808122679,-5.5121088929689295,-4.909189504935357,-26.176693674442813,3.8369332670389213,9.707006285702107,7.792969216133174,-4.873006068478198,-0.43054002048121626,-3.7843173418655427,-12.095981830062646,4.380232476612299,-8.518769545874918,20.782466870193698,-1.5687854033647743,13.424418756550185,-1.8994122602030672,12.741103466134604,23.703836975543098,-15.706589005354022,-0.47781144806883136,-10.821757014685243,15.387976418226678,9.613899984196284,17.058057185941156,-17.775707780098525,-9.40850523684023,5.3403949717072985,-1.053273442422568,-1.5693640553425225,0.27381996973713335,4.767549319484975,15.255663062824942,7.329447807346509
-22.95768455827884,-14.846890812897723,-36.18353320872468,-30.752899002592503,-2.5119936282311546,-32.36004476608758,-19.276009078866508,10.20965798987635,-21.840663306283144,6.037582307035943,-24.79359821109253,-10.785131092029465,-8.690668843078244,-52.184163700277765,7.6427884582579875,19.379767762473666,16.546864994723002,-10.80555318636669,-1.9822756715485292,-7.435316565061602,-24.22235561752192,7.836034947651395,-15.866963893234297,41.29930482826507,-2.902632516373543,27.02114177208567,-3.3012257850587803,23.703836975543098,47.553566638002714,-31.69356159796543,-0.2868519470138249,-20.613733130123773,29.756265504669468,18.892728111326466,33.66664308985817,-34.42641761869696,-18.41904782364343,10.276294290965383,-1.686460639922812,-4.408396268514358,-0.050861930538804556,9.927980279654498,30.167630401366885,14.986624304967103
15.557901712326053,9.725037175034513,24.3531987525755,20.47253933103649,1.9862366538216043,22.191121088291197,12.889337069169567,-6.563119304366136,14.71204061322148,-3.862115579308855,16.66352920969137,6.836443417446491,5.353495400863399,34.939715056455974,-5.4289788895052675,-13.156033788256265,-11.18260279843005,7.390340046343553,1.603119716297262,4.69406864298877,16.235308815563663,-5.179821541777419,10.489795873865805,-27.862989732302307,1.8526396545149773,-18.104356170777766,1.9924682490497603,-15.706589005354022,-31.69356159796543,21.39927827195436,0.18311296933041313,13.110391461036643,-20.05419380991474,-12.98011439017814,-22.534371397327543,22.752059316605827,12.337914467930394,-6.697490480221623,1.1076138987299362,2.6353344070427607,0.10343962756037293,-6.738397328367693,-20.539876937014256,-10.24321587279893
0.4906540640755613,0.10806354071038134,0.1253137321740855,0.1702858212778025,0.19372930010652492,0.23785006306489373,0.2836983064696446,-0.10549297945316588,0.039830721191728646,-0.04445442592423497,0.19087903711968554,0.04809606498137132,0.4137150236908891,0.348056337046568,-0.06594298959764375,-0.14800318536394746,0.13210703392786,-0.16830509344552685,-0.19544704763285276,0.08812430779857752,0.11175523927491278,-0.33106507600017643,0.2624447439187122,-0.3358915690688538,0.035434415320333076,-0.10730161440610042,0.12474484208977876,-0.47781144806883136,-0.2868519470138249,0.18311296933041313,0.19510292376993346,0.26326285259445825,-0.4178671828055549,-0.1683330634824079,-0.32624531514553035,0.4853391114819844,0.2506761374515574,-0.14872855565468082,0.16271124536397327,-0.3444743080065063,-0.11280223330744962,-0.056090876168284606,-0.3374687310554327,0.013893722963843438
9.67142701512683,6.852528331661136,15.117973165866333,13.375757964259817,0.5522917193451877,12.642907843204782,8.372311406222614,-5.02627664051369,9.071362796648152,-2.960079749719731,10.529760678619391,5.571775618505775,4.958268951412921,22.38032302179132,-2.5416159149286863,-7.861878798057089,-6.658600633302273,4.091142747312784,0.03460129511367276,3.812827406839062,10.293966379930882,-3.6580113675159205,7.310419440524103,-17.2235713054825,1.48751059615717,-11.456596156376703,2.0179601150025714,-10.821757014685243,-20.613733130123773,13.110391461036643,0.26326285259445825,10.595691952738605,-12.605944918364662,-7.331075898819147,-14.483553409493636,15.580973828858253,7.896896610535781,-4.8467286791503525,0.8341182231705396,2.4137613307448795,-0.21308889631277136,-3.927946723929601,-12.162250937223847,-5.8979535505270855
-15.20749681513411,-9.182018936240292,-22.771160775734383,-19.160290398633105,-2.2280470574529483,-20.98031216204896,-12.30136005338192,6.245415631720627,-13.689532899896802,3.5654572872427512,-15.74419270802696,-6.445567570618336,-5.434184049776622,-32.9021798634498,5.175597624339072,12.415216085986996,10.146776371295054,-6.584592369642748,-1.1127270544767858,-4.465161741713904,-15.259346913777987,5.208194227203375,-10.244564877254403,26.32675967458696,-1.81561042394214,16.978704860468117,-2.023944724218395,15.387976418226678,29.756265504669468,-20.05419380991474,-0.4178671828055549,-12.605944918364662,19.260880724020677,12.37751271628197,21.360302782193042,-21.77778527452533,-11.77695852197426,6.43099490058833,-1.202779376813717,-1.9595212037996983,0.11427966541120103,6.237746941483985,19.48292705462714,9.525518613486462
-9.823201269110811,-5.643724769769681,-14.755335019126413,-12.16045754138758,-1.7140455925240596,-13.994264973636001,-7.7684788774862215,3.7241790677435116,-8.84800737058933,2.0640738030901415,-10.111101660645806,-3.731455618533973,-2.801238828194042,-21.010687921499162,3.6457501903746046,8.145048231905543,6.735949671962339,-4.439019025605623,-1.0322544323707978,-2.5587911429754,-9.841689593413832,3.1243294306628497,-6.428441209959588,17.040806330599256,-1.0877634909335197,10.935041340895875,-1.008774367725031,9.613899984196284,18.892728111326466,-12.98011439017814,-0.1683330634824079,-7.331075898819147,12.37751271628197,8.348097848051916,13.61521206175237,-13.529655190988256,-7.50812011360119,3.9277396821904955,-0.6687504124029255,-1.0790335858874007,0.024448632149825476,4.0783525681600965,12.755906789736395,6.351507408769228
-16.67086757241542,-10.450999729062863,-25.6834742662556,-21.74884074380418,-2.0840722517355883,-23.24333967276959,-13.771230045076154,7.147214808599805,-15.472375858189979,4.177771660590181,-17.689822964991492,-7.51651230101323,-6.157410070293149,-37.07887301730686,5.566981016210688,13.851293397021761,11.63072083371731,-7.5489463284270695,-1.3447412967088728,-5.163706183148208,-17.19453286846,5.707536534169322,-11.406070195960217,29.46186347449316,-2.0507326576887603,19.16894061071089,-2.3230087972784763,17.058057185941156,33.66664308985817,-22.534371397327543,-0.32624531514553035,-14.483553409493636,21.360302782193042,13.61521206175237,23.98520790156337,-24.506864133462226,-13.150851310802736,7.283061409253714,-1.2770341936230651,-2.74100777951155,0.03921284890952148,7.017939397408676,21.65338025512977,10.66595849223574
17.02403797491207,10.874990626966884,25.938537806743117,22.2608642329759,1.929494331300043,23.11370498427501,14.173295124788147,-7.6207588458053515,15.58913907471676,-4.4607194778469195,17.95779301577503,8.04066536383703,7.058732152899931,37.778609520721744,-5.347776551335753,-13.922154992299975,-11.557551643770807,7.3589038853165025,0.9466448350299799,5.592987512091494,17.44785949101362,-6.104805521003151,11.848152547862309,-29.83836522475054,2.19904180321466,-19.420129347912862,2.696793515200189,-17.775707780098525,-34.42641761869696,22.752059316605827,0.4853391114819844,15.580973828858253,-21.77778527452533,-13.529655190988256,-24.506864133462226,25.477047187335703,13.483113854335778,-7.67089008992806,1.4319373149407721,2.8525299952636622,-0.17401406280931261,-7.069199881096743,-21.79634277862596,-10.568550385419366
9.211111944592128,5.730857466242314,13.993678599166373,11.879231778976003,1.1936240507083244,12.749380337320947,7.594096759473484,-3.9408372372996565,8.411576466216347,-2.296515380879863,9.629433418130315,4.029845488724599,3.5342224036795815,20.23420488956031,-3.100589510766036,-7.614284403293888,-6.257324417369147,4.057209780048085,0.6591320222280077,2.872000567889614,9.387817850929801,-3.2275613453843772,6.236010178125758,-16.152365144681987,1.1226767313401596,-10.45937867789948,1.2856469934124422,-9.40850523684023,-18.41904782364343,12.337914467930394,0.2506761374515574,7.896896610535781,-11.77695852197426,-7.50812011360119,-13.150851310802736,13.483113854335778,7.291117901901217,-4.008080303468225,0.7672259657032034,1.3290898620057754,-0.06942917069769518,-3.908044397235532,-11.91529062384032,-5.785311141279367
-5.007113408387309,-3.2969296980570046,-7.66323847785041,-6.655362989006408,-0.4843726559660043,-6.70045986656939,-4.218870623465417,2.360750105214886,-4.598563639666364,1.3838635486921673,-5.305980059440484,-2.503248309503095,-2.25411778495653,-11.219806151109669,1.4924137811314906,4.079403919741528,3.4041648819532018,-2.132835079191751,-0.19314855190717425,-1.7595429049529088,-5.1801796767737205,1.8436938150671351,-3.5596956784943052,8.800521300568379,-0.6853786698006206,5.7615490743292135,-0.8745865618426115,5.3403949717072985,10.276294290965383,-6.697490480221623,-0.14872855565468082,-4.8467286791503525,6.43099490058833,3.9277396821904955,7.283061409253714,-7.67089008992806,-4.008080303468225,2.3502080808573567,-0.4322201207722838,-0.9360887061075288,0.0777099240026339,2.083026439005722,6.3718742074063295,3.0709904287186736
1.0361436720610049,0.5453846194250308,1.1914931826451973,1.0855012072332706,0.17464158268958463,1.1325195257401173,0.8144790589462034,-0.39396124257669174,0.6948553445456698,-0.2440073571895513,0.8907623876062303,0.36334721603909426,0.6283508853264286,1.844193815414188,-0.26224648147820434,-0.70326189588108,-0.40640201881766885,0.20154115102027595,-0.08398930966541755,0.31777111580347506,0.81371913233637,-0.5050974543846177,0.6520136779080103,-1.498467163034739,0.10625103575344802,-0.9132852832461446,0.19441282122616982,-1.053273442422568,-1.686460639922812,1.1076138987299362,0.16271124536397327,0.8341182231705396,-1.202779376813717,-0.6687504124029255,-1.2770341936230651,1.4319373149407721,0.7672259657032034,-0.4322201207722838,0.19935743052437876,-0.1181617351033303,-0.08321059961998716,-0.3679720374282755,-1.1747157455375354,-0.4180581490100614
1.0452012745867554,1.5514887978626368,3.2402274641092883,2.9389685934469796,-0.5742640190640378,2.085068719956464,1.4133835640194887,-1.1542741098308087,2.018959597998527,-0.7775521558549515,2.0478218513870114,1.4995499465220867,0.6495448764967371,4.581130618178538,-0.20732960193831163,-1.41901914448083,-1.827985944386834,1.2580748980364453,0.2887850098098091,0.9100257481974566,2.173800714882266,-0.21379179337989082,1.2018315101804546,-3.2150194468246145,0.31577785085919857,-2.4647141755882767,0.36106444036133906,-1.5693640553425225,-4.408396268514358,2.6353344070427607,-0.3444743080065063,2.4137613307448795,-1.9595212037996983,-1.0790335858874007,-2.74100777951155,2.8525299952636622,1.3290898620057754,-0.9360887061075288,-0.1181617351033303,1.5855015456598618,0.1737488672947907,-0.7777776308705533,-1.9263220866613724,-1.2740859812458496
-0.19621120091979452,-0.03468831203746573,0.11620824610013665,0.04049287465123396,-0.09883858616115833,0.0614264026415404,-0.058997987177239,0.06210741813944513,0.12468162334202605,-0.008267611481404008,0.006842462375581814,-0.05674396692750733,-0.22958623718298826,0.06158182342375623,-0.031920781292053044,-0.0148853343854876,-0.1743598765368813,0.21005846655337793,0.2363885748411266,-0.059778213130871345,0.02356873333306551,0.14264334185609673,-0.1932819381507756,-0.030566484288971754,-0.04321637245565845,-0.03379898733996308,-0.07692931205327884,0.27381996973713335,-0.050861930538804556,0.10343962756037293,-0.11280223330744962,-0.21308889631277136,0.11427966541120103,0.024448632149825476,0.03921284890952148,-0.17401406280931261,-0.06942917069769518,0.0777099240026339,-0.08321059961998716,0.1737488672947907,0.13733111504944898,-0.07267541795021416,-0.013273431467737948,-0.1134786699272039
-4.778521558441902,-3.0233639333366633,-7.601511949402355,-6.419424369125534,-0.5736123846819723,-6.9483857915010825,-4.050411290709387,2.0688068512996023,-4.59758662153001,1.2464357832291215,-5.118491261406857,-2.0024991073538048,-1.7333890345860765,-10.857562064159932,1.7495625813147682,4.141944713731968,3.5185332617071152,-2.370306412999829,-0.5925798739043311,-1.499850583364671,-5.052234811373864,1.6444272322445435,-3.1034357193275413,8.726818801167843,-0.5510839809404756,5.617656377685429,-0.5964957648203685,4.767549319484975,9.927980279654498,-6.738397328367693,-0.056090876168284606,-3.927946723929601,6.237746941483985,4.0783525681600965,7.017939397408676,-7.069199881096743,-3.908044397235532,2.083026439005722,-0.3679720374282755,-0.7777776308705533,-0.07267541795021416,2.260759947234735,6.472491777550102,3.198368343193344
-15.393657545434184,-9.113002785984612,-23.31741311501485,-19.478210717056186,-2.3422969390479293,-21.677534973745136,-12.452104831178191,6.092923981508726,-14.032414743918174,3.531110685285737,-16.047943360286983,-6.23560430072713,-5.028578626902731,-33.435718417772705,5.432492902026133,12.748372359691839,10.610283643061306,-6.941930286481684,-1.5523866711928263,-4.286448923509065,-15.524086096068828,5.153259483885888,-10.148883224415687,26.878562795632433,-1.73191401995687,17.287246259656055,-1.829052836554976,15.255663062824942,30.167630401366885,-20.539876937014256,-0.3374687310554327,-12.162250937223847,19.48292705462714,12.755906789736395,21.65338025512977,-21.79634277862596,-11.91529062384032,6.3718742074063295,-1.1747157455375354,-1.9263220866613724,-0.013273431467737948,6.472491777550102,20.057441673623163,9.857163732975007
-7.397715247647837,-4.5020762467495885,-11.708395527692172,-9.67855073278595,-1.0791621096977126,-10.816845365031421,-6.035321235520652,2.979053460072395,-7.077824971148972,1.7087666137277004,-7.971626945441244,-3.110175405812262,-2.0967921919122974,-16.636395330015137,2.7270826947430815,6.326822459853081,5.48585030527003,-3.6778245302229715,-0.9638665972366974,-2.051132820660138,-7.770324255139029,2.285938837761206,-4.938446343143386,13.33366721654712,-0.8543175109706614,8.644845593592722,-0.8107854127986519,7.329447807346509,14.986624304967103,-10.24321587279893,0.013893722963843438,-5.8979535505270855,9.525518613486462,6.351507408769228,10.66595849223574,-10.568550385419366,-5.785311141279367,3.0709904287186736,-0.4180581490100614,-1.2740859812458496,-0.1134786699272039,3.198368343193344,9.857163732975007,5.052541476394794
