V1,V2,V3,V4,V5,V6,V7,V8,V9,V10,V11,V12,V13,V14,V15,V16,V17,V18,V19,V20,V21,V22,V23,V24,V25,V26,V27,V28,V29,V30,V31,V32,V33,V34,V35,V36,V37,V38,V39,V40,V41,V42,V43,V44
43360.55688122672,-29469.73890545491,-40001.42403810818,52152.39580306392,63145.53018174575,-14583.036769457407,53725.19148476526,-104750.20970229617,-83451.32100658714,62674.69231965466,349.53217265724373,-57630.49149519055,-8292.494485215779,66466.63322580603,68675.22270340881,117820.31830864576,1792.6102566745462,28778.580460697438,-5088.674152753936,-55056.701015173756,17531.787159067226,-29114.378072603562,75238.04705612877,2080.6224692358837,-59411.26312603444,34382.01856627017,-31757.47056505399,26144.497498300843,-914.4428272266157,-63552.632984551405,-78296.65983617067,6080.493425866029,-80176.87856661144,-8868.184630196629,54990.177580031675,20427.915791343734,-56759.32741661559,8977.366244081804,-15063.683641576103,51324.73017224857,45807.81580240078,-53075.333219994216,26656.005908598283,-61896.42821805183
-29469.73890545491,20029.21467154594,27186.62550923688,-35444.957278532485,-42916.489980513004,9911.130806646115,-36513.7488865315,71192.77664091057,56717.34541561601,-42596.51986473813,-237.50364179384007,39168.17721451473,5635.796387334704,-45173.896624146175,-46674.62924703529,-80075.9919689881,-1218.1746791876938,-19559.366141575952,3458.215048759064,37419.10146127521,-11915.132118132842,19787.289934891593,-51135.345270980346,-1414.133028872622,40378.91602252966,-23367.37502515754,21583.475605046446,-17768.742094402904,621.5904003048395,43193.32522713325,53213.9980037977,-4132.490718927739,54491.751610775194,6027.466860788635,-37373.75678120844,-13883.867933110161,38575.908056354434,-6101.494982980786,10237.81924426551,-34882.849187079,-31132.82684350857,36072.67372873203,-18116.531406444163,42067.322772275525
-40001.42403810818,27186.62550923688,36902.966929988135,-48112.74615727851,-58254.55737837048,13452.983796043776,-49563.755031947556,96636.00554362734,76986.48041057521,-57819.946477340076,-322.42065924478584,53166.20821893583,7650.213250006048,-61317.84536616638,-63355.470647756854,-108693.48801378963,-1653.372723798861,-26549.18907707143,4694.379965395082,50791.73199106155,-16174.059474644255,26859.159246856005,-69409.51238327577,-1919.4304197171323,54808.79767124822,-31718.722918802512,29297.61243227149,-24119.48117315485,843.5300659628527,58629.46624490909,72231.57746019054,-5609.707191112449,73966.17559666166,8181.042855736752,-50730.40209108751,-18845.606095720228,52362.48696387151,-8282.034712176743,13896.485702133165,-47348.715971087186,-42259.772955536944,48963.69959179998,-24591.31103841653,57102.07611815134
52152.39580306392,-35444.957278532485,-48112.74615727851,62727.926731021464,75950.36028576423,-17539.5223912481,64619.63541324889,-125990.5620855062,-100372.33496903199,75383.71130911728,420.4065190521831,-69316.34403633671,-9974.24789492998,79944.15768032674,82600.86165237176,141710.92172027918,2155.6437037510436,34613.93129582074,-6120.194787035473,-66220.59012122745,21087.147568919147,-35018.035035947985,90493.55345190264,2502.5763415423544,-71457.81287505159,41353.78798078743,-38197.15131024307,31446.204450032714,-1099.7491492809454,-76439.08631166173,-94173.0615214874,7313.912204780517,-96434.5542863588,-10666.163948144507,66140.5504837451,24570.229024346732,-68268.2855704996,10798.036361400464,-18117.81311124985,61731.750871749544,55096.84136592881,-63837.021089144895,32061.289893951754,-74447.73158135204
63145.53018174575,-42916.489980513004,-58254.55737837048,75950.36028576423,91960.91340864084,-21236.14440711891,78241.06737050274,-152548.98117806966,-121529.85898362641,91274.5443370664,508.85835558327886,-83927.61386924163,-12076.624516518195,96796.19794159531,100012.44890222923,171582.5875554125,2609.23298625857,41910.36785046346,-7409.847055286464,-80179.47004398984,25532.347491109987,-42399.579418287685,109569.27886849237,3030.0756232947674,-86521.02035972082,50070.699913253215,-46248.58833014119,38074.820712206434,-1331.6809164455624,-92551.86473272734,-114024.45690526385,8855.840450275036,-116762.25379534357,-12914.75764212626,80082.55777188022,29750.055733749985,-82658.4358893135,13073.996603402902,-21936.237606583523,74744.60483272646,66711.15098087101,-77293.97658942781,38819.80345489907,-90140.81006759148
-14583.036769457407,9911.130806646115,13452.983796043776,-17539.5223912481,-21236.14440711891,4905.806290378063,-18068.777513528228,35229.49602233128,28066.92852635179,-21078.215391381917,-117.67632963931317,19382.526528280916,2789.261247660448,-22353.42519315723,-23097.010656067498,-39625.28353505792,-604.232285709664,-9678.647919238607,1712.324214116233,18516.401225197933,-5895.941408277825,9791.522122580676,-25303.911370269045,-699.6289229285502,19980.716017482187,-11563.832905760666,10680.786330172883,-8793.023139312396,307.7136172475929,21373.956074449114,26331.987772669578,-2044.7708839011593,26964.841305830414,2982.162920983652,-18494.182243093277,-6869.8458269918165,19089.8010719854,-3019.3188750924787,5067.390821853552,-17261.450476507067,-15405.676606652485,17849.616342846875,-8964.772822966406,20816.698900458374
53725.19148476526,-36513.7488865315,-49563.755031947556,64619.63541324889,78241.06737050274,-18068.777513528228,66568.93328704887,-129790.75427949447,-103399.53149764056,77657.4305476135,432.9814952110591,-71407.12057427123,-10275.333150405808,82355.24265244359,85092.34034564072,145984.84274777278,2220.841496595232,35657.693045694934,-6305.129615217663,-68217.64440969909,21723.197654463,-36074.15282581568,93222.85805682036,2578.0789910891294,-73612.83338022426,42601.11393655815,-39349.32653209076,32394.807177849903,-1132.8463427444492,-78744.47975951711,-97013.31971233047,7534.722918907196,-99343.0073148094,-10987.822237354883,68135.39946624337,25311.435854322674,-70327.46392409419,11123.55467728889,-18664.482918019872,63593.48381314807,56758.727779289584,-65762.06969796904,33028.34421590442,-76693.21072870832
-104750.20970229617,71192.77664091057,96636.00554362734,-125990.5620855062,-152548.98117806966,35229.49602233128,-129790.75427949447,253057.80584483736,201602.31855913848,-151411.08845109862,-844.2367453311995,139224.67956498943,20033.546119817707,-160570.94353992658,-165906.8475775884,-284631.95995966124,-4330.0320112952695,-69523.41798783059,12293.240324196784,133006.49784256768,-42354.02784869866,70334.82369613812,-181760.75100454062,-5026.245179961558,143526.18751809333,-83060.85819131616,76720.15720735697,-63160.7702917951,2209.2855581130602,153530.9685495064,189150.1633134005,-14690.002833090817,193692.31869249386,21423.553166822854,-132845.94951503992,-49350.65091063257,137119.85226760665,-21687.740737028485,36390.684210844986,-123990.95893377493,-110663.91478829281,128219.77526605221,-64396.44021548732,149530.6940421042
-83451.32100658714,56717.34541561601,76986.48041057521,-100372.33496903199,-121529.85898362641,28066.92852635179,-103399.53149764056,201602.31855913848,160610.9703128678,-120623.8865667458,-672.6209751049497,110915.71955987917,15960.105481044493,-127921.55259536974,-132172.75301946417,-226757.21787239684,-3450.5277647243847,-55387.48858118875,9793.611793554766,105962.16258889156,-33741.447438200215,56033.1895174068,-144803.09549436596,-4004.4510872518877,114343.03402778132,-66171.95838717658,61120.33924028368,-50317.881551313956,1760.1595402216474,122313.47763642968,150689.4454218095,-11702.52887773781,154308.44424028377,17067.47310768902,-105834.015164781,-39315.62477383006,109238.77180118542,-17278.24385043064,28992.100458600366,-98779.97855608085,-88161.63289236807,102148.35639665343,-51302.101008490026,119125.71573706502
62674.69231965466,-42596.51986473813,-57819.946477340076,75383.71130911728,91274.5443370664,-21078.215391381917,77657.4305476135,-151411.08845109862,-120623.8865667458,90593.67720001526,504.9784758750796,-83301.75072641189,-11986.668277830653,96074.21119665202,99266.68674161915,170302.89742435832,2590.263424647509,41597.882026193955,-7354.7957261678075,-79581.49341792938,25341.614618980544,-42083.197327128946,108752.25193651374,3007.584488428046,-85875.8365123963,49697.295220517066,-45903.71923432548,37790.78335561715,-1321.7054345304552,-91861.79456313397,-113173.91142348821,8789.600907682394,-115891.47133704589,-12818.462201640388,79485.30657203305,29528.047091439163,-82042.01311761554,12976.537179292625,-21773.14437972991,74187.24204187578,66213.34473804386,-76717.29350627794,38530.09706770116,-89468.35404469134
349.53217265724373,-237.50364179384007,-322.42065924478584,420.4065190521831,508.85835558327886,-117.67632963931317,432.9814952110591,-844.2367453311995,-672.6209751049497,504.9784758750796,3.0741571602142335,-464.5445847799121,-66.78201759009578,535.6468085156318,553.4636722673088,949.783584621242,14.702388392061426,231.89807049257158,-41.18332664118494,-443.7282077216295,141.36910741411708,-234.7694330389924,606.2645936875085,16.650781424226075,-478.6923100864149,277.20004991735317,-255.89755285317776,210.7572666983132,-7.530829119469403,-512.1083890138033,-630.8869339329486,49.091452316520055,-646.1507145207162,-71.38706010926857,443.18257853640193,164.3968925954803,-457.6519624350609,72.41708189474204,-121.5167245319425,413.6666394460274,369.1456488565827,-427.8205959230939,214.86261017521062,-498.89205441179234
-57630.49149519055,39168.17721451473,53166.20821893583,-69316.34403633671,-83927.61386924163,19382.526528280916,-71407.12057427123,139224.67956498943,110915.71955987917,-83301.75072641189,-464.5445847799121,76597.5171457481,11022.007134646421,-88341.33728295233,-91277.19792651685,-156596.15109553354,-2382.690245893119,-38249.63701787944,6763.624786511773,73176.201036111,-23301.75488499968,38696.10140531133,-99999.20874647907,-2765.3496835100345,78963.7131367604,-45697.66168457609,42209.19834155886,-34749.18528014773,1215.4420927672572,84468.26818709672,104064.6754567821,-8082.083277339655,106563.79589944742,11786.617778422738,-73087.90782004727,-27151.05875707307,75439.4369802725,-11932.12305884839,20021.483322818418,-68216.15555641321,-60883.885509603555,70542.39735781078,-35428.91475958722,82267.37004753912
-8292.494485215779,5635.796387334704,7650.213250006048,-9974.24789492998,-12076.624516518195,2789.261247660448,-10275.333150405808,20033.546119817707,15960.105481044493,-11986.668277830653,-66.78201759009578,11022.007134646421,1586.3575505959507,-12711.594770161042,-13134.524326841494,-22533.130318584368,-343.1087564033285,-5503.810480483816,973.3680141047338,10529.51930073903,-3353.0139336651173,5568.066757941109,-14389.005473131356,-398.0171649233604,11362.13332279997,-6575.766663810104,6073.843493790942,-5000.40861770658,174.78526910844667,12154.416664103588,14974.112574114368,-1163.1118078553407,15333.869058294918,1695.8102900985955,-10516.887199612356,-3906.8328331310945,10855.285369869105,-1717.0614021595022,2881.2771146508103,-9815.790096807614,-8760.911162035181,10150.070564225562,-5097.990373987255,11837.87224364788
66466.63322580603,-45173.896624146175,-61317.84536616638,79944.15768032674,96796.19794159531,-22353.42519315723,82355.24265244359,-160570.94353992658,-127921.55259536974,96074.21119665202,535.6468085156318,-88341.33728295233,-12711.594770161042,101886.83860660312,105271.99351376036,180606.046198785,2747.0512921134546,44114.59960429048,-7799.660724846778,-84396.18073022841,26874.48066239437,-44629.18575399808,115331.8355592939,3189.608468865415,-91071.55912333378,52703.62697443739,-48680.50911896691,40076.7709079252,-1401.7042761625753,-97419.44873421411,-120020.87740317377,9321.292044639617,-122902.70594083967,-13594.338192430643,84294.07836547523,31314.39172759141,-87005.37864182807,13761.555994794142,-23090.370536826413,78675.63970854736,70218.78448618464,-81358.96940831663,40860.941639609824,-94880.78784537135
68675.22270340881,-46674.62924703529,-63355.470647756854,82600.86165237176,100012.44890222923,-23097.010656067498,85092.34034564072,-165906.8475775884,-132172.75301946417,99266.68674161915,553.4636722673088,-91277.19792651685,-13134.524326841494,105271.99351376036,108770.67726801547,186607.67039128608,2839.1980641820614,45580.40444282843,-8059.450765142985,-87200.51247683648,27767.60729153206,-46112.16593306108,119163.93497120822,3295.5821023904277,-94097.25370646671,54455.543913405825,-50298.69655790661,41408.95066229545,-1448.2202728605741,-100656.65015929249,-124008.72790662348,9631.022132985754,-126986.85212248637,-14045.470041714078,87095.17608529254,32354.61640781824,-89897.00190156014,14219.037881188438,-23858.510733477357,81289.80398041054,72552.29685362744,-84061.601371025,42218.75773490893,-98033.93012976521
117820.31830864576,-80075.9919689881,-108693.48801378963,141710.92172027918,171582.5875554125,-39625.28353505792,145984.84274777278,-284631.95995966124,-226757.21787239684,170302.89742435832,949.783584621242,-156596.15109553354,-22533.130318584368,180606.046198785,186607.67039128608,320146.6793021574,4870.703812076677,78198.3867538685,-13826.848815488534,-149602.34936050497,47638.357877913135,-79110.66674943171,204439.47794619642,5653.57724387483,-161434.66671324265,93424.50151727375,-86292.58084995262,71041.36078370264,-2485.018301723266,-172687.68855784467,-212750.88181308203,16522.85051943403,-217860.02508890166,-24096.76655331053,149421.50282590475,55507.91028109541,-154228.48267251794,24394.22387977523,-40931.55523609214,139462.01551859538,124471.39489008847,-144218.08975679497,72431.10980233699,-168187.92399789696
1792.6102566745462,-1218.1746791876938,-1653.372723798861,2155.6437037510436,2609.23298625857,-604.232285709664,2220.841496595232,-4330.0320112952695,-3450.5277647243847,2590.263424647509,14.702388392061426,-2382.690245893119,-343.1087564033285,2747.0512921134546,2839.1980641820614,4870.703812076677,75.73106779653602,1189.5673082181102,-211.3582293515442,-2275.7747931113577,724.3702744290034,-1203.3995901782794,3110.062772200624,85.90688526420544,-2455.5172618200477,1421.827007587337,-1312.9906075966092,1080.8959783059445,-37.98530674969513,-2627.2043225744765,-3235.8975685256232,251.11472772936156,-3314.287232781224,-366.2048946500236,2273.138969834891,843.7712968773855,-2346.99241783288,371.28380133245963,-624.0889989522868,2121.6520248644606,1893.1511967065558,-2193.338922427283,1101.689633417555,-2558.4802242344103
28778.580460697438,-19559.366141575952,-26549.18907707143,34613.93129582074,41910.36785046346,-9678.647919238607,35657.693045694934,-69523.41798783059,-55387.48858118875,41597.882026193955,231.89807049257158,-38249.63701787944,-5503.810480483816,44114.59960429048,45580.40444282843,78198.3867538685,1189.5673082181102,19100.91755702238,-3376.908740871139,-36541.737516464986,11635.899854593436,-19323.3074853708,49936.15586484242,1381.0944482556633,-39432.088215508404,22819.552510317488,-21077.570866064172,17352.26745292788,-606.9719884207793,-42180.485383780375,-51966.1662719332,4035.6284184605356,-53214.12814621655,-5885.912406956982,36497.40288322732,13558.300211708245,-37671.16108317247,5958.551420238737,-9997.762346072674,34064.93291679212,30402.95891988446,-35226.579756842024,17691.725371230183,-41081.053034719385
-5088.674152753936,3458.215048759064,4694.379965395082,-6120.194787035473,-7409.847055286464,1712.324214116233,-6305.129615217663,12293.240324196784,9793.611793554766,-7354.7957261678075,-41.18332664118494,6763.624786511773,973.3680141047338,-7799.660724846778,-8059.450765142985,-13826.848815488534,-211.3582293515442,-3376.908740871139,598.3605083144032,6460.845307856199,-2057.4263440447853,3416.7285338244897,-8829.413023821395,-243.88846224403088,6971.510304125493,-4035.3443833144843,3727.2085144120706,-3068.4185192283935,107.4180354630324,7458.095192961836,9187.989072595954,-713.5593672241595,9409.048882263041,1040.3344277107064,-6453.370541093562,-2396.918540995604,6661.862049918331,-1053.3949415623456,1768.666115701095,-6022.837952040214,-5375.751146420138,6228.151332375715,-3128.2784220630965,7263.988718827417
-55056.701015173756,37419.10146127521,50791.73199106155,-66220.59012122745,-80179.47004398984,18516.401225197933,-68217.64440969909,133006.49784256768,105962.16258889156,-79581.49341792938,-443.7282077216295,73176.201036111,10529.51930073903,-84396.18073022841,-87200.51247683648,-149602.34936050497,-2275.7747931113577,-36541.737516464986,6460.845307856199,69908.33335540474,-22261.046283319218,36967.879914459736,-95533.346250245,-2642.0169476341803,75437.61976309746,-43656.475448970996,40323.90746334698,-33197.05020643805,1161.1150396932237,80695.93277760154,99417.29268156714,-7720.932549742755,101804.6300522454,11260.415356902071,-69823.72738515749,-25938.59268846744,72069.69316522856,-11399.248808366237,19126.828585162755,-65169.755241002946,-58164.603354784886,67392.3130614767,-33846.494913550785,78593.0313611346
17531.787159067226,-11915.132118132842,-16174.059474644255,21087.147568919147,25532.347491109987,-5895.941408277825,21723.197654463,-42354.02784869866,-33741.447438200215,25341.614618980544,141.36910741411708,-23301.75488499968,-3353.0139336651173,26874.48066239437,27767.60729153206,47638.357877913135,724.3702744290034,11635.899854593436,-2057.4263440447853,-22261.046283319218,7089.203051564099,-11772.073392920749,30420.713380054334,841.203875978596,-24021.46919343985,13901.799455277887,-12840.784649756382,10571.365233454026,-369.6454628016458,-25696.052183732652,-31657.8832632041,2458.870397521301,-32418.076000740162,-3585.452010796959,22234.2285099994,8259.740533091133,-22949.590416501425,3629.8008696119487,-6090.293965876059,20751.86878343864,18522.032746479905,-21459.826548895144,10778.101684022258,-25027.122687747575
-29114.378072603562,19787.289934891593,26859.159246856005,-35018.035035947985,-42399.579418287685,9791.522122580676,-36074.15282581568,70334.82369613812,56033.1895174068,-42083.197327128946,-234.7694330389924,38696.10140531133,5568.066757941109,-44629.18575399808,-46112.16593306108,-79110.66674943171,-1203.3995901782794,-19323.3074853708,3416.7285338244897,36967.879914459736,-11772.073392920749,19549.076859729907,-50518.470429536115,-1397.019773297357,39891.61088523504,-23085.8686876045,21323.708301853992,-17554.946338169426,613.9520366763219,42672.385670028154,52572.52561930251,-4083.044651552807,53834.9505707344,5954.47926389286,-36923.260894629406,-13716.40644691921,38111.177794009775,-6027.877475525147,10114.257272552793,-34461.90981755716,-30758.020889583102,35637.451474003545,-17898.36064689764,41560.75846188281
75238.04705612877,-51135.345270980346,-69409.51238327577,90493.55345190264,109569.27886849237,-25303.911370269045,93222.85805682036,-181760.75100454062,-144803.09549436596,108752.25193651374,606.2645936875085,-99999.20874647907,-14389.005473131356,115331.8355592939,119163.93497120822,204439.47794619642,3110.062772200624,49936.15586484242,-8829.413023821395,-95533.346250245,30420.713380054334,-50518.470429536115,130551.84019653438,3610.317785377143,-103089.65764617716,59658.88971076138,-55104.64796041369,45365.38405711055,-1586.8298801364035,-110275.34308431443,-135859.0118860437,10550.861140337503,-139121.31292183764,-15388.088197522567,95417.85551358192,35446.628971148326,-98487.27640880382,15577.36581036644,-26137.928471758736,89057.96699478691,79484.88593250058,-92095.50059636982,46253.055462651726,-107401.32983438432
2080.6224692358837,-1414.133028872622,-1919.4304197171323,2502.5763415423544,3030.0756232947674,-699.6289229285502,2578.0789910891294,-5026.245179961558,-4004.4510872518877,3007.584488428046,16.650781424226075,-2765.3496835100345,-398.0171649233604,3189.608468865415,3295.5821023904277,5653.57724387483,85.90688526420544,1381.0944482556633,-243.88846224403088,-2642.0169476341803,841.203875978596,-1397.019773297357,3610.317785377143,100.09703974969294,-2851.0873915328507,1649.6637052312224,-1523.9276360842068,1254.5281684545303,-43.68433639437024,-3049.743693652551,-3757.263027362408,291.82498937922213,-3847.4402976454435,-425.685580778561,2638.7550103767494,980.345513343776,-2723.334763021925,430.86136412688165,-722.8003826772265,2462.89954839148,2198.0697263286975,-2546.6942559699596,1278.9801802201582,-2970.128464056149
-59411.26312603444,40378.91602252966,54808.79767124822,-71457.81287505159,-86521.02035972082,19980.716017482187,-73612.83338022426,143526.18751809333,114343.03402778132,-85875.8365123963,-478.6923100864149,78963.7131367604,11362.13332279997,-91071.55912333378,-94097.25370646671,-161434.66671324265,-2455.5172618200477,-39432.088215508404,6971.510304125493,75437.61976309746,-24021.46919343985,39891.61088523504,-103089.65764617716,-2851.0873915328507,81404.67735849047,-47109.07716088817,43512.87898163272,-35822.40950766837,1252.9993951747833,87078.50494632682,107280.61903098483,-8331.5016695681,109856.53399051579,12151.410207061946,-75346.2156384924,-27990.414131083355,77769.49837328865,-12300.7725210146,20639.39120447612,-70324.46746344844,-62764.74917070896,72722.9318846642,-36523.39212575372,84808.81520641429
34382.01856627017,-23367.37502515754,-31718.722918802512,41353.78798078743,50070.699913253215,-11563.832905760666,42601.11393655815,-83060.85819131616,-66171.95838717658,49697.295220517066,277.20004991735317,-45697.66168457609,-6575.766663810104,52703.62697443739,54455.543913405825,93424.50151727375,1421.827007587337,22819.552510317488,-4035.3443833144843,-43656.475448970996,13901.799455277887,-23085.8686876045,59658.88971076138,1649.6637052312224,-47109.07716088817,27263.341395279935,-25181.960027234763,20731.347001299335,-725.2332881158451,-50393.211951352394,-62084.15539628071,4821.552901766043,-63575.37089363416,-7031.460674408759,43603.808842726554,16198.00080144316,-45006.93685332237,7118.687929862603,-11944.97425221526,40697.32797393204,36323.04631343313,-42085.00057892056,21136.74794926752,-49080.29613256934
-31757.47056505399,21583.475605046446,29297.61243227149,-38197.15131024307,-46248.58833014119,10680.786330172883,-39349.32653209076,76720.15720735697,61120.33924028368,-45903.71923432548,-255.89755285317776,42209.19834155886,6073.843493790942,-48680.50911896691,-50298.69655790661,-86292.58084995262,-1312.9906075966092,-21077.570866064172,3727.2085144120706,40323.90746334698,-12840.784649756382,21323.708301853992,-55104.64796041369,-1523.9276360842068,43512.87898163272,-25181.960027234763,23260.015812843423,-19148.851042674458,669.509993294466,46546.45349832159,57345.10644504138,-4453.546832283261,58722.47310998645,6494.73220938171,-40275.35064773856,-14961.531312528696,41571.21517559903,-6575.164174323516,11032.938123563994,-37590.32862459707,-33550.472918063315,38872.179636516325,-19523.195643920775,45333.98410470056
26144.497498300843,-17768.742094402904,-24119.48117315485,31446.204450032714,38074.820712206434,-8793.023139312396,32394.807177849903,-63160.7702917951,-50317.881551313956,37790.78335561715,210.7572666983132,-34749.18528014773,-5000.40861770658,40076.7709079252,41408.95066229545,71041.36078370264,1080.8959783059445,17352.26745292788,-3068.4185192283935,-33197.05020643805,10571.365233454026,-17554.946338169426,45365.38405711055,1254.5281684545303,-35822.40950766837,20731.347001299335,-19148.851042674458,15764.591730631995,-551.331908292634,-38319.735521979004,-47209.92799897043,3666.6493301009036,-48343.78233007299,-5346.863460051497,33157.026937337665,12317.323824701707,-34223.88505180449,5413.159797688292,-9082.926392152309,30946.735621358646,27620.83296530325,-32001.949593514757,16072.784838692278,-37321.665434499875
-914.4428272266157,621.5904003048395,843.5300659628527,-1099.7491492809454,-1331.6809164455624,307.7136172475929,-1132.8463427444492,2209.2855581130602,1760.1595402216474,-1321.7054345304552,-7.530829119469403,1215.4420927672572,174.78526910844667,-1401.7042761625753,-1448.2202728605741,-2485.018301723266,-37.98530674969513,-606.9719884207793,107.4180354630324,1161.1150396932237,-369.6454628016458,613.9520366763219,-1586.8298801364035,-43.68433639437024,1252.9993951747833,-725.2332881158451,669.509993294466,-551.331908292634,19.633788502792466,1340.2059244287582,1651.0269580854476,-128.20642240947979,1690.758055615385,186.9640981010167,-1159.6671073068446,-430.72758912361763,1197.0982204659629,-189.39981349515028,317.7863279367684,-1082.6641663334233,-965.9566728409179,1119.5933148788565,-562.2194962023528,1305.1999427821158
-63552.632984551405,43193.32522713325,58629.46624490909,-76439.08631166173,-92551.86473272734,21373.956074449114,-78744.47975951711,153530.9685495064,122313.47763642968,-91861.79456313397,-512.1083890138033,84468.26818709672,12154.416664103588,-97419.44873421411,-100656.65015929249,-172687.68855784467,-2627.2043225744765,-42180.485383780375,7458.095192961836,80695.93277760154,-25696.052183732652,42672.385670028154,-110275.34308431443,-3049.743693652551,87078.50494632682,-50393.211951352394,46546.45349832159,-38319.735521979004,1340.2059244287582,93148.3857249181,114758.52638691249,-8912.290710208832,117514.31958512604,12998.075265322123,-80598.36460307305,-29941.231341064507,83191.04873140626,-13158.243978166212,22078.595709428613,-75226.14971015506,-67140.02537303114,77791.56164235037,-39069.349321747366,90720.84589622999
-78296.65983617067,53213.9980037977,72231.57746019054,-94173.0615214874,-114024.45690526385,26331.987772669578,-97013.31971233047,189150.1633134005,150689.4454218095,-113173.91142348821,-630.8869339329486,104064.6754567821,14974.112574114368,-120020.87740317377,-124008.72790662348,-212750.88181308203,-3235.8975685256232,-51966.1662719332,9187.989072595954,99417.29268156714,-31657.8832632041,52572.52561930251,-135859.0118860437,-3757.263027362408,107280.61903098483,-62084.15539628071,57345.10644504138,-47209.92799897043,1651.0269580854476,114758.52638691249,141382.7499773093,-10980.23938343023,144777.47122024506,16013.760551996942,-99297.09258164243,-36887.89588779011,102491.09834683785,-16210.77246540918,27200.04038174921,-92678.37421248418,-82716.7896965098,95839.40375417836,-48133.614213168694,111768.20438244469
6080.493425866029,-4132.490718927739,-5609.707191112449,7313.912204780517,8855.840450275036,-2044.7708839011593,7534.722918907196,-14690.002833090817,-11702.52887773781,8789.600907682394,49.091452316520055,-8082.083277339655,-1163.1118078553407,9321.292044639617,9631.022132985754,16522.85051943403,251.11472772936156,4035.6284184605356,-713.5593672241595,-7720.932549742755,2458.870397521301,-4083.044651552807,10550.861140337503,291.82498937922213,-8331.5016695681,4821.552901766043,-4453.546832283261,3666.6493301009036,-128.20642240947979,-8912.290710208832,-10980.23938343023,853.2999232506843,-11243.771691082971,-1243.68661676092,7711.675618560998,2864.921133171488,-7959.738112779686,1259.0351433181288,-2112.254208659369,7197.5806566901665,6424.285531092201,-7442.975416392588,3738.347612901654,-8680.501280150209
-80176.87856661144,54491.751610775194,73966.17559666166,-96434.5542863588,-116762.25379534357,26964.841305830414,-99343.0073148094,193692.31869249386,154308.44424028377,-115891.47133704589,-646.1507145207162,106563.79589944742,15333.869058294918,-122902.70594083967,-126986.85212248637,-217860.02508890166,-3314.287232781224,-53214.12814621655,9409.048882263041,101804.6300522454,-32418.076000740162,53834.9505707344,-139121.31292183764,-3847.4402976454435,109856.53399051579,-63575.37089363416,58722.47310998645,-48343.78233007299,1690.758055615385,117514.31958512604,144777.47122024506,-11243.771691082971,148254.23164389833,16397.926329666312,-101681.5907023702,-37773.29649692354,104952.57711508175,-16600.24950508903,27853.839673856295,-94903.87739230767,-84703.0719384519,98140.4168618887,-49289.40441999564,114452.28016631225
-8868.184630196629,6027.466860788635,8181.042855736752,-10666.163948144507,-12914.75764212626,2982.162920983652,-10987.822237354883,21423.553166822854,17067.47310768902,-12818.462201640388,-71.38706010926857,11786.617778422738,1695.8102900985955,-13594.338192430643,-14045.470041714078,-24096.76655331053,-366.2048946500236,-5885.912406956982,1040.3344277107064,11260.415356902071,-3585.452010796959,5954.47926389286,-15388.088197522567,-425.685580778561,12151.410207061946,-7031.460674408759,6494.73220938171,-5346.863460051497,186.9640981010167,12998.075265322123,16013.760551996942,-1243.68661676092,16397.926329666312,1814.2789731630398,-11246.70110130362,-4178.284289681762,11608.187650911084,-1836.0338670267101,3080.4803192574714,-10497.263892530877,-9368.56438648402,10855.473141082617,-5451.671422919571,12658.987885666587
54990.177580031675,-37373.75678120844,-50730.40209108751,66140.5504837451,80082.55777188022,-18494.182243093277,68135.39946624337,-132845.94951503992,-105834.015164781,79485.30657203305,443.18257853640193,-73087.90782004727,-10516.887199612356,84294.07836547523,87095.17608529254,149421.50282590475,2273.138969834891,36497.40288322732,-6453.370541093562,-69823.72738515749,22234.2285099994,-36923.260894629406,95417.85551358192,2638.7550103767494,-75346.2156384924,43603.808842726554,-40275.35064773856,33157.026937337665,-1159.6671073068446,-80598.36460307305,-99297.09258164243,7711.675618560998,-101681.5907023702,-11246.70110130362,69739.40692963879,25907.224060363187,-71982.8737863223,11385.336048376112,-19103.83470999266,65090.812181671456,58094.43508286702,-67310.73612767995,33805.65277896052,-78498.19342795374
20427.915791343734,-13883.867933110161,-18845.606095720228,24570.229024346732,29750.055733749985,-6869.8458269918165,25311.435854322674,-49350.65091063257,-39315.62477383006,29528.047091439163,164.3968925954803,-27151.05875707307,-3906.8328331310945,31314.39172759141,32354.61640781824,55507.91028109541,843.7712968773855,13558.300211708245,-2396.918540995604,-25938.59268846744,8259.740533091133,-13716.40644691921,35446.628971148326,980.345513343776,-27990.414131083355,16198.00080144316,-14961.531312528696,12317.323824701707,-430.72758912361763,-29941.231341064507,-36887.89588779011,2864.921133171488,-37773.29649692354,-4178.284289681762,25907.224060363187,9624.721467855781,-26740.30602600221,4229.392221994539,-7096.299451811516,24180.472406428915,21581.45810664156,-25005.287869359192,12558.459463916555,-29160.976461292223
-56759.32741661559,38575.908056354434,52362.48696387151,-68268.2855704996,-82658.4358893135,19089.8010719854,-70327.46392409419,137119.85226760665,109238.77180118542,-82042.01311761554,-457.6519624350609,75439.4369802725,10855.285369869105,-87005.37864182807,-89897.00190156014,-154228.48267251794,-2346.99241783288,-37671.16108317247,6661.862049918331,72069.69316522856,-22949.590416501425,38111.177794009775,-98487.27640880382,-2723.334763021925,77769.49837328865,-45006.93685332237,41571.21517559903,-34223.88505180449,1197.0982204659629,83191.04873140626,102491.09834683785,-7959.738112779686,104952.57711508175,11608.187650911084,-71982.8737863223,-26740.30602600221,74299.31040018304,-11751.507432080263,19718.958120899075,-67184.44836363407,-59963.35267068899,69475.82364453589,-34893.297375440605,81023.61902691399
8977.366244081804,-6101.494982980786,-8282.034712176743,10798.036361400464,13073.996603402902,-3019.3188750924787,11123.55467728889,-21687.740737028485,-17278.24385043064,12976.537179292625,72.41708189474204,-11932.12305884839,-1717.0614021595022,13761.555994794142,14219.037881188438,24394.22387977523,371.28380133245963,5958.551420238737,-1053.3949415623456,-11399.248808366237,3629.8008696119487,-6027.877475525147,15577.36581036644,430.86136412688165,-12300.7725210146,7118.687929862603,-6575.164174323516,5413.159797688292,-189.39981349515028,-13158.243978166212,-16210.77246540918,1259.0351433181288,-16600.24950508903,-1836.0338670267101,11385.336048376112,4229.392221994539,-11751.507432080263,1859.1035873734586,-3119.0042302912802,10626.68920779121,9484.254090004622,-10988.666171097306,5518.942766927084,-12815.350610715539
-15063.683641576103,10237.81924426551,13896.485702133165,-18117.81311124985,-21936.237606583523,5067.390821853552,-18664.482918019872,36390.684210844986,28992.100458600366,-21773.14437972991,-121.5167245319425,20021.483322818418,2881.2771146508103,-23090.370536826413,-23858.510733477357,-40931.55523609214,-624.0889989522868,-9997.762346072674,1768.666115701095,19126.828585162755,-6090.293965876059,10114.257272552793,-26137.928471758736,-722.8003826772265,20639.39120447612,-11944.97425221526,11032.938123563994,-9082.926392152309,317.7863279367684,22078.595709428613,27200.04038174921,-2112.254208659369,27853.839673856295,3080.4803192574714,-19103.83470999266,-7096.299451811516,19718.958120899075,-3119.0042302912802,5234.46251395581,-17830.496771698614,-15913.578369383673,18437.838918205845,-9260.265888017233,21503.023777848033
51324.73017224857,-34882.849187079,-47348.715971087186,61731.750871749544,74744.60483272646,-17261.450476507067,63593.48381314807,-123990.95893377493,-98779.97855608085,74187.24204187578,413.6666394460274,-68216.15555641321,-9815.790096807614,78675.63970854736,81289.80398041054,139462.01551859538,2121.6520248644606,34064.93291679212,-6022.837952040214,-65169.755241002946,20751.86878343864,-34461.90981755716,89057.96699478691,2462.89954839148,-70324.46746344844,40697.32797393204,-37590.32862459707,30946.735621358646,-1082.6641663334233,-75226.14971015506,-92678.37421248418,7197.5806566901665,-94903.87739230767,-10497.263892530877,65090.812181671456,24180.472406428915,-67184.44836363407,10626.68920779121,-17830.496771698614,60752.75104396421,54221.86208550224,-62824.42775980636,31552.25560212282,-73265.48487085648
45807.81580240078,-31132.82684350857,-42259.772955536944,55096.84136592881,66711.15098087101,-15405.676606652485,56758.727779289584,-110663.91478829281,-88161.63289236807,66213.34473804386,369.1456488565827,-60883.885509603555,-8760.911162035181,70218.78448618464,72552.29685362744,124471.39489008847,1893.1511967065558,30402.95891988446,-5375.751146420138,-58164.603354784886,18522.032746479905,-30758.020889583102,79484.88593250058,2198.0697263286975,-62764.74917070896,36323.04631343313,-33550.472918063315,27620.83296530325,-965.9566728409179,-67140.02537303114,-82716.7896965098,6424.285531092201,-84703.0719384519,-9368.56438648402,58094.43508286702,21581.45810664156,-59963.35267068899,9484.254090004622,-15913.578369383673,54221.86208550224,48394.45881760246,-56071.13242216869,28161.127107541815,-65391.15560666599
-53075.333219994216,36072.67372873203,48963.69959179998,-63837.021089144895,-77293.97658942781,17849.616342846875,-65762.06969796904,128219.77526605221,102148.35639665343,-76717.29350627794,-427.8205959230939,70542.39735781078,10150.070564225562,-81358.96940831663,-84061.601371025,-144218.08975679497,-2193.338922427283,-35226.579756842024,6228.151332375715,67392.3130614767,-21459.826548895144,35637.451474003545,-92095.50059636982,-2546.6942559699596,72722.9318846642,-42085.00057892056,38872.179636516325,-32001.949593514757,1119.5933148788565,77791.56164235037,95839.40375417836,-7442.975416392588,98140.4168618887,10855.473141082617,-67310.73612767995,-25005.287869359192,69475.82364453589,-10988.666171097306,18437.838918205845,-62824.42775980636,-56071.13242216869,64967.787049709084,-32628.451743131223,75764.16700717586
26656.005908598283,-18116.531406444163,-24591.31103841653,32061.289893951754,38819.80345489907,-8964.772822966406,33028.34421590442,-64396.44021548732,-51302.101008490026,38530.09706770116,214.86261017521062,-35428.91475958722,-5097.990373987255,40860.941639609824,42218.75773490893,72431.10980233699,1101.689633417555,17691.725371230183,-3128.2784220630965,-33846.494913550785,10778.101684022258,-17898.36064689764,46253.055462651726,1278.9801802201582,-36523.39212575372,21136.74794926752,-19523.195643920775,16072.784838692278,-562.2194962023528,-39069.349321747366,-48133.614213168694,3738.347612901654,-49289.40441999564,-5451.671422919571,33805.65277896052,12558.459463916555,-34893.297375440605,5518.942766927084,-9260.265888017233,31552.25560212282,28161.127107541815,-32628.451743131223,16387.26823337277,-38051.63104388887
-61896.42821805183,42067.322772275525,57102.07611815134,-74447.73158135204,-90140.81006759148,20816.698900458374,-76693.21072870832,149530.6940421042,119125.71573706502,-89468.35404469134,-498.89205441179234,82267.37004753912,11837.87224364788,-94880.78784537135,-98033.93012976521,-168187.92399789696,-2558.4802242344103,-41081.053034719385,7263.988718827417,78593.0313611346,-25027.122687747575,41560.75846188281,-107401.32983438432,-2970.128464056149,84808.81520641429,-49080.29613256934,45333.98410470056,-37321.665434499875,1305.1999427821158,90720.84589622999,111768.20438244469,-8680.501280150209,114452.28016631225,12658.987885666587,-78498.19342795374,-29160.976461292223,81023.61902691399,-12815.350610715539,21503.023777848033,-73265.48487085648,-65391.15560666599,75764.16700717586,-38051.63104388887,88357.56063894696
