V1,V2,V3,V4,V5,V6,V7,V8,V9,V10,V11,V12,V13,V14,V15,V16,V17,V18,V19,V20,V21,V22,V23,V24,V25,V26,V27,V28,V29,V30,V31,V32,V33,V34,V35,V36,V37,V38,V39,V40,V41,V42,V43,V44
1.0050691979780817,-0.6417899831045218,0.20210797215608306,-0.5789207905730466,-0.8833425194069269,-0.3995040507574817,0.026770295949314328,-0.5953871515316509,0.3083798267414265,-0.04960408438219663,-0.22457699383685326,-1.2699161825187983,0.09556865781312608,1.7379773808776149,-0.17521227140366818,0.9406994475427656,0.5186241335209474,-0.041906069134033185,-0.484878732922898,-0.5713451060411372,-0.8065119944566468,-0.33446719340634895,0.8405851878919467,0.5348813999774882,-0.5018361705224559,-0.19669834635295694,-0.049944989726089545,-0.9190108168283856,1.2881766333108686,-0.3978991246169772,-0.9170304543610318,0.6200798813204454,-0.3568522535134434,-1.1754375295599995,0.6297032490974614,0.5763079419735545,-0.8696904354092629,-1.0071856117689195,-0.8685029854338191,-0.044654887929059715,-0.2337033560517824,-0.08606179965566815,0.20112744570200547,-0.17752990548112593
-0.6417899831045218,0.7161756573546825,-0.03523907370470112,0.2455215112348602,0.7292441020360636,0.4697388832647636,-0.46310148583888594,0.010024957316170535,-0.01283504493016505,0.2259351213211304,0.055642200939945076,0.776488788384131,-0.21255319352787258,-0.836638899313573,-0.20963355684634463,0.04048360680233262,-0.39033909037946646,0.760402933006193,1.1962565433762509,-0.14644625197209524,0.5303376024972178,0.17365953606144308,-0.9223560706731324,-0.15179201297832962,0.5901767935960613,0.903805603919167,-0.29926683763412776,0.2667575545069554,-0.2951162950900996,0.9455872268521004,1.024771398092989,-0.38889237262314374,0.3145894599630726,1.4471833321311718,-0.360437443304455,-0.3078137370434028,1.022279651586898,0.4358293405641977,0.33009752446732427,0.1254291225795318,0.3376439058390409,0.5770668621391944,0.19404691595023568,0.1270572612306646
0.20210797215608306,-0.03523907370470112,0.4965346304095111,-0.8314618117767117,-1.0342421775656518,-0.07067296913004123,-0.5806999216740896,0.47984911279567005,0.9275400687700773,-0.5391988825896215,-0.13834619604486229,-0.231310514014574,0.08743997251297397,0.491566242904769,-0.773491826555635,-0.30423735053171347,0.2996707849582088,-0.06750867876381517,-0.014468182982226649,0.011754121347854096,-0.6167061468604662,0.04837386804701001,-0.27020881520571866,0.3421586807849636,0.289664875610655,-0.20750121091554344,0.164669294233886,-0.8350387231298345,0.8725144987229018,0.5038883977007491,0.2834898437570864,0.30616341032478095,0.5120648299921344,-0.41057066072143084,-0.1013283138086289,0.1493904833550301,0.10982742510614103,-0.7091528428291173,-0.4504924059382677,-0.4379173548373556,-0.5029460447135745,0.5439830588451107,-0.042359941422493934,0.4457404786434219
-0.5789207905730466,0.2455215112348602,-0.8314618117767117,1.4856421180394104,1.876174543172544,0.22465268979660236,0.8621255443953715,-0.6272699767923184,-1.5599849929742586,0.8909673477619335,0.26015693559927505,0.6777206419686422,-0.19020877199099623,-1.2179329875859497,1.249361197735707,0.3242061303148281,-0.5959270316969997,0.20196626233518666,0.2629570240499683,0.06640351555102417,1.1661865378042915,0.02387581851464351,0.15192523954799228,-0.66181857195592,-0.29242862899457456,0.4883153773560237,-0.2848447892778121,1.5252725653015042,-1.662859963584101,-0.629160515079433,-0.15289188241338966,-0.6686256558954329,-0.7131625055414855,1.0411344781289724,-0.009864456480462764,-0.3938352742270613,0.11242625008859677,1.4057321243099503,0.8883546590549719,0.7385886749286257,0.8742312305209271,-0.7517724642487501,0.04812492861563888,-0.6502669365430701
-0.8833425194069269,0.7292441020360636,-1.0342421775656518,1.876174543172544,2.8035823240967814,0.6057447749541781,0.6996092213350261,-1.1932372443921135,-1.8598755676681589,1.4033773809641705,0.28555248704328123,1.0208498500039407,-0.4050235150538919,-1.4833724854034498,1.3366806178106625,0.9782972773439705,-0.9636180454983251,1.0336655010006932,1.3139929065753782,-0.376297249488374,1.6954595812578332,-0.006272364975236059,-0.2662989385372601,-0.7280956376495963,-0.0703379344460738,1.4388708338090175,-0.7225070169179737,1.8040736641567154,-1.7886396188442664,-0.05921315284691366,0.3164882904071001,-0.9013845448844997,-0.8238964318109443,2.215662367061069,-0.01348461045936329,-0.4916498536040232,0.7197541752608865,1.6952745607565403,1.0946280382456388,1.054962568651817,1.404356866219346,-0.4958772183730066,0.38928219269281106,-0.8610103437470686
-0.3995040507574817,0.4697388832647636,-0.07067296913004123,0.22465268979660236,0.6057447749541781,0.4269885899435596,-0.21618955976989254,-0.0781746184022309,0.07896095826771629,0.25056915685804765,-6.604370194102212e-4,0.4517368146838512,-0.14461647274763384,-0.41430604899653434,-0.10870949919890496,0.08614817947864364,-0.38836755798095174,0.4951010483563854,0.8530900469597464,-0.14717254246458805,0.39404716487436947,0.06308695223500034,-0.5805495936442838,-0.058370633619874025,0.34989995914930355,0.5693517972599478,-0.23522477532999786,0.17395677225404726,-0.0974293415526013,0.5947437593115796,0.5304012335627991,-0.17666315392706897,0.13707860879065362,0.8875896920012769,-0.18658745916607425,-0.1078206917126107,0.6654501617069051,0.25016431599516953,0.30138800249389625,0.07071576672465572,0.3178635357507437,0.3584144114972697,0.181515999692563,-0.016903163640766713
0.026770295949314328,-0.46310148583888594,-0.5806999216740896,0.8621255443953715,0.6996092213350261,-0.21618955976989254,1.1700866517122541,-0.19258154658673277,-1.0358190015758737,0.3366320245676616,0.2030941471555442,-0.007787565751506385,0.11785315956537112,-0.3667288114236535,1.140846740917951,-0.2480562295923008,-0.1740798174558268,-0.8251472053951935,-1.1396279204357438,0.46209723696084826,0.46736933012201176,-0.12064485944640266,0.9377935486215904,-0.42980296063227513,-0.7525876873735443,-0.8174670530265561,0.21015790202833762,1.0267655419962247,-1.1957918727373609,-1.4303737216598642,-1.0749620807073863,-0.11307829469238981,-0.7236820819525744,-0.7166449190762051,0.22210504089150473,-0.06916959293737743,-0.8655265897606637,0.7002588951263169,0.5922137869052004,0.2936791406280769,0.25990153803124794,-1.232899229040033,-0.2909256301203185,-0.5520719506542745
-0.5953871515316509,0.010024957316170535,0.47984911279567005,-0.6272699767923184,-1.1932372443921135,-0.0781746184022309,-0.19258154658673277,2.055228889916965,0.9974138863346221,-1.1873052613998218,0.14308312158507944,0.8543128624071527,0.3228345884213282,-1.2334282659492637,-0.5669492748689727,-2.5269986177901855,0.10020267144332988,-1.3784635629000335,-1.110911883914978,1.4516534815422946,-0.2919358447971347,0.43429450658716773,-0.5751688649365737,-0.23415262929705144,0.47559094602900037,-1.580569175815532,0.9068083044443803,0.0067059279562826065,-0.6347267810912459,-0.003544181562597698,0.536079263535445,-0.0329560081280432,1.0358964908355326,-0.8509608363306163,-0.8280768344283346,-0.38990459728246085,0.19327342717900042,0.11189365403437217,0.4862674428656407,-0.8841064506957934,-0.951265260117432,0.07469337849367609,-0.8363716048333437,0.8726678268934854
0.3083798267414265,-0.01283504493016505,0.9275400687700773,-1.5599849929742586,-1.8598755676681589,0.07896095826771629,-1.0358190015758737,0.9974138863346221,2.0465597125097457,-0.9933771299492614,-0.31265507103171436,-0.38805512903759865,0.18698232742894852,0.9532896063456062,-1.536563632130474,-0.7776245994776319,0.33785891687075714,-0.24337046324807202,0.030193190491759933,0.10055926153785082,-1.1066275949791264,0.07669601785995166,-0.6026674221231361,0.6772653921174232,0.5991547393717793,-0.5390030448533815,0.334007778250576,-1.5886332569384916,1.74171449751909,0.9980302073281918,0.4495333998261854,0.6706883972856904,1.0191336688640857,-0.8792031938121992,-0.23615386006091957,0.39138196662476543,0.2899325627467196,-1.3918031543691987,-0.6494486317639319,-0.958611962851179,-0.8868050295497142,1.0583525672086909,-0.06589029635929122,0.8080828033022045
-0.04960408438219663,0.2259351213211304,-0.5391988825896215,0.8909673477619335,1.4033773809641705,0.25056915685804765,0.3366320245676616,-1.1873052613998218,-0.9933771299492614,0.9518610426410645,0.02861037848652102,-0.017569251453038847,-0.2628069472551923,0.01668817606932526,0.6826093528992389,1.3078159886491023,-0.3769524076124876,0.8582246181427038,0.8717790222023885,-0.6937323596056614,0.6685926689304688,-0.1804953750953226,0.14469003093824997,-0.1403751027511152,-0.22253871631216127,1.0650952436601606,-0.592538667231851,0.5931604225307607,-0.3276988923509947,-0.04277240608227828,-0.14458403122059368,-0.26795682983291247,-0.6923490457520223,1.029115590717225,0.3241794877802529,0.002011154096568711,0.1558878109911341,0.5286414852355675,0.1874864934030698,0.691900409267351,0.845043028817705,-0.20013267864397247,0.45633952768971026,-0.643716652828464
-0.22457699383685326,0.055642200939945076,-0.13834619604486229,0.26015693559927505,0.28555248704328123,-6.604370194102212e-4,0.2030941471555442,0.14308312158507944,-0.31265507103171436,0.02861037848652102,0.1442854756845856,0.320915356058059,0.009145576179299963,-0.4820925698504056,0.27616818638642393,-0.27114578483431134,-0.08040806538478927,-0.141240428390346,-0.16330578825714664,0.23548416640573366,0.28218476215395094,0.03759822240111442,6.29640562184508e-4,-0.2051845638725094,-0.05047335889533001,-0.14794697767727663,0.07242990819879566,0.42359733113172804,-0.5774684318346792,-0.1961586484721487,0.038864124941129626,-0.1529781921871934,-0.05313232110251283,0.12997778649069947,-0.09667177853580912,-0.2009799150077791,0.015460934969880609,0.36447280378163044,0.2879497020145327,0.06985654601507521,0.05317085866942348,-0.2542425371136228,-0.14364367942781323,-0.04729192994773924
-1.2699161825187983,0.776488788384131,-0.231310514014574,0.6777206419686422,1.0208498500039407,0.4517368146838512,-0.007787565751506385,0.8543128624071527,-0.38805512903759865,-0.017569251453038847,0.320915356058059,1.6422847108996903,-0.08980863108431873,-2.2359837994327525,0.23077708736401514,-1.32753551501349,-0.6083154726070079,-0.05744219053281342,0.45456089605189665,0.8180085732059527,1.0123993840658032,0.4210432152431541,-1.0153977949070634,-0.6969763181456061,0.6076516026613211,0.09769794612400691,0.13181180178246302,1.180017855281788,-1.7047917811211033,0.43497123309715124,1.1435320507270972,-0.7615787901408082,0.4794461347400924,1.3795635027127935,-0.8081474676941146,-0.76791719994389,1.0350808532626385,1.2569651701537934,1.1228538875063347,0.01134685717153769,0.21718849313433047,0.029119316020690268,-0.32922595943965477,0.2583181137140288
0.09556865781312608,-0.21255319352787258,0.08743997251297397,-0.19020877199099623,-0.4050235150538919,-0.14461647274763384,0.11785315956537112,0.3228345884213282,0.18698232742894852,-0.2628069472551923,0.009145576179299963,-0.08980863108431873,0.12626485902736115,0.05842597952742607,-0.034622702995211425,-0.44058050874553345,0.11685668693260184,-0.46527031363394084,-0.5582423690568254,0.29181157518652345,-0.19684964547725706,0.009007787970535594,0.19770971069328355,0.008483383012044644,-0.10580858465469617,-0.5522216645257799,0.24122668219420113,-0.0753518822296954,-0.015163441868609892,-0.28582888673015233,-0.236109906903251,0.12574907906940744,0.07609490207853171,-0.5900261015991584,-0.020268234076264036,0.04137637490796636,-0.2847536509865548,-0.13752367110375804,-0.0014134405046741353,-0.1965003022041663,-0.2521582590674271,-0.18377363389807796,-0.19374281776036656,0.09764173138633112
1.7379773808776149,-0.836638899313573,0.491566242904769,-1.2179329875859497,-1.4833724854034498,-0.41430604899653434,-0.3667288114236535,-1.2334282659492637,0.9532896063456062,0.01668817606932526,-0.4820925698504056,-2.2359837994327525,0.05842597952742607,3.374083020190709,-0.6846096522638353,2.063815572839295,0.791266923850233,0.5032537787398299,-0.06842951942716118,-1.4061144422433565,-1.4271198779919105,-0.6386541006968606,1.054613290649956,1.1733550925257135,-0.6136874407338602,0.19063832544815715,-0.33313015385841105,-1.9689567619538393,2.847242181348985,-0.031504880181391734,-1.2499463550048238,1.2106724605689432,-0.48415164653833076,-1.5779715442761626,1.1166885027002467,1.1131799260871165,-1.0707237494934152,-2.0482786771390353,-1.6640285019071615,-0.11080715094225552,-0.29235131584171986,0.36368834695019847,0.612593315329226,-0.2810953406612424
-0.17521227140366818,-0.20963355684634463,-0.773491826555635,1.249361197735707,1.3366806178106625,-0.10870949919890496,1.140846740917951,-0.5669492748689727,-1.536563632130474,0.6826093528992389,0.27616818638642393,0.23077708736401514,-0.034622702995211425,-0.6846096522638353,1.3786624496985225,0.22939957023789098,-0.29615593688688296,-0.3041178522409962,-0.5783558222204619,0.19965996780280576,0.8328008470747229,-0.11096823325502109,0.7536117699891121,-0.5559419627896175,-0.6899268321164684,-0.18131271627698037,-0.0569089696901436,1.360339266830377,-1.5125828818928089,-1.2299359650423787,-0.7823667686994111,-0.37660722835861277,-0.887093573477977,0.07846106537786425,0.22332194676170466,-0.24075251570110803,-0.5612101271672545,1.0825021061588678,0.6785200641830645,0.6221933818154036,0.5892725532556465,-1.173782836697185,-0.12526808198060424,-0.7076444625585745
0.9406994475427656,0.04048360680233262,-0.30423735053171347,0.3242061303148281,0.9782972773439705,0.08614817947864364,-0.2480562295923008,-2.5269986177901855,-0.7776245994776319,1.3078159886491023,-0.27114578483431134,-1.32753551501349,-0.44058050874553345,2.063815572839295,0.22939957023789098,3.4830466025727773,0.11838559863806347,2.0806902653024317,1.7753996052868213,-2.1365427886913526,-0.011200963033559712,-0.5692014223581087,0.4662783423405764,0.6115454604476104,-0.396561165894562,2.2576079550306467,-1.221278315717088,-0.6248293584890535,1.5484576596585184,0.5038705867980656,-0.3878221949223181,0.2309060252801424,-1.079229428302055,1.1109051189798682,1.0662009187050145,0.5817851840525683,-0.03811774424188051,-0.5862252380063632,-1.0756743670610414,0.9959882324762162,0.9958420446163375,0.4317850377181251,1.1734190309095975,-0.8918118639244603
0.5186241335209474,-0.39033909037946646,0.2996707849582088,-0.5959270316969997,-0.9636180454983251,-0.38836755798095174,-0.1740798174558268,0.10020267144332988,0.33785891687075714,-0.3769524076124876,-0.08040806538478927,-0.6083154726070079,0.11685668693260184,0.791266923850233,-0.29615593688688296,0.11838559863806347,0.5180721411282634,-0.2176230023415238,-0.5219844469080672,-0.08734795620015373,-0.6481763544371404,-0.0834052668437737,0.3566495252115224,0.2934107956502578,-0.16719910340154442,-0.3463234534223826,0.1609925380598119,-0.6452370809275128,0.6830480394082292,-0.16063908406438415,-0.28925628295668604,0.324623605752708,0.05790912814764635,-0.814630521894455,0.195823634606757,0.19782231310900222,-0.47418564172442307,-0.6193141390080908,-0.6066616212506967,-0.18547559542050937,-0.4454493031536485,0.05028407675166684,-0.06906994448193263,0.1730530761533726
-0.041906069134033185,0.760402933006193,-0.06750867876381517,0.20196626233518666,1.0336655010006932,0.4951010483563854,-0.8251472053951935,-1.3784635629000335,-0.24337046324807202,0.8582246181427038,-0.141240428390346,-0.05744219053281342,-0.46527031363394084,0.5032537787398299,-0.3041178522409962,2.0806902653024317,-0.2176230023415238,2.0607531163067945,2.328370784241509,-1.4515023095415651,0.3512674575854377,-0.13857872298157278,-0.7674803081960171,0.3138800168177677,0.4649333705386056,2.275084639994135,-1.0060588103997434,-0.34458272654705757,0.8733513256816117,1.4559992699930333,0.9487643678527865,-0.19115460499749437,-0.16957298445051097,2.0904194393529645,0.23709267296218658,0.05376012522675513,1.0845703806376148,-0.09991535879023117,-0.4732988792086115,0.6220161671408989,0.7933853631578163,1.0373055844584926,0.8999684031389581,-0.2634900081845328
-0.484878732922898,1.1962565433762509,-0.014468182982226649,0.2629570240499683,1.3139929065753782,0.8530900469597464,-1.1396279204357438,-1.110911883914978,0.030193190491759933,0.8717790222023885,-0.16330578825714664,0.45456089605189665,-0.5582423690568254,-0.06842951942716118,-0.5783558222204619,1.7753996052868213,-0.5219844469080672,2.328370784241509,2.9969002145217494,-1.3825718100605904,0.5828970050043456,0.028262730902055114,-1.4441859105067987,0.23877721525637524,0.9241073426486694,2.6255499252474297,-1.0859186280339876,-0.27527638459477455,0.772864254904712,2.0797575157569015,1.593009488168635,-0.38906924309428387,0.17869224915674398,2.8048517794245162,-0.0934006905864143,-0.09615475674363856,1.7672476210728032,0.12018636846348278,-0.20075189061062404,0.5405651748339808,0.9059420390763677,1.4880967889107655,0.9581918637159946,-0.07863231632753427
-0.5713451060411372,-0.14644625197209524,0.011754121347854096,0.06640351555102417,-0.376297249488374,-0.14717254246458805,0.46209723696084826,1.4516534815422946,0.10055926153785082,-0.6937323596056614,0.23548416640573366,0.8180085732059527,0.29181157518652345,-1.4061144422433565,0.19965996780280576,-2.1365427886913526,-0.08734795620015373,-1.4515023095415651,-1.3825718100605904,1.413080493128876,0.1520381159408463,0.3239600730479846,-0.019929180112115624,-0.5138786723467035,0.03557478955256956,-1.5334402874668287,0.7846509864665374,0.693291422269313,-1.325309161181241,-0.7013642444847819,-0.019296254641230456,-0.22020048959612967,0.44426215052402535,-0.8023503068744897,-0.5886580426772486,-0.4050163501224649,-0.21059035205438356,0.5917867426099791,0.7923859214779188,-0.4824400974500083,-0.5232857963410649,-0.6064374645035643,-0.7904803621135207,0.3938740566659304
-0.8065119944566468,0.5303376024972178,-0.6167061468604662,1.1661865378042915,1.6954595812578332,0.39404716487436947,0.46736933012201176,-0.2919358447971347,-1.1066275949791264,0.6685926689304688,0.28218476215395094,1.0123993840658032,-0.19684964547725706,-1.4271198779919105,0.8328008470747229,-0.011200963033559712,-0.6481763544371404,0.3512674575854377,0.5828970050043456,0.1520381159408463,1.191294478689429,0.09687498970719864,-0.31694810481795105,-0.6108099430531002,0.05740852515249727,0.564418564842568,-0.2593709612890746,1.3376823511023523,-1.5289025687216218,-0.07384791377154278,0.3795955731094017,-0.6528109251667442,-0.31885253145567466,1.363515092051572,-0.22646231908919626,-0.4946845876318753,0.5409515724282424,1.2500382159407764,0.9549101622999775,0.5151071143615492,0.7372880958299441,-0.4004800088154269,0.020743361361286534,-0.38712326146536546
-0.33446719340634895,0.17365953606144308,0.04837386804701001,0.02387581851464351,-0.006272364975236059,0.06308695223500034,-0.12064485944640266,0.43429450658716773,0.07669601785995166,-0.1804953750953226,0.03759822240111442,0.4210432152431541,0.009007787970535594,-0.6386541006968606,-0.11096823325502109,-0.5692014223581087,-0.0834052668437737,-0.13857872298157278,0.028262730902055114,0.3239600730479846,0.09687498970719864,0.19452888971459106,-0.34707732942168273,-0.1677364828326189,0.2577850177372764,-0.07044345286931515,0.12760897159790277,0.16591548824501548,-0.3564755749537131,0.1776212973419936,0.3924941614654501,-0.21242835507270558,0.28745286957212957,0.24287661374717756,-0.30611411509931563,-0.19701142982888276,0.2909851087366855,0.25989494703622706,0.2104398855080776,-0.10582009916054938,-0.09183425501591869,0.1375685694181736,-0.14184875096951172,0.2266835505135163
0.8405851878919467,-0.9223560706731324,-0.27020881520571866,0.15192523954799228,-0.2662989385372601,-0.5805495936442838,0.9377935486215904,-0.5751688649365737,-0.6026674221231361,0.14469003093824997,6.29640562184508e-4,-1.0153977949070634,0.19770971069328355,1.054613290649956,0.7536117699891121,0.4662783423405764,0.3566495252115224,-0.7674803081960171,-1.4441859105067987,-0.019929180112115624,-0.31694810481795105,-0.34707732942168273,1.4743473180177855,0.058932720010809056,-1.0150643463990474,-0.8862421571026927,0.18069162823110563,0.07664580186835133,0.023503107271663964,-1.5055026864323235,-1.5779186830616587,0.3868263182597648,-0.8277576466918396,-1.5829504477024556,0.6685578807986859,0.38065128376199,-1.4569468970589299,-0.2735370785762569,-0.2594509421344743,0.17131839473129715,-0.059990307094882005,-1.1042252813410878,-0.12197856821472187,-0.5281065221539721
0.5348813999774882,-0.15179201297832962,0.3421586807849636,-0.66181857195592,-0.7280956376495963,-0.058370633619874025,-0.42980296063227513,-0.23415262929705144,0.6772653921174232,-0.1403751027511152,-0.2051845638725094,-0.6969763181456061,0.008483383012044644,1.1733550925257135,-0.5559419627896175,0.6115454604476104,0.2934107956502578,0.3138800168177677,0.23877721525637524,-0.5138786723467035,-0.6108099430531002,-0.1677364828326189,0.058932720010809056,0.5122971953374971,0.017158003457922396,0.17253286114269525,-0.11879089258376532,-0.9263706150022384,1.2470206789584632,0.3769468566376908,-0.11842993243566272,0.45636451285484153,0.08382296129309383,-0.3968588325814128,0.27107797190148797,0.37508103295425893,-0.10057790219905048,-0.8671991719545157,-0.6709706438804715,-0.17085750695354096,-0.2113382015323645,0.45578666661542677,0.23826484424467015,0.0866078409914652
-0.5018361705224559,0.5901767935960613,0.289664875610655,-0.29242862899457456,-0.0703379344460738,0.34989995914930355,-0.7525876873735443,0.47559094602900037,0.5991547393717793,-0.22253871631216127,-0.05047335889533001,0.6076516026613211,-0.10580858465469617,-0.6136874407338602,-0.6899268321164684,-0.396561165894562,-0.16719910340154442,0.4649333705386056,0.9241073426486694,0.03557478955256956,0.05740852515249727,0.2577850177372764,-1.0150643463990474,0.017158003457922396,0.7502852275992359,0.5478642661576649,-0.07784861438751368,-0.2486960866220547,0.1734570646098025,1.1003943528426752,1.1112700684288286,-0.2169921780143052,0.6779298740107614,0.9508473021154558,-0.4737412096990888,-0.20788062426314136,0.9713562531595265,0.016264659549325013,0.06781271844379477,-0.21607778094990063,-0.0725814276537239,0.8490465036852127,0.07443402878881981,0.46718097283390003
-0.19669834635295694,0.903805603919167,-0.20750121091554344,0.4883153773560237,1.4388708338090175,0.5693517972599478,-0.8174670530265561,-1.580569175815532,-0.5390030448533815,1.0650952436601606,-0.14794697767727663,0.09769794612400691,-0.5522216645257799,0.19063832544815715,-0.18131271627698037,2.2576079550306467,-0.3463234534223826,2.275084639994135,2.6255499252474297,-1.5334402874668287,0.564418564842568,-0.07044345286931515,-0.8862421571026927,0.17253286114269525,0.5478642661576649,2.657024374206838,-1.1428830003930808,-0.1197849887081274,0.6323928924391112,1.5381684364684198,1.1197674544674099,-0.43236063503327227,-0.23547108153882285,2.5585435169768322,0.18131376388833687,-0.021420019547355593,1.2648738549302383,0.1926487400072622,-0.36918223455970545,0.805434955301253,1.017199938916366,1.0882367510563815,0.9977405883920322,-0.3261788272120259
-0.049944989726089545,-0.29926683763412776,0.164669294233886,-0.2848447892778121,-0.7225070169179737,-0.23522477532999786,0.21015790202833762,0.9068083044443803,0.334007778250576,-0.592538667231851,0.07242990819879566,0.13181180178246302,0.24122668219420113,-0.33313015385841105,-0.0569089696901436,-1.221278315717088,0.1609925380598119,-1.0060588103997434,-1.0859186280339876,0.7846509864665374,-0.2593709612890746,0.12760897159790277,0.18069162823110563,-0.11879089258376532,-0.07784861438751368,-1.1428830003930808,0.5518305918194252,0.039682732931717,-0.3472775798198233,-0.5041107624397807,-0.23680733183969382,0.10174803301346425,0.28565013008728146,-0.979925570684396,-0.22855419153873105,-0.07871710917515229,-0.3829808735593072,-0.02813459877298005,0.18439003529837217,-0.4203386858883047,-0.527217963300177,-0.33031057254844903,-0.48876469882717927,0.2965993096637822
-0.9190108168283856,0.2667575545069554,-0.8350387231298345,1.5252725653015042,1.8040736641567154,0.17395677225404726,1.0267655419962247,0.0067059279562826065,-1.5886332569384916,0.5931604225307607,0.42359733113172804,1.180017855281788,-0.0753518822296954,-1.9689567619538393,1.360339266830377,-0.6248293584890535,-0.6452370809275128,-0.34458272654705757,-0.27527638459477455,0.693291422269313,1.3376823511023523,0.16591548824501548,0.07664580186835133,-0.9263706150022384,-0.2486960866220547,-0.1197849887081274,0.039682732931717,1.9244184233157062,-2.3758041074676037,-0.8572082608105264,-0.034886948460997866,-0.8056066132014136,-0.4983131915332337,0.8671700447083831,-0.2942041710597114,-0.6525773985484044,0.10354449361612009,1.7196975097226637,1.2878903210041914,0.5506613975363613,0.6608998910845069,-1.0373301626913514,-0.3081936077172896,-0.4713482000772868
1.2881766333108686,-0.2951162950900996,0.8725144987229018,-1.662859963584101,-1.7886396188442664,-0.0974293415526013,-1.1957918727373609,-0.6347267810912459,1.74171449751909,-0.3276988923509947,-0.5774684318346792,-1.7047917811211033,-0.015163441868609892,2.847242181348985,-1.5125828818928089,1.5484576596585184,0.6830480394082292,0.8733513256816117,0.772864254904712,-1.325309161181241,-1.5289025687216218,-0.3564755749537131,0.023503107271663964,1.2470206789584632,0.1734570646098025,0.6323928924391112,-0.3472775798198233,-2.3758041074676037,3.1811541666316008,1.1015466394080131,-0.14308308349924637,1.047319682034882,0.2905268985247779,-0.7986883320474082,0.615364778949781,0.9583375968016098,-0.1274127821533243,-2.159981946840661,-1.6844601498159184,-0.42701073903511416,-0.48030547627212716,1.293032943432462,0.6621378441873577,0.2784741391918875
-0.3978991246169772,0.9455872268521004,0.5038883977007491,-0.629160515079433,-0.05921315284691366,0.5947437593115796,-1.4303737216598642,-0.003544181562597698,0.9980302073281918,-0.04277240608227828,-0.1961586484721487,0.43497123309715124,-0.28582888673015233,-0.031504880181391734,-1.2299359650423787,0.5038705867980656,-0.16063908406438415,1.4559992699930333,2.0797575157569015,-0.7013642444847819,-0.07384791377154278,0.1776212973419936,-1.5055026864323235,0.3769468566376908,1.1003943528426752,1.5381684364684198,-0.5041107624397807,-0.8572082608105264,1.1015466394080131,2.0793539423536145,1.6651298340782552,-0.09861045562499203,0.832198680629833,1.7354271642986001,-0.3734090350428325,-0.06702132206118212,1.548102138869362,-0.4503687095827782,-0.3750331225000549,-0.1477890915587413,0.084075326424105,1.6110607645865362,0.5187073003961414,0.5250925847278856
-0.9170304543610318,1.024771398092989,0.2834898437570864,-0.15289188241338966,0.3164882904071001,0.5304012335627991,-1.0749620807073863,0.536079263535445,0.4495333998261854,-0.14458403122059368,0.038864124941129626,1.1435320507270972,-0.236109906903251,-1.2499463550048238,-0.7823667686994111,-0.3878221949223181,-0.28925628295668604,0.9487643678527865,1.593009488168635,-0.019296254641230456,0.3795955731094017,0.3924941614654501,-1.5779186830616587,-0.11842993243566272,1.1112700684288286,1.1197674544674099,-0.23680733183969382,-0.034886948460997866,-0.14308308349924637,1.6651298340782552,1.841503673999316,-0.5246981976530787,0.8894416418316491,1.9053732881966228,-0.7205134174587335,-0.5009095647379707,1.5895129243931263,0.35378120351188364,0.21195385542705808,-0.09797393708772369,0.06866537680841739,1.1776526082043826,0.14014743292747417,0.5981899793912397
0.6200798813204454,-0.38889237262314374,0.30616341032478095,-0.6686256558954329,-0.9013845448844997,-0.17666315392706897,-0.11307829469238981,-0.0329560081280432,0.6706883972856904,-0.26795682983291247,-0.1529781921871934,-0.7615787901408082,0.12574907906940744,1.2106724605689432,-0.37660722835861277,0.2309060252801424,0.324623605752708,-0.19115460499749437,-0.38906924309428387,-0.22020048959612967,-0.6528109251667442,-0.21242835507270558,0.3868263182597648,0.45636451285484153,-0.2169921780143052,-0.43236063503327227,0.10174803301346425,-0.8056066132014136,1.047319682034882,-0.09861045562499203,-0.5246981976530787,0.5865501518531552,-0.0013209769058466552,-1.0019599457262018,0.3181856208775497,0.4055160282097415,-0.48194420403146265,-0.8846569252391859,-0.5312995513756719,-0.2869481653698216,-0.35063174711613,0.07150496214869341,0.03815215882209338,0.03662810824987344
-0.3568522535134434,0.3145894599630726,0.5120648299921344,-0.7131625055414855,-0.8238964318109443,0.13707860879065362,-0.7236820819525744,1.0358964908355326,1.0191336688640857,-0.6923490457520223,-0.05313232110251283,0.4794461347400924,0.07609490207853171,-0.48415164653833076,-0.887093573477977,-1.079229428302055,0.05790912814764635,-0.16957298445051097,0.17869224915674398,0.44426215052402535,-0.31885253145567466,0.28745286957212957,-0.8277576466918396,0.08382296129309383,0.6779298740107614,-0.23547108153882285,0.28565013008728146,-0.4983131915332337,0.2905268985247779,0.832198680629833,0.8894416418316491,-0.0013209769058466552,0.8994576111793855,0.10842385117915114,-0.5395702703587625,-0.15199611269130264,0.6320955715417638,-0.2850869533168756,-0.014384201539962296,-0.5673815260042449,-0.5254918719113406,0.7123536202994643,-0.2084980690498414,0.7032982649603797
-1.1754375295599995,1.4471833321311718,-0.41057066072143084,1.0411344781289724,2.215662367061069,0.8875896920012769,-0.7166449190762051,-0.8509608363306163,-0.8792031938121992,1.029115590717225,0.12997778649069947,1.3795635027127935,-0.5900261015991584,-1.5779715442761626,0.07846106537786425,1.1109051189798682,-0.814630521894455,2.0904194393529645,2.8048517794245162,-0.8023503068744897,1.363515092051572,0.24287661374717756,-1.5829504477024556,-0.3968588325814128,0.9508473021154558,2.5585435169768322,-0.979925570684396,0.8671700447083831,-0.7986883320474082,1.7354271642986001,1.9053732881966228,-1.0019599457262018,0.10842385117915114,3.4856053505064515,-0.43949303054926964,-0.633782793222978,1.9730772452194745,1.1991422078152267,0.5627693225616384,0.7941701833216404,1.1548883128675442,0.9806882259997405,0.6777202268434173,-0.14592809568056705
0.6297032490974614,-0.360437443304455,-0.1013283138086289,-0.009864456480462764,-0.01348461045936329,-0.18658745916607425,0.22210504089150473,-0.8280768344283346,-0.23615386006091957,0.3241794877802529,-0.09667177853580912,-0.8081474676941146,-0.020268234076264036,1.1166885027002467,0.22332194676170466,1.0662009187050145,0.195823634606757,0.23709267296218658,-0.0934006905864143,-0.5886580426772486,-0.22646231908919626,-0.30611411509931563,0.6685578807986859,0.27107797190148797,-0.4737412096990888,0.18131376388833687,-0.22855419153873105,-0.2942041710597114,0.615364778949781,-0.3734090350428325,-0.7205134174587335,0.3181856208775497,-0.5395702703587625,-0.43949303054926964,0.5527807069209763,0.35568711769614064,-0.5737773241946927,-0.42701049770157223,-0.44632428228680904,0.23915499208045038,0.1635964536402624,-0.2384065169418795,0.2641513423250338,-0.3950190178946552
0.5763079419735545,-0.3078137370434028,0.1493904833550301,-0.3938352742270613,-0.4916498536040232,-0.1078206917126107,-0.06916959293737743,-0.38990459728246085,0.39138196662476543,0.002011154096568711,-0.2009799150077791,-0.76791719994389,0.04137637490796636,1.1131799260871165,-0.24075251570110803,0.5817851840525683,0.19782231310900222,0.05376012522675513,-0.09615475674363856,-0.4050163501224649,-0.4946845876318753,-0.19701142982888276,0.38065128376199,0.37508103295425893,-0.20788062426314136,-0.021420019547355593,-0.07871710917515229,-0.6525773985484044,0.9583375968016098,-0.06702132206118212,-0.5009095647379707,0.4055160282097415,-0.15199611269130264,-0.633782793222978,0.35568711769614064,0.43465609004325395,-0.39663552186468126,-0.6932808882180662,-0.49962893024061117,-0.08294723214238271,-0.08613601184361751,0.09427966392351636,0.2009867792160969,-0.09705754153148233
-0.8696904354092629,1.022279651586898,0.10982742510614103,0.11242625008859677,0.7197541752608865,0.6654501617069051,-0.8655265897606637,0.19327342717900042,0.2899325627467196,0.1558878109911341,0.015460934969880609,1.0350808532626385,-0.2847536509865548,-1.0707237494934152,-0.5612101271672545,-0.03811774424188051,-0.47418564172442307,1.0845703806376148,1.7672476210728032,-0.21059035205438356,0.5409515724282424,0.2909851087366855,-1.4569468970589299,-0.10057790219905048,0.9713562531595265,1.2648738549302383,-0.3829808735593072,0.10354449361612009,-0.1274127821533243,1.548102138869362,1.5895129243931263,-0.48194420403146265,0.6320955715417638,1.9730772452194745,-0.5737773241946927,-0.39663552186468126,1.5484846388084859,0.43084758313671573,0.3140802100196611,0.049748343850353496,0.33110843553687697,1.0631858554465152,0.2757106935348824,0.33957089660980333
-1.0071856117689195,0.4358293405641977,-0.7091528428291173,1.4057321243099503,1.6952745607565403,0.25016431599516953,0.7002588951263169,0.11189365403437217,-1.3918031543691987,0.5286414852355675,0.36447280378163044,1.2569651701537934,-0.13752367110375804,-2.0482786771390353,1.0825021061588678,-0.5862252380063632,-0.6193141390080908,-0.09991535879023117,0.12018636846348278,0.5917867426099791,1.2500382159407764,0.25989494703622706,-0.2735370785762569,-0.8671991719545157,0.016264659549325013,0.1926487400072622,-0.02813459877298005,1.7196975097226637,-2.159981946840661,-0.4503687095827782,0.35378120351188364,-0.8846569252391859,-0.2850869533168756,1.1991422078152267,-0.42701049770157223,-0.6932808882180662,0.43084758313671573,1.694458278323264,1.159228655175575,0.520379173016123,0.6254050912640485,-0.6372192954514727,-0.23527342427207756,-0.29768146243889715
-0.8685029854338191,0.33009752446732427,-0.4504924059382677,0.8883546590549719,1.0946280382456388,0.30138800249389625,0.5922137869052004,0.4862674428656407,-0.6494486317639319,0.1874864934030698,0.2879497020145327,1.1228538875063347,-0.0014134405046741353,-1.6640285019071615,0.6785200641830645,-1.0756743670610414,-0.6066616212506967,-0.4732988792086115,-0.20075189061062404,0.7923859214779188,0.9549101622999775,0.2104398855080776,-0.2594509421344743,-0.6709706438804715,0.06781271844379477,-0.36918223455970545,0.18439003529837217,1.2878903210041914,-1.6844601498159184,-0.3750331225000549,0.21195385542705808,-0.5312995513756719,-0.014384201539962296,0.5627693225616384,-0.44632428228680904,-0.49962893024061117,0.3140802100196611,1.159228655175575,1.1454461634058624,0.10061009468067861,0.3206038882159366,-0.5727699582648769,-0.3440103552067512,-0.12024748828144118
-0.044654887929059715,0.1254291225795318,-0.4379173548373556,0.7385886749286257,1.054962568651817,0.07071576672465572,0.2936791406280769,-0.8841064506957934,-0.958611962851179,0.691900409267351,0.06985654601507521,0.01134685717153769,-0.1965003022041663,-0.11080715094225552,0.6221933818154036,0.9959882324762162,-0.18547559542050937,0.6220161671408989,0.5405651748339808,-0.4824400974500083,0.5151071143615492,-0.10582009916054938,0.17131839473129715,-0.17085750695354096,-0.21607778094990063,0.805434955301253,-0.4203386858883047,0.5506613975363613,-0.42701073903511416,-0.1477890915587413,-0.09797393708772369,-0.2869481653698216,-0.5673815260042449,0.7941701833216404,0.23915499208045038,-0.08294723214238271,0.049748343850353496,0.520379173016123,0.10061009468067861,0.598529977553149,0.6089435532171349,-0.2261234833096153,0.29180393598226334,-0.47730838994028213
-0.2337033560517824,0.3376439058390409,-0.5029460447135745,0.8742312305209271,1.404356866219346,0.3178635357507437,0.25990153803124794,-0.951265260117432,-0.8868050295497142,0.845043028817705,0.05317085866942348,0.21718849313433047,-0.2521582590674271,-0.29235131584171986,0.5892725532556465,0.9958420446163375,-0.4454493031536485,0.7933853631578163,0.9059420390763677,-0.5232857963410649,0.7372880958299441,-0.09183425501591869,-0.059990307094882005,-0.2113382015323645,-0.0725814276537239,1.017199938916366,-0.527217963300177,0.6608998910845069,-0.48030547627212716,0.084075326424105,0.06866537680841739,-0.35063174711613,-0.5254918719113406,1.1548883128675442,0.1635964536402624,-0.08613601184361751,0.33110843553687697,0.6254050912640485,0.3206038882159366,0.6089435532171349,0.8021425112287545,-0.11395601282124192,0.3854875259431494,-0.5250097613314477
-0.08606179965566815,0.5770668621391944,0.5439830588451107,-0.7517724642487501,-0.4958772183730066,0.3584144114972697,-1.232899229040033,0.07469337849367609,1.0583525672086909,-0.20013267864397247,-0.2542425371136228,0.029119316020690268,-0.18377363389807796,0.36368834695019847,-1.173782836697185,0.4317850377181251,0.05028407675166684,1.0373055844584926,1.4880967889107655,-0.6064374645035643,-0.4004800088154269,0.1375685694181736,-1.1042252813410878,0.45578666661542677,0.8490465036852127,1.0882367510563815,-0.33031057254844903,-1.0373301626913514,1.293032943432462,1.6110607645865362,1.1776526082043826,0.07150496214869341,0.7123536202994643,0.9806882259997405,-0.2384065169418795,0.09427966392351636,1.0631858554465152,-0.6372192954514727,-0.5727699582648769,-0.2261234833096153,-0.11395601282124192,1.4147771219617742,0.40834869904824417,0.5086349023619864
0.20112744570200547,0.19404691595023568,-0.042359941422493934,0.04812492861563888,0.38928219269281106,0.181515999692563,-0.2909256301203185,-0.8363716048333437,-0.06589029635929122,0.45633952768971026,-0.14364367942781323,-0.32922595943965477,-0.19374281776036656,0.612593315329226,-0.12526808198060424,1.1734190309095975,-0.06906994448193263,0.8999684031389581,0.9581918637159946,-0.7904803621135207,0.020743361361286534,-0.14184875096951172,-0.12197856821472187,0.23826484424467015,0.07443402878881981,0.9977405883920322,-0.48876469882717927,-0.3081936077172896,0.6621378441873577,0.5187073003961414,0.14014743292747417,0.03815215882209338,-0.2084980690498414,0.6777202268434173,0.2641513423250338,0.2009867792160969,0.2757106935348824,-0.23527342427207756,-0.3440103552067512,0.29180393598226334,0.3854875259431494,0.40834869904824417,0.4860954177553392,-0.2186961099166346
-0.17752990548112593,0.1270572612306646,0.4457404786434219,-0.6502669365430701,-0.8610103437470686,-0.016903163640766713,-0.5520719506542745,0.8726678268934854,0.8080828033022045,-0.643716652828464,-0.04729192994773924,0.2583181137140288,0.09764173138633112,-0.2810953406612424,-0.7076444625585745,-0.8918118639244603,0.1730530761533726,-0.2634900081845328,-0.07863231632753427,0.3938740566659304,-0.38712326146536546,0.2266835505135163,-0.5281065221539721,0.0866078409914652,0.46718097283390003,-0.3261788272120259,0.2965993096637822,-0.4713482000772868,0.2784741391918875,0.5250925847278856,0.5981899793912397,0.03662810824987344,0.7032982649603797,-0.14592809568056705,-0.3950190178946552,-0.09705754153148233,0.33957089660980333,-0.29768146243889715,-0.12024748828144118,-0.47730838994028213,-0.5250097613314477,0.5086349023619864,-0.2186961099166346,0.5926338391291703
