V1,V2,V3,V4,V5,V6,V7,V8,V9,V10,V11,V12,V13,V14,V15,V16,V17,V18,V19,V20,V21,V22,V23,V24,V25,V26,V27,V28,V29,V30,V31,V32,V33,V34,V35,V36,V37,V38,V39,V40,V41,V42,V43,V44
1.2559552571141606,-0.45639263030594,0.41303261999219615,0.7952539759983047,-0.7987645615013502,1.2052751597665294,-0.03085004926429398,-0.9997198647081695,-0.5406667282379605,-1.2178215530665288,-0.10837437913015767,-0.5441935627680744,-1.3875014506557057,-0.6461294536904301,0.32332101246655964,0.3918415515811029,0.35090798428273584,-0.6063175686498813,0.992067365618397,-0.6638254431843911,0.3602602192693107,0.5405809735695821,-0.7186262071198285,-0.3713993967706237,-0.23055475407292705,0.6636998955357066,0.3953290593121058,-0.005685924073279249,0.6159219262786815,0.26233004375481894,-0.5313466988870542,-0.006062180630062576,-0.46914377203156993,0.6468110391304411,-1.559835438217723,0.7960247714974188,0.05660596088104123,-0.11359345715518128,-0.8829483754616275,-0.6146062848355591,0.8653471149328861,-0.067669690252276593,0.29212433427918233,0.44059733707472887
-0.45639263030594,0.9087464149400186,-0.36513285777893706,-0.24913019680797405,0.06422644925629786,-0.8007096984069496,0.40577774269105726,0.0358680922769019,0.18805675429974025,1.3490501029819835,0.7488017520663729,0.11276389425570471,0.8759115833341591,0.3229204614852266,0.5171705809864733,1.07556806743005,-0.924475999936947,0.865160692478032,-0.23065953870844408,1.1884274151861272,-1.3973214066862913,-0.5044208438143636,0.14938223629541392,-0.28142353324900976,0.09454519634233836,-0.23909547544019089,0.08937883653053026,0.38653326967687246,-0.7314482988427264,0.9177328185400285,-0.7110317332164449,-0.6428938914574835,0.24768235923350543,-0.9098482940951665,-0.19982044834263668,-0.7663336516182077,0.48557722527108965,0.37854838392550555,1.196725393359093,1.0526781682274335,-0.9247750991257346,-0.8732324634165013,0.38891174864468386,-0.20870212919617875
0.41303261999219615,-0.36513285777893706,0.30794351913254514,0.46296899196459446,0.13642789593247262,0.6465972513070766,0.14734568801274706,-0.057811965457982305,0.09235726812348562,-0.4281076434680997,-0.06484059793716654,0.08651714498099276,-0.588228756617061,0.27065031476807283,0.19098896574259236,-0.05810614157251722,0.3215608979024714,-0.03055836704601669,-0.16623267259811653,-0.47499522756615686,0.35815830459390025,0.4163353766418734,0.03268703472368761,0.31594379056822247,0.012987754042589915,0.29001899874066606,0.052943734740796985,-0.03937164775934318,0.12702502670734847,-0.3274746456860835,0.20896088061298596,-0.002374467268618999,-0.16150989922843142,0.3488167162472212,0.047458801124197175,0.49787670453447486,-0.12104540048170336,-0.030042020750811377,-0.3550384781596976,-0.23609869530823716,0.45101023055541184,-0.27038964447852404,-0.17662343469304617,0.0766774617796828
0.7952539759983047,-0.24913019680797405,0.46296899196459446,1.0096576901556236,0.2658849068504689,1.0132980423239168,0.6145594590348932,-0.23712160450750097,0.2860366547921161,-0.1394475168788474,0.38336235995074086,0.19618385923918533,-0.8689971195640599,0.7597943090361544,0.8554813385218952,0.69577056835631,0.15471799363869682,0.4736612550390149,-0.41828249615060614,-0.29192758591473317,-0.12772828580422935,0.6531129550144068,0.061420857390731554,0.46062548535412634,0.04075206218165796,0.5859034501020441,0.2192374164304686,0.18779523209593568,-0.13857881859700782,-0.0353050796715923,-0.14624550462955002,-0.458484083544873,-0.2562512769181259,0.20488455243362733,-0.3131403832222625,0.706144788130418,0.053363759076315305,0.16642753752563477,-0.08746837244538949,0.14280988720582483,0.480709010569,-1.2013285071526647,-0.08368667631880419,0.10445829728453165
-0.7987645615013502,0.06422644925629786,0.13642789593247262,0.2658849068504689,1.8675820470166147,-0.2133479473680011,0.8752111782629186,1.4186530059312934,1.373249678726781,1.4616915911549915,0.5401622947493139,1.2367219287895908,0.7648052279537141,2.283133732672456,0.5851734884451254,0.039258060231697416,-0.00887293757459862,1.5185078635756875,-2.403932974299172,0.2961593412070075,-0.3298560273727289,0.2588396340126985,1.3627955946915786,1.542949952135429,0.4499787212357167,-0.12207461166332,-0.4040842877928256,0.16635398879714405,-1.0271896104981575,-0.8934348201566767,0.9906939267747134,-0.4327558379229179,0.33947191370901286,-0.5019900694552689,2.3551019597282283,0.015663351420376923,-0.1924751568742654,0.3099240864818623,0.936914907926318,0.9444911292625572,-0.4467991265215628,-1.4794152294361715,-0.8013760413666328,-0.52968145564072
1.2052751597665294,-0.8007096984069496,0.6465972513070766,1.0132980423239168,-0.2133479473680011,1.615239069796604,0.15466604655700986,-0.5751030358826082,-0.15495895485435002,-1.26870798243485,-0.17304176350200914,-0.17525210877272634,-1.5733386827773557,0.04446080049524291,0.39978129445826355,0.07394888760614399,0.6588439529937986,-0.40137083099726906,0.26845697111170397,-1.0880699316980387,0.7666353230258346,0.850744349985094,-0.268979491451162,0.31345624135723565,-0.0783016982484204,0.7664921626308234,0.2505969951672872,-0.07606030682671981,0.5411141564777039,-0.3963254877962067,0.08892830528895099,0.0765507119833008,-0.4930755164491642,0.866329328036696,-0.6783645644301051,1.1065177900942562,-0.10938389686784102,-0.13786973982303313,-1.0652052561083962,-0.695360947587063,1.088280051247171,-0.36008834596771583,-0.1334135478768514,0.34492486935279737
-0.03085004926429398,0.40577774269105726,0.14734568801274706,0.6145594590348932,0.8752111782629186,0.15466604655700986,0.9823199982030317,0.3619088393345789,0.7920893732961769,1.239213200396918,0.9046466599657956,0.6472918384218282,0.19741118743997846,1.5236417034225362,1.107445547279424,1.1375984837675868,-0.47831184492583334,1.3908714165473095,-1.276101546460272,0.6079557927818389,-1.0524517736414083,0.23213205780594937,0.6317824420955634,0.7024182808300458,0.2593382671039993,0.20044246401087898,0.0635921651483093,0.4199720540051419,-0.9169523797015522,0.2102694150234032,-0.1591783076889673,-0.8603669409763436,0.09397169236084221,-0.5759339589842662,0.5341542357763968,0.00952236568293969,0.28585629635977466,0.4555968214271699,1.002627183206134,1.0668004071838646,-0.3900357246888616,-1.8902920405678092,-0.11265560055064912,-0.2486879332587714
-0.9997198647081695,0.0358680922769019,-0.057811965457982305,-0.23712160450750097,1.4186530059312934,-0.5751030358826082,0.3619088393345789,1.3229731381432428,0.9828883069290397,1.066712096729178,0.1269686114082479,0.9352868198070946,0.9380116639039812,1.479151222683937,-0.03178692931303648,-0.5156318499653848,0.073524351230219,0.8947620210616125,-1.7634506502691956,0.20169169794205508,0.023551846530347146,-0.01968636085709374,1.07026235895906,1.1083171555159663,0.3377134134887269,-0.3807042969293031,-0.4596104584062818,-0.020850956336229035,-0.6805029179754538,-0.886586194083287,1.0386548538107734,-0.02590037410958177,0.3878947627563343,-0.36708263807524744,2.1809910010780134,-0.21845849439433687,-0.2805080530442268,0.12335405156009328,0.6479085332986023,0.541984597629511,-0.4561270803800508,-0.47880948926381856,-0.6978360299088787,-0.4699381882466361
-0.5406667282379605,0.18805675429974025,0.09235726812348562,0.2860366547921161,1.373249678726781,-0.15495895485435002,0.7920893732961769,0.9828883069290397,1.0585438043721842,1.2740268079398147,0.5826112706971873,0.9312816900777712,0.5802346532245792,1.7929369381215485,0.6372313402557651,0.3340458446943497,-0.1599728543543222,1.310743197300347,-1.8128971583889508,0.3985264479906639,-0.5232196297477707,0.18390624713412623,1.0012209234206653,1.1128714376950113,0.3464417332699235,-0.05384111441232839,-0.23523993064495874,0.21730287021423966,-0.8954325683850947,-0.46225178458696364,0.554312544631655,-0.4920834037720205,0.2578467863347243,-0.493890300122733,1.5924022505970297,-0.033819865481863685,-0.033107132694196004,0.3173489415891138,0.8796374141033877,0.8903952436955113,-0.4226349765372093,-1.3946616323330447,-0.5065368293558814,-0.40021408515565876
-1.2178215530665288,1.3490501029819835,-0.4281076434680997,-0.1394475168788474,1.4616915911549915,-1.26870798243485,1.239213200396918,1.066712096729178,1.2740268079398147,3.0728151598128943,1.5233326094822448,1.0565291150249472,1.819564827194093,2.1656272399102434,1.2375142836775088,1.6603520086907504,-1.362132704190215,2.402397678478851,-2.1055602398686184,1.9352817939824978,-2.280229793085313,-0.5448690293392485,1.2525578540085376,0.7524388432109781,0.4626019873731815,-0.3892758114729974,-0.17660915032762622,0.7107697250110372,-1.7970840715876548,0.6993250157372862,-0.3560208092205917,-1.2679252296791983,0.5673013037326421,-1.7081502703696683,1.3753577061330977,-1.0990842669227319,0.6119160754851162,0.7660062879433278,2.3941929154484876,2.248326271727176,-1.684943778239565,-2.3910869041839264,-0.019157550809920296,-0.6786999864284774
-0.10837437913015767,0.7488017520663729,-0.06484059793716654,0.38336235995074086,0.5401622947493139,-0.17304176350200914,0.9046466599657956,0.1269686114082479,0.5826112706971873,1.5233326094822448,1.0899284539471432,0.41237380238566335,0.471120072068042,1.1712664155443728,1.1393563917760843,1.538391353970213,-0.8349324777014568,1.399022192441414,-0.8922794865904505,1.0487461993526777,-1.5232798840408146,-0.08849207503394803,0.45748138539429134,0.2857446498546869,0.20262257151506083,0.13338118426367346,0.13821681591008078,0.5375921612232785,-0.9535344494054495,0.7365714076063119,-0.643522761292344,-0.9574925799768986,0.12172147653810103,-0.8796570788333486,-0.014691478120573077,-0.34606826605861724,0.5272958504131042,0.5132107603779565,1.2384043911425178,1.3028070358760266,-0.7316525369575889,-1.847294594606954,0.20306911509852296,-0.22295768719210626
-0.5441935627680744,0.11276389425570471,0.08651714498099276,0.19618385923918533,1.2367219287895908,-0.17525210877272634,0.6472918384218282,0.9352868198070946,0.9312816900777712,1.0565291150249472,0.41237380238566335,0.8682011119994415,0.5485504682779996,1.555662082202217,0.45456639381883895,0.10137361492254553,-0.09569880984923275,1.1070590829384959,-1.6221387369503049,0.25957244207004404,-0.3141262323916387,0.1729320252178712,0.9144548290918036,1.0114833603171678,0.3165545474238996,-0.11486750992284919,-0.24154535289144904,0.14876023430096294,-0.773873229336563,-0.5153570966886977,0.6302357922228455,-0.3791723574550135,0.2530051770490049,-0.36865362562215337,1.5758330503111873,-0.03527948917058535,-0.08999795140089581,0.24844233823954542,0.759038106650945,0.7023956935676706,-0.3326412408931081,-1.0951578340939125,-0.5054121545496223,-0.38502894753410544
-1.3875014506557057,0.8759115833341591,-0.588228756617061,-0.8689971195640599,0.7648052279537141,-1.5733386827773557,0.19741118743997846,0.9380116639039812,0.5802346532245792,1.819564827194093,0.471120072068042,0.5485504682779996,1.7841574095295427,0.727863261685859,-0.06746926112215818,0.16885609009538116,-0.7806610401517206,0.9873958440658889,-1.0278268412187044,1.23856614987251,-1.0084457677377194,-0.7782701832025036,0.73836955203423,0.17542767989726066,0.24345928146881896,-0.7262632611184674,-0.33800138390566165,0.2051558662300479,-0.9040412592527788,0.24131600320886432,0.10728270485571186,-0.29650690739924535,0.5633387690544279,-1.0751239335756964,1.2851079289519285,-1.1296572778837024,0.17468308144504258,0.270861311870964,1.4135921350824006,1.1009928194342322,-1.2862656528978647,-0.30660880122743145,-0.052616743469207326,-0.512800907831585
-0.6461294536904301,0.3229204614852266,0.27065031476807283,0.7597943090361544,2.283133732672456,0.04446080049524291,1.5236417034225362,1.479151222683937,1.7929369381215485,2.1656272399102434,1.1712664155443728,1.555662082202217,0.727863261685859,3.1729111861453076,1.3958921082335785,0.9380945115405813,-0.3468974232829007,2.3727052221480003,-3.060710453231955,0.6680229115220673,-1.0615710375927654,0.44279343304062035,1.6765145732979205,1.91122644975832,0.5865223670203425,0.10855433740415199,-0.2926010980563418,0.47350284302497264,-1.5549533561611604,-0.6388645853370124,0.7347542025604975,-1.025892772772918,0.33053032741697613,-0.842103834108302,2.4102580603399577,0.07506190116105342,0.06431778989599751,0.6116674126648141,1.5103451447044982,1.6161285404304235,-0.6445161555458253,-2.7754464085762462,-0.7880961062562867,-0.6317327703021173
0.32332101246655964,0.5171705809864733,0.19098896574259236,0.8554813385218952,0.5851734884451254,0.39978129445826355,1.107445547279424,-0.03178692931303648,0.6372313402557651,1.2375142836775088,1.1393563917760843,0.45456639381883895,-0.06746926112215818,1.3958921082335785,1.450375194097855,1.69986443463469,-0.6579613650357177,1.4556645116313753,-0.9610966259543351,0.7364957222737578,-1.3927912420857076,0.2682573214487017,0.4260695396908141,0.4835955030688442,0.1964099633983612,0.41695156352634366,0.24290401679811796,0.5699021994787751,-0.9023620327969722,0.6292367245502593,-0.6439402989208813,-1.0838994672598596,-0.04440377938525825,-0.6502789128619835,-0.1790805444587574,0.06412021901119305,0.5017144765919185,0.5383503602922308,1.0241502756036867,1.1969363708632381,-0.3751856871280484,-2.236944524808223,0.13227282162991713,-0.13713623398607971
0.3918415515811029,1.07556806743005,-0.05810614157251722,0.69577056835631,0.039258060231697416,0.07394888760614399,1.1375984837675868,-0.5156318499653848,0.3340458446943497,1.6603520086907504,1.538391353970213,0.10137361492254553,0.16885609009538116,0.9380945115405813,1.69986443463469,2.5621373062507886,-1.2530757265024361,1.576681611022059,-0.36769727077914055,1.4391869420065815,-2.2609899126340167,-0.11230928261305682,0.09671699023956361,-0.15873597905546807,0.11658502902867882,0.41805801405008863,0.45537126678093376,0.807859270457085,-1.029217782514394,1.559148647754344,-1.5072836350241259,-1.3803232602561941,-0.032500519397156404,-1.097991967663932,-1.2115817053125795,-0.3726552607123503,0.9336619933985457,0.6918556566096146,1.4475474634796834,1.6255711079345214,-0.8255225186678022,-2.4669452358375272,0.6781475010260501,-0.06721415405199122
0.35090798428273584,-0.924475999936947,0.3215608979024714,0.15471799363869682,-0.00887293757459862,0.6588439529937986,-0.47831184492583334,0.073524351230219,-0.1599728543543222,-1.362132704190215,-0.8349324777014568,-0.09569880984923275,-0.7806610401517206,-0.3468974232829007,-0.6579613650357177,-1.2530757265024361,1.0084940753326033,-0.9370504235672215,0.19528674635592497,-1.179187660214818,1.4801290454783698,0.4692031296461219,-0.15382353542625182,0.290805613985863,-0.10643198688550333,0.16104304992613255,-0.14204248630455005,-0.4472147584339143,0.755898772097305,-1.0173750381814115,0.8107959667562421,0.74109994684066,-0.19419065142880737,0.9113647536965251,0.33395173644308507,0.7491126659575578,-0.5777017353911611,-0.41002987426243886,-1.22766955741293,-1.1046556168477273,0.912803136236444,1.0542680217675728,-0.43902866271077823,0.19998357687476517
-0.6063175686498813,0.865160692478032,-0.03055836704601669,0.4736612550390149,1.5185078635756875,-0.40137083099726906,1.3908714165473095,0.8947620210616125,1.310743197300347,2.402397678478851,1.399022192441414,1.1070590829384959,0.9873958440658889,2.3727052221480003,1.4556645116313753,1.576681611022059,-0.9370504235672215,2.280449661902906,-2.1717794412248526,1.285110068208798,-1.7808616197049523,0.006271214665600753,1.189522020260764,1.0640785492858957,0.4517419288061462,-0.009231950342593668,-0.07040162930337641,0.6507369366782059,-1.581181991097,0.33864617471247827,-0.13562563261417204,-1.2503626146036164,0.3468648805441057,-1.1985113024353236,1.2745212492193214,-0.42866052100265384,0.45663207655861254,0.7045086906968359,1.881477694428585,1.870725441900992,-1.0385598921989314,-2.6516590722310482,-0.19383121690577418,-0.545573677456253
0.992067365618397,-0.23065953870844408,-0.16623267259811653,-0.41828249615060614,-2.403932974299172,0.26845697111170397,-1.276101546460272,-1.7634506502691956,-1.8128971583889508,-2.1055602398686184,-0.8922794865904505,-1.6221387369503049,-1.0278268412187044,-3.060710453231955,-0.9610966259543351,-0.36769727077914055,0.19528674635592497,-2.1717794412248526,3.159182943280608,-0.5656296816065688,0.7058447206158852,-0.3147125940880234,-1.7883657714713665,-1.972565410877072,-0.6063355513562948,0.11937075994912717,0.46482018206970643,-0.3171756754064178,1.4676380257459793,0.9487898403641228,-1.1086411490369883,0.7355440011661838,-0.4492166781157621,0.7735376112407499,-2.9066172863837814,0.04687276348107277,0.11484493437948953,-0.4811844579835774,-1.4152211020117746,-1.428222157916104,0.6917306714070892,2.2251960596201497,0.9430897679951,0.7050353988870388
-0.6638254431843911,1.1884274151861272,-0.47499522756615686,-0.29192758591473317,0.2961593412070075,-1.0880699316980387,0.6079557927818389,0.20169169794205508,0.3985264479906639,1.9352817939824978,1.0487461993526777,0.25957244207004404,1.23856614987251,0.6680229115220673,0.7364957222737578,1.4391869420065815,-1.179187660214818,1.285110068208798,-0.5656296816065688,1.6196331515312083,-1.8698824867893562,-0.6416735070361578,0.3346316233777858,-0.20249369810045814,0.1552066926825028,-0.29577167669357307,0.06343958344318355,0.5274237278989191,-1.0365121578151486,1.1129166019322028,-0.8596171482156992,-0.8624498347757331,0.3555549131137362,-1.2687959033718565,-0.07295742336966274,-0.9810932132479927,0.604460395205312,0.515225189566012,1.6278363559482187,1.4873220237118718,-1.2682947734193792,-1.2786656494500244,0.43504357758443313,-0.3106302155658358
0.3602602192693107,-1.3973214066862913,0.35815830459390025,-0.12772828580422935,-0.3298560273727289,0.7666353230258346,-1.0524517736414083,0.023551846530347146,-0.5232196297477707,-2.280229793085313,-1.5232798840408146,-0.3141262323916387,-1.0084457677377194,-1.0615710375927654,-1.3927912420857076,-2.2609899126340167,1.4801290454783698,-1.7808616197049523,0.7058447206158852,-1.8698824867893562,2.4885226220776833,0.4989691081167388,-0.3546993350560276,0.14429383124977022,-0.19742050870517083,0.05121024185761594,-0.25376777225054287,-0.7756897910571651,1.3339079277489394,-1.5032582601402582,1.283107436252988,1.3402236283050486,-0.2638931364699648,1.4722430241373348,0.4566093169431703,0.9032317582177143,-0.8806999252588315,-0.743403015442657,-1.9598760068228684,-1.9118763936256666,1.338379359963192,2.2221055906760223,-0.5867264391706416,0.2957610232764997
0.5405809735695821,-0.5044208438143636,0.4163353766418734,0.6531129550144068,0.2588396340126985,0.850744349985094,0.23213205780594937,-0.01968636085709374,0.18390624713412623,-0.5448690293392485,-0.08849207503394803,0.1729320252178712,-0.7782701832025036,0.44279343304062035,0.2682573214487017,-0.11230928261305682,0.4692031296461219,0.006271214665600753,-0.3147125940880234,-0.6416735070361578,0.4989691081167388,0.5947745126493706,0.06742164265009293,0.48377310527724476,0.02330216316125171,0.37337736424460294,0.054856743047057205,-0.060843752714937235,0.13172442198713177,-0.4870054588570287,0.3315701048612085,-0.012910416252525625,-0.19549328449654074,0.4734129750156332,0.1444126143477318,0.70200445332414,-0.2020164080429882,-0.04087576063425802,-0.4560379587390916,-0.3071344292626117,0.6275137306180659,-0.38811951935723515,-0.27915598901794947,0.09392370114408567
-0.7186262071198285,0.14938223629541392,0.03268703472368761,0.061420857390731554,1.3627955946915786,-0.268979491451162,0.6317824420955634,1.07026235895906,1.0012209234206653,1.2525578540085376,0.45748138539429134,0.9144548290918036,0.73836955203423,1.6765145732979205,0.4260695396908141,0.09671699023956361,-0.15382353542625182,1.189522020260764,-1.7883657714713665,0.3346316233777858,-0.3546993350560276,0.06742164265009293,1.0952213650356,1.1128529307994681,0.3616701737053093,-0.14450084948163658,-0.322322029321401,0.16516947969042484,-0.8119969162226045,-0.5765944864868767,0.6958788013574857,-0.338206723128138,0.27833559342580505,-0.47695574448640243,1.7860254773923736,-0.1587269081846015,-0.0443876042070287,0.24130864816155717,0.8057225470492447,0.8055249463154681,-0.49388648011683267,-1.1059756794052327,-0.5514219530012724,-0.43725331336965084
-0.3713993967706237,-0.28142353324900976,0.31594379056822247,0.46062548535412634,1.542949952135429,0.31345624135723565,0.7024182808300458,1.1083171555159663,1.1128714376950113,0.7524388432109781,0.2857446498546869,1.0114833603171678,0.17542767989726066,1.91122644975832,0.4835955030688442,-0.15873597905546807,0.290805613985863,1.0640785492858957,-1.972565410877072,-0.20249369810045814,0.14429383124977022,0.48377310527724476,1.1128529307994681,1.4707944747250505,0.36123252439179854,0.08859335875104501,-0.320242666696715,0.055352718945132835,-0.6320785093750693,-1.029618445290645,1.0253546424682385,-0.2187142396689719,0.1439955655606523,-0.07273670035264766,1.947347086077177,0.3674344645352186,-0.24826430351373746,0.16120285952684513,0.3460225096414623,0.4701401592327209,-4.7514251457514135e-4,-1.1730388543955466,-0.795343890202012,-0.3499635202223189
-0.23055475407292705,0.09454519634233836,0.012987754042589915,0.04075206218165796,0.4499787212357167,-0.0783016982484204,0.2593382671039993,0.3377134134887269,0.3464417332699235,0.4626019873731815,0.20262257151506083,0.3165545474238996,0.24345928146881896,0.5865223670203425,0.1964099633983612,0.11658502902867882,-0.10643198688550333,0.4517419288061462,-0.6063355513562948,0.1552066926825028,-0.19742050870517083,0.02330216316125171,0.3616701737053093,0.36123252439179854,0.13821200810667164,-0.04613831283820036,-0.08160937704754019,0.07789991555834593,-0.3247905130778255,-0.13416939445679915,0.1978432793503785,-0.16700950786231747,0.10004218492343625,-0.18155277234872189,0.5734788524931422,-0.07088373293767457,0.022111222954488308,0.11227982394155558,0.33769205989308804,0.31895465444580473,-0.1843453969373882,-0.4657621584815365,-0.15984237924670527,-0.15452365155758566
0.6636998955357066,-0.23909547544019089,0.29001899874066606,0.5859034501020441,-0.12207461166332,0.7664921626308234,0.20044246401087898,-0.3807042969293031,-0.05384111441232839,-0.3892758114729974,0.13338118426367346,-0.11486750992284919,-0.7262632611184674,0.10855433740415199,0.41695156352634366,0.41805801405008863,0.16104304992613255,-0.009231950342593668,0.11937075994912717,-0.29577167669357307,0.05121024185761594,0.37337736424460294,-0.14450084948163658,0.08859335875104501,-0.04613831283820036,0.45936222123897785,0.1818475045382708,0.07843254437100823,0.16510075812425073,0.055832069685477305,-0.22684032257139486,-0.13539584862732237,-0.25574066372228965,0.242754780444629,-0.596530692843473,0.49059129649689487,0.06911336219221384,0.014914059769122882,-0.34817201298906547,-0.11162912630635169,0.39821746657724677,-0.4718595918802967,0.059988235068938786,0.1790246670814036
0.3953290593121058,0.08937883653053026,0.052943734740796985,0.2192374164304686,-0.4040842877928256,0.2505969951672872,0.0635921651483093,-0.4596104584062818,-0.23523993064495874,-0.17660915032762622,0.13821681591008078,-0.24154535289144904,-0.33800138390566165,-0.2926010980563418,0.24290401679811796,0.45537126678093376,-0.14204248630455005,-0.07040162930337641,0.46482018206970643,0.06343958344318355,-0.25376777225054287,0.054856743047057205,-0.322322029321401,-0.320242666696715,-0.08160937704754019,0.1818475045382708,0.21442225804998769,0.10275515828845841,0.06856095593140897,0.4238183681412093,-0.45841224236406636,-0.1758016088953616,-0.12455900748450736,0.02318633846304231,-0.7781955061187192,0.08222852195336744,0.17342141051667717,0.059722455596120556,-0.031591171099709665,0.007642851857342817,0.10164042989735853,-0.20721016703680292,0.2735389682769704,0.1337254785466654
-0.005685924073279249,0.38653326967687246,-0.03937164775934318,0.18779523209593568,0.16635398879714405,-0.07606030682671981,0.4199720540051419,-0.020850956336229035,0.21730287021423966,0.7107697250110372,0.5375921612232785,0.14876023430096294,0.2051558662300479,0.47350284302497264,0.5699021994787751,0.807859270457085,-0.4472147584339143,0.6507369366782059,-0.3171756754064178,0.5274237278989191,-0.7756897910571651,-0.060843752714937235,0.16516947969042484,0.055352718945132835,0.07789991555834593,0.07843254437100823,0.10275515828845841,0.295115730532001,-0.44092755803164235,0.45331835542069876,-0.39829553106363574,-0.4806238959921668,0.04216222235989025,-0.4365279481022086,-0.15348174569103173,-0.18692236228690753,0.2887955709263857,0.25214192898980126,0.5953817872385699,0.6268354806383899,-0.35516738265566,-0.880119395411037,0.16543001620104678,-0.093216007420196
0.6159219262786815,-0.7314482988427264,0.12702502670734847,-0.13857881859700782,-1.0271896104981575,0.5411141564777039,-0.9169523797015522,-0.6805029179754538,-0.8954325683850947,-1.7970840715876548,-0.9535344494054495,-0.773873229336563,-0.9040412592527788,-1.5549533561611604,-0.9023620327969722,-1.029217782514394,0.755898772097305,-1.581181991097,1.4676380257459793,-1.0365121578151486,1.3339079277489394,0.13172442198713177,-0.8119969162226045,-0.6320785093750693,-0.3247905130778255,0.16510075812425073,0.06856095593140897,-0.44092755803164235,1.1796596328139146,-0.30749873757953655,0.09457328364043782,0.8706044118103055,-0.32553761654904556,0.9295659695082485,-0.9863807201770372,0.48360464441709244,-0.3216316531669247,-0.509943053890672,-1.4695427635651839,-1.3540075102092368,0.8589458900494475,1.727059813286499,0.10447663781367732,0.4271301459934788
0.26233004375481894,0.9177328185400285,-0.3274746456860835,-0.0353050796715923,-0.8934348201566767,-0.3963254877962067,0.2102694150234032,-0.886586194083287,-0.46225178458696364,0.6993250157372862,0.7365714076063119,-0.5153570966886977,0.24131600320886432,-0.6388645853370124,0.6292367245502593,1.559148647754344,-1.0173750381814115,0.33864617471247827,0.9487898403641228,1.1129166019322028,-1.5032582601402582,-0.4870054588570287,-0.5765944864868767,-1.029618445290645,-0.13416939445679915,0.055832069685477305,0.4238183681412093,0.45331835542069876,-0.30749873757953655,1.6064384630505477,-1.497228630039132,-0.6837314022709042,-0.0258178035189161,-0.709976691623005,-1.7744462378622208,-0.616892634446841,0.7217696763163041,0.3209726975771741,0.8028752134507356,0.7562924692603992,-0.6408654800344109,-0.6506818962285361,0.9022966578878934,0.11183554640673693
-0.5313466988870542,-0.7110317332164449,0.20896088061298596,-0.14624550462955002,0.9906939267747134,0.08892830528895099,-0.1591783076889673,1.0386548538107734,0.554312544631655,-0.3560208092205917,-0.643522761292344,0.6302357922228455,0.10728270485571186,0.7347542025604975,-0.6439402989208813,-1.5072836350241259,0.8107959667562421,-0.13562563261417204,-1.1086411490369883,-0.8596171482156992,1.283107436252988,0.3315701048612085,0.6958788013574857,1.0253546424682385,0.1978432793503785,-0.22684032257139486,-0.45841224236406636,-0.39829553106363574,0.09457328364043782,-1.497228630039132,1.5207163604662015,0.6035338218004679,0.15937819182393786,0.5211034126535613,2.0052548425418117,0.36646979324825085,-0.6562161288681815,-0.25703938722294006,-0.47554843546305925,-0.5426319665304594,0.39212026000748784,0.5779507026486327,-0.8749270711535801,-0.2264490841870427
-0.006062180630062576,-0.6428938914574835,-0.002374467268618999,-0.458484083544873,-0.4327558379229179,0.0765507119833008,-0.8603669409763436,-0.02590037410958177,-0.4920834037720205,-1.2679252296791983,-0.9574925799768986,-0.3791723574550135,-0.29650690739924535,-1.025892772772918,-1.0838994672598596,-1.3803232602561941,0.74109994684066,-1.2503626146036164,0.7355440011661838,-0.8624498347757331,1.3402236283050486,-0.012910416252525625,-0.338206723128138,-0.2187142396689719,-0.16700950786231747,-0.13539584862732237,-0.1758016088953616,-0.4806238959921668,0.8706044118103055,-0.6837314022709042,0.6035338218004679,0.9563070510193677,-0.07694647477569767,0.7185257441901791,0.06934615251340008,0.23333027189776254,-0.44713500051488264,-0.4840047559329985,-1.1430595485719723,-1.1212543669446364,0.5462503508764909,1.728492150529288,-0.18415500212569336,0.18934330608962543
-0.46914377203156993,0.24768235923350543,-0.16150989922843142,-0.2562512769181259,0.33947191370901286,-0.4930755164491642,0.09397169236084221,0.3878947627563343,0.2578467863347243,0.5673013037326421,0.12172147653810103,0.2530051770490049,0.5633387690544279,0.33053032741697613,-0.04440377938525825,-0.032500519397156404,-0.19419065142880737,0.3468648805441057,-0.4492166781157621,0.3555549131137362,-0.2638931364699648,-0.19549328449654074,0.27833559342580505,0.1439955655606523,0.10004218492343625,-0.25574066372228965,-0.12455900748450736,0.04216222235989025,-0.32553761654904556,-0.0258178035189161,0.15937819182393786,-0.07694647477569767,0.21916374545169512,-0.30125752900169656,0.5746179598893171,-0.3137228157704401,-0.001553593028167337,0.08485988986892454,0.45870184376741485,0.33242055702140627,-0.3689400391964322,-0.12080036895955415,-0.07894978534292674,-0.18702829623952869
0.6468110391304411,-0.9098482940951665,0.3488167162472212,0.20488455243362733,-0.5019900694552689,0.866329328036696,-0.5759339589842662,-0.36708263807524744,-0.493890300122733,-1.7081502703696683,-0.8796570788333486,-0.36865362562215337,-1.0751239335756964,-0.842103834108302,-0.6502789128619835,-1.097991967663932,0.9113647536965251,-1.1985113024353236,0.7735376112407499,-1.2687959033718565,1.4722430241373348,0.4734129750156332,-0.47695574448640243,-0.07273670035264766,-0.18155277234872189,0.242754780444629,0.02318633846304231,-0.4365279481022086,0.9295659695082485,-0.709976691623005,0.5211034126535613,0.7185257441901791,-0.30125752900169656,1.0652868485212537,-0.3051492403910064,0.7716399519213923,-0.44067273219662123,-0.43877329900823925,-1.3691452546217708,-1.2790987782115366,1.053976812022525,1.1770278611998133,-0.20644231180544093,0.3189206095549603
-1.559835438217723,-0.19982044834263668,0.047458801124197175,-0.3131403832222625,2.3551019597282283,-0.6783645644301051,0.5341542357763968,2.1809910010780134,1.5924022505970297,1.3753577061330977,-0.014691478120573077,1.5758330503111873,1.2851079289519285,2.4102580603399577,-0.1790805444587574,-1.2115817053125795,0.33395173644308507,1.2745212492193214,-2.9066172863837814,-0.07295742336966274,0.4566093169431703,0.1444126143477318,1.7860254773923736,1.947347086077177,0.5734788524931422,-0.596530692843473,-0.7781955061187192,-0.15348174569103173,-0.9863807201770372,-1.7744462378622208,2.0052548425418117,0.06934615251340008,0.5746179598893171,-0.3051492403910064,3.838667641330867,-0.15938331444467582,-0.600446117653028,0.11914056252559854,0.8172852652287939,0.5927889440758104,-0.47067877486578213,-0.6407638929006324,-1.3096381256753975,-0.7609173239308888
0.7960247714974188,-0.7663336516182077,0.49787670453447486,0.706144788130418,0.015663351420376923,1.1065177900942562,0.00952236568293969,-0.21845849439433687,-0.033819865481863685,-1.0990842669227319,-0.34606826605861724,-0.03527948917058535,-1.1296572778837024,0.07506190116105342,0.06412021901119305,-0.3726552607123503,0.7491126659575578,-0.42866052100265384,0.04687276348107277,-0.9810932132479927,0.9032317582177143,0.70200445332414,-0.1587269081846015,0.3674344645352186,-0.07088373293767457,0.49059129649689487,0.08222852195336744,-0.18692236228690753,0.48360464441709244,-0.616892634446841,0.36646979324825085,0.23333027189776254,-0.3137228157704401,0.7716399519213923,-0.15938331444467582,0.9419057882426793,-0.31550302291297194,-0.18893648141723912,-0.9376612579295563,-0.7059787966848253,0.9356988166221557,0.030281756527065315,-0.27200549141654046,0.23903915623151756
0.05660596088104123,0.48557722527108965,-0.12104540048170336,0.053363759076315305,-0.1924751568742654,-0.10938389686784102,0.28585629635977466,-0.2805080530442268,-0.033107132694196004,0.6119160754851162,0.5272958504131042,-0.08999795140089581,0.17468308144504258,0.06431778989599751,0.5017144765919185,0.9336619933985457,-0.5777017353911611,0.45663207655861254,0.11484493437948953,0.604460395205312,-0.8806999252588315,-0.2020164080429882,-0.0443876042070287,-0.24826430351373746,0.022111222954488308,0.06911336219221384,0.17342141051667717,0.2887955709263857,-0.3216316531669247,0.7217696763163041,-0.6562161288681815,-0.44713500051488264,-0.001553593028167337,-0.44067273219662123,-0.600446117653028,-0.31550302291297194,0.4424314107304664,0.22622594011183664,0.5364041416406308,0.5748084588565849,-0.4146270008502996,-0.6851993774104868,0.3547523232093881,-0.013732645771184476
-0.11359345715518128,0.37854838392550555,-0.030042020750811377,0.16642753752563477,0.3099240864818623,-0.13786973982303313,0.4555968214271699,0.12335405156009328,0.3173489415891138,0.7660062879433278,0.5132107603779565,0.24844233823954542,0.270861311870964,0.6116674126648141,0.5383503602922308,0.6918556566096146,-0.41002987426243886,0.7045086906968359,-0.4811844579835774,0.515225189566012,-0.743403015442657,-0.04087576063425802,0.24130864816155717,0.16120285952684513,0.11227982394155558,0.014914059769122882,0.059722455596120556,0.25214192898980126,-0.509943053890672,0.3209726975771741,-0.25703938722294006,-0.4840047559329985,0.08485988986892454,-0.43877329900823925,0.11914056252559854,-0.18893648141723912,0.22622594011183664,0.27543717202842816,0.6651018293554609,0.6443475888093616,-0.36623855100258546,-0.9076053575964586,0.06620398340227726,-0.13986791078792127
-0.8829483754616275,1.196725393359093,-0.3550384781596976,-0.08746837244538949,0.936914907926318,-1.0652052561083962,1.002627183206134,0.6479085332986023,0.8796374141033877,2.3941929154484876,1.2384043911425178,0.759038106650945,1.4135921350824006,1.5103451447044982,1.0241502756036867,1.4475474634796834,-1.22766955741293,1.881477694428585,-1.4152211020117746,1.6278363559482187,-1.9598760068228684,-0.4560379587390916,0.8057225470492447,0.3460225096414623,0.33769205989308804,-0.34817201298906547,-0.031591171099709665,0.5953817872385699,-1.4695427635651839,0.8028752134507356,-0.47554843546305925,-1.1430595485719723,0.45870184376741485,-1.3691452546217708,0.8172852652287939,-0.9376612579295563,0.5364041416406308,0.6651018293554609,2.0621900192527636,1.8037502201866147,-1.335931214554743,-1.9361163162803903,0.1320902153331683,-0.5288181914981078
-0.6146062848355591,1.0526781682274335,-0.23609869530823716,0.14280988720582483,0.9444911292625572,-0.695360947587063,1.0668004071838646,0.541984597629511,0.8903952436955113,2.248326271727176,1.3028070358760266,0.7023956935676706,1.1009928194342322,1.6161285404304235,1.1969363708632381,1.6255711079345214,-1.1046556168477273,1.870725441900992,-1.428222157916104,1.4873220237118718,-1.9118763936256666,-0.3071344292626117,0.8055249463154681,0.4701401592327209,0.31895465444580473,-0.11162912630635169,0.007642851857342817,0.6268354806383899,-1.3540075102092368,0.7562924692603992,-0.5426319665304594,-1.1212543669446364,0.33242055702140627,-1.2790987782115366,0.5927889440758104,-0.7059787966848253,0.5748084588565849,0.6443475888093616,1.8037502201866147,1.7580851740187342,-1.1854770894267885,-2.116418768191278,0.12370524218514434,-0.4353069836681296
0.8653471149328861,-0.9247750991257346,0.45101023055541184,0.480709010569,-0.4467991265215628,1.088280051247171,-0.3900357246888616,-0.4561270803800508,-0.4226349765372093,-1.684943778239565,-0.7316525369575889,-0.3326412408931081,-1.2862656528978647,-0.6445161555458253,-0.3751856871280484,-0.8255225186678022,0.912803136236444,-1.0385598921989314,0.6917306714070892,-1.2682947734193792,1.338379359963192,0.6275137306180659,-0.49388648011683267,-4.7514251457514135e-4,-0.1843453969373882,0.39821746657724677,0.10164042989735853,-0.35516738265566,0.8589458900494475,-0.6408654800344109,0.39212026000748784,0.5462503508764909,-0.3689400391964322,1.053976812022525,-0.47067877486578213,0.9356988166221557,-0.4146270008502996,-0.36623855100258546,-1.335931214554743,-1.1854770894267885,1.15020257193676,0.8061113166316094,-0.1912970789670076,0.35343630024393324
-0.067669690252276593,-0.8732324634165013,-0.27038964447852404,-1.2013285071526647,-1.4794152294361715,-0.36008834596771583,-1.8902920405678092,-0.47880948926381856,-1.3946616323330447,-2.3910869041839264,-1.847294594606954,-1.0951578340939125,-0.30660880122743145,-2.7754464085762462,-2.236944524808223,-2.4669452358375272,1.0542680217675728,-2.6516590722310482,2.2251960596201497,-1.2786656494500244,2.2221055906760223,-0.38811951935723515,-1.1059756794052327,-1.1730388543955466,-0.4657621584815365,-0.4718595918802967,-0.20721016703680292,-0.880119395411037,1.727059813286499,-0.6506818962285361,0.5779507026486327,1.728492150529288,-0.12080036895955415,1.1770278611998133,-0.6407638929006324,0.030281756527065315,-0.6851993774104868,-0.9076053575964586,-1.9361163162803903,-2.116418768191278,0.8061113166316094,3.7373577678744776,0.05474200942218735,0.42372490105176397
0.29212433427918233,0.38891174864468386,-0.17662343469304617,-0.08368667631880419,-0.8013760413666328,-0.1334135478768514,-0.11265560055064912,-0.6978360299088787,-0.5065368293558814,-0.019157550809920296,0.20306911509852296,-0.5054121545496223,-0.052616743469207326,-0.7880961062562867,0.13227282162991713,0.6781475010260501,-0.43902866271077823,-0.19383121690577418,0.9430897679951,0.43504357758443313,-0.5867264391706416,-0.27915598901794947,-0.5514219530012724,-0.795343890202012,-0.15984237924670527,0.059988235068938786,0.2735389682769704,0.16543001620104678,0.10447663781367732,0.9022966578878934,-0.8749270711535801,-0.18415500212569336,-0.07894978534292674,-0.20644231180544093,-1.3096381256753975,-0.27200549141654046,0.3547523232093881,0.06620398340227726,0.1320902153331683,0.12370524218514434,-0.1912970789670076,0.05474200942218735,0.5834254273771017,0.1669252929736692
0.44059733707472887,-0.20870212919617875,0.0766774617796828,0.10445829728453165,-0.52968145564072,0.34492486935279737,-0.2486879332587714,-0.4699381882466361,-0.40021408515565876,-0.6786999864284774,-0.22295768719210626,-0.38502894753410544,-0.512800907831585,-0.6317327703021173,-0.13713623398607971,-0.06721415405199122,0.19998357687476517,-0.545573677456253,0.7050353988870388,-0.3106302155658358,0.2957610232764997,0.09392370114408567,-0.43725331336965084,-0.3499635202223189,-0.15452365155758566,0.1790246670814036,0.1337254785466654,-0.093216007420196,0.4271301459934788,0.11183554640673693,-0.2264490841870427,0.18934330608962543,-0.18702829623952869,0.3189206095549603,-0.7609173239308888,0.23903915623151756,-0.013732645771184476,-0.13986791078792127,-0.5288181914981078,-0.4353069836681296,0.35343630024393324,0.42372490105176397,0.1669252929736692,0.23103816116019105
