V1,V2,V3,V4,V5,V6,V7,V8,V9,V10,V11,V12,V13,V14,V15,V16,V17,V18,V19,V20,V21,V22,V23,V24,V25,V26,V27,V28,V29,V30,V31,V32,V33,V34,V35,V36,V37,V38,V39,V40,V41,V42,V43
1.0340895962630554,0.4098131825151636,0.589664070776334,0.12479784248350739,-0.836309665982054,0.022156715726919213,-0.1473413890385859,-0.1912536575036367,0.8544771235941702,-0.8600680575967319,2.5519213759815966,-0.3597829477344024,2.2845667285497413,1.0975429098652818,0.8957249505905415,1.4333719524388586,-1.4120631861570474,-1.0098818350700647,-0.5165257047708731,-0.26060768971764653,0.9778959651188898,-0.4063244237511196,0.4358452130124819,0.6424179873070732,-1.1438858726915806,1.0481707325465126,0.4308620313531573,-0.942109951877131,-0.4422745322052303,0.5669324810862403,-0.04661979118206317,0.3359927511448861,-2.1435812366348057,-0.1527040132456457,-0.6018670150401112,1.068489106990143,-0.5019032041901835,-0.05417221829593888,0.9308834165404003,-0.9971497886864489,1.03976505438387,0.21799483758083146,0.424437629509592
0.4098131825151636,1.5426107389074601,0.3426745283683043,-0.16196769717032053,-0.08860448052642392,-0.020485006950760238,0.25544192168059676,0.23271352039693152,0.2728373708236456,-0.804387517887734,0.7778184567786515,-0.06046726629668324,1.4446463123419029,0.13444903244572934,0.9565224762293066,-1.1893089007870987,0.1349690614923134,-0.33090729976674504,-1.4397453562305997,-0.8269210903561018,1.2001870785163036,3.710409621717622,-0.035370776793357976,1.4057191182085378,-2.0110454385251315,2.364400692281442,1.2444320575010182,-1.0371882050589356,-2.35507910258557,0.33922990964598226,-1.1921395189822823,1.774729688364698,-2.0688883186304254,0.2079136037176131,1.0146327045725945,0.6294017736404972,-1.3502404069590628,-0.38143502424894404,-0.03100175725945935,2.5001010075980106,0.3513439295234499,1.4490295692683068,0.7083556648367114
0.589664070776334,0.3426745283683043,0.34558489938696146,0.05428319404868211,-0.4583849708252253,0.010367962146064403,-0.059320581132094305,-0.08540794138415249,0.48196702707782674,-0.5274797092975725,1.4380127801643865,-0.19897671056953803,1.3467559314469293,0.6023374542967704,0.5588935388207112,0.6787667937375191,-0.7502142262024893,-0.5708052601487829,-0.3922822632877656,-0.2059300920251004,0.6229523150670088,0.07428794177482098,0.23198311506657981,0.4580164764759053,-0.7764612167921083,0.7521033179914894,0.3309125762850346,-0.5900727819507885,-0.42486262423475396,0.3321831281164729,-0.11971800129970077,0.32192536807178307,-1.3196798996607289,-0.06601131297358181,-0.24421556344467618,0.6260413874464846,-0.37732153669659557,-0.05979789822854304,0.49988726511339865,-0.33992263936549033,0.5886788732487251,0.2322174688763501,0.2851287378990807
0.12479784248350739,-0.16196769717032053,0.05428319404868211,0.04749643438959764,-0.13795973342986279,0.0071497189287811945,-0.06583704755517132,-0.07015407998734921,0.11322455890405157,-0.03268472602942343,0.34343117968068715,-0.05592360460146776,0.1927406627130244,0.17844202502139783,0.015798939481525543,0.44214489875513235,-0.2768563315575978,-0.13238875098353325,0.12690504571286046,0.07944396819924254,-0.006763245094063765,-0.6421520871685235,0.08450786579468154,-0.09900231445169416,0.10086328381726725,-0.17218498860697784,-0.11258186254790235,-0.011906014423438941,0.28066565708423197,0.0509074426799688,0.17427519519636886,-0.21109274412420792,-0.0716418222597264,-0.05950988328502144,-0.26461091152422855,0.09728162689363179,0.11584311715571345,0.048729125967296005,0.1734405955462856,-0.5638690083639145,0.13464036260050505,-0.18250103232136242,-0.031632276468008584
-0.836309665982054,-0.08860448052642392,-0.4583849708252253,-0.13795973342986279,0.7197024894715842,-0.023107021392435596,0.1744565306710854,0.20959654673935327,-0.702552644594001,0.614430756339585,-2.1061018643262135,0.3057000809127956,-1.754077347063989,-0.9407119076514855,-0.6191541225067915,-1.4685930791467852,1.264074822401644,0.8293090776917719,0.20064856605129386,0.08361550672350988,-0.6489540675821784,1.0094918501001355,-0.38899334428518184,-0.3177525699852091,0.6521372142991155,-0.5052600948740142,-0.15996103316589896,0.6455408053926274,-0.025330911000921743,-0.4382144934191607,-0.16837168677389525,0.016435481305981398,1.5200433521340686,0.17084661156751835,0.7072113823479298,-0.8283589308456378,0.20354246981357393,-0.01908229528672073,-0.8238000975592829,1.3157774163262417,-0.8521081090667773,0.06315195116397646,-0.248641384700808
0.022156715726919213,-0.020485006950760238,0.010367962146064403,0.0071497189287811945,-0.023107021392435596,0.0011156195458378207,-0.009818321685804819,-0.010669169430777817,0.019708206096325287,-0.008636234113163542,0.05972195756238635,-0.009463385746075404,0.037606285839800364,0.029907462067973824,0.006478498563468839,0.06800224351295253,-0.04501329679105695,-0.02313202457691366,0.015097902314416784,0.009744841154004816,0.003770805277790606,-0.09078116308356196,0.013752226600376356,-0.010593226418973117,0.008456479009323965,-0.018834158659365656,-0.013507164657857014,-0.006142151792977779,0.036691484451868185,0.009715147862452063,0.023859416945994246,-0.027572035955418833,-0.020148705181549004,-0.008950941100406958,-0.03946794017972655,0.018564406955841165,0.01364195951372204,0.00645250312048517,0.028468920053916272,-0.08276680699647955,0.02359791143780239,-0.024195306726835442,-0.0023339305378885936
-0.1473413890385859,0.25544192168059676,-0.059320581132094305,-0.06583704755517132,0.1744565306710854,-0.009818321685804819,0.0923663615902727,0.09747439808798365,-0.13670369687091777,0.01720269200657341,-0.41685772774213536,0.06997195298327794,-0.2030637840709097,-0.22474817607027392,0.00907791038424537,-0.6038557224308134,0.3591239881600454,0.15970023754284002,-0.20720300903568256,-0.12738945684614664,0.04531510430372195,0.938164182249806,-0.10940739366864191,0.17011887016679017,-0.191072181620816,0.2937628633373334,0.182692931077998,-0.016649447886770637,-0.432567562287145,-0.054714371198728455,-0.2601766343108204,0.32531132747723507,0.02828534376568229,0.08280668230600391,0.37070435318016415,-0.10547602029686155,-0.19025216561853314,-0.07408038117845987,-0.2236452258592193,0.8004121955032583,-0.1620226207559129,0.2787414935108363,0.06229256421775342
-0.1912536575036367,0.23271352039693152,-0.08540794138415249,-0.07015407998734921,0.20959654673935327,-0.010669169430777817,0.09747439808798365,0.10504731929036797,-0.17264843237273134,0.055860668478994575,-0.5253913645518823,0.08518672383069849,-0.3033892975480115,-0.2703442129880141,-0.031796357958416545,-0.6580696156407901,0.4162429366375251,0.20267555528555828,-0.18033158789369302,-0.11338051075957944,-3.5259358293109635e-4,0.9402362573979888,-0.12700471927520499,0.13772957305309552,-0.13549593602866405,0.2413117412987507,0.15988610952855123,0.026260687144088878,-0.40494241231690253,-0.07911112119666158,-0.25327889677950555,0.3041044718039142,0.1249104499263912,0.08838997423209878,0.3913816805874771,-0.15203796663657335,-0.1643387882117904,-0.06995829547374141,-0.2621846182529759,0.8315186465643034,-0.20642962121459424,0.26397642487519907,0.04180320205008835
0.8544771235941702,0.2728373708236456,0.48196702707782674,0.11322455890405157,-0.702552644594001,0.019708206096325287,-0.13670369687091777,-0.17264843237273134,0.7092149049190911,-0.6885462845977822,2.11967447762457,-0.3011719845866429,1.8618909400344859,0.92122185366051,0.7114051443948007,1.268174782169173,-1.199951179900536,-0.8377306669479466,-0.36791713144516053,-0.18082852744767586,0.7691639110973632,-0.5203363054824651,0.370080852659749,0.4758753689085676,-0.8708153030759842,0.7731498489598067,0.30479525990020556,-0.746789441700569,-0.2614961387613096,0.4630178230516851,0.017477727746131363,0.19929751869764195,-1.713019768623948,-0.138949572377756,-0.5570755027115293,0.8730383559792936,-0.35982550788249573,-0.02754067467838168,0.7881905663866051,-0.9619882513858359,0.8619965621798674,0.1151452853600028,0.3249169417086536
-0.8600680575967319,-0.804387517887734,-0.5274797092975725,-0.03268472602942343,0.614430756339585,-0.008636234113163542,0.01720269200657341,0.055860668478994575,-0.6885462845977822,0.871297626606848,-2.044831570196023,0.27184391293919247,-2.0820994845374314,-0.8120746496784634,-0.9474043602362936,-0.6020893331273003,0.9411163633535078,0.816905472952775,0.8445338528451336,0.459898725931339,-1.0869417671927266,-0.9624312499574352,-0.2925478716532402,-0.9213966593395867,1.4752666024321632,-1.5266623108460948,-0.7192185916599758,1.0067963867215253,1.1002709559069956,-0.5099131760850106,0.43322097526447473,-0.8311934999372452,2.1930275526583047,0.03691892000061868,0.07970766619237922,-0.9581678740509338,0.8042528131082104,0.1662259675471851,-0.6403140159157953,-0.1430468106498892,-0.8447404761201265,-0.6391456983342452,-0.5346919498431821
2.5519213759815966,0.7778184567786515,1.4380127801643865,0.34343117968068715,-2.1061018643262135,0.05972195756238635,-0.41685772774213536,-0.5253913645518823,2.11967447762457,-2.044831570196023,6.339374283635258,-0.9022908084797929,5.54913863986623,2.759753734793493,2.10978848537527,3.8349525380292597,-3.6020050195564473,-2.5046350058180797,-1.0661146859391226,-0.5210139434973263,2.277756377291892,-1.6572643322431408,1.110593847311165,1.3919813300458348,-2.5613813252207773,2.2578007144685786,0.8823911495477738,-2.2133959283106677,-0.7235930453770664,1.3794481337893227,0.0827335158368551,0.552645387295642,-5.085477528802682,-0.4224701997185138,-1.6972652660518006,2.60284677356793,-1.0441689435108583,-0.07361031472327559,2.366031440207201,-2.9505419740350374,2.5771957998611517,0.30796879207628186,0.9568197765770511
-0.3597829477344024,-0.06046726629668324,-0.19897671056953803,-0.05592360460146776,0.3057000809127956,-0.009463385746075404,0.06997195298327794,0.08518672383069849,-0.3011719845866429,0.27184391293919247,-0.9022908084797929,0.1301910888730836,-0.7633674641911664,-0.39983735351541577,-0.2761146443389079,-0.6033388967699845,0.5325521659017317,0.3556564975666233,0.1063210000987775,0.0476917955432576,-0.29236675324403044,0.37159268069280216,-0.16397282287984516,-0.15535241719030227,0.30580066645026716,-0.2489332652993126,-0.08621009147866898,0.28847228603845787,0.024405221349235517,-0.19037166718119428,-0.05342130655815791,-0.01952530573465779,0.6736895233989796,0.06915899729485817,0.28395359431273953,-0.35970727546876624,0.10621230540523298,-0.0023709212510666703,-0.347936249448189,0.5191659685710883,-0.3656074174387562,0.005099006282461872,-0.11572177184887089
2.2845667285497413,1.4446463123419029,1.3467559314469293,0.1927406627130244,-1.754077347063989,0.037606285839800364,-0.2030637840709097,-0.3033892975480115,1.8618909400344859,-2.0820994845374314,5.54913863986623,-0.7633674641911664,5.260758699988493,2.3077772006479385,2.215155608136608,2.480442680738768,-2.8479730430957106,-2.204829541309881,-1.62412311151342,-0.8588461647207731,2.4802185425921603,0.6154920422857442,0.8813622269651155,1.870594385958997,-3.1380920240044663,3.0781791145388584,1.3722557204809027,-2.341595565711212,-1.8298413965237055,1.2969757714001096,-0.5624603789725263,1.3850722640500606,-5.2142519726548535,-0.23273963039446824,-0.8399983836076562,2.4420210917073386,-1.5590870617010444,-0.2612735234159842,1.9015959634096713,-1.0716357560863476,2.274512518411687,1.01462150913033,1.1496236654049183
1.0975429098652818,0.13444903244572934,0.6023374542967704,0.17844202502139783,-0.9407119076514855,0.029907462067973824,-0.22474817607027392,-0.2703442129880141,0.92122185366051,-0.8120746496784634,2.759753734793493,-0.39983735351541577,2.3077772006479385,1.2304225424309227,0.8199170047665175,1.904042240850831,-1.6499307678591304,-1.087064242892836,-0.27939078680644436,-0.11909766771243754,0.861303634079401,-1.2741134897299424,0.5078705295903299,0.4314472668347002,-0.8752869857577582,0.6882895024684814,0.22366658869232128,-0.8555434705443848,0.005021972496809127,0.5767325549418183,0.20592770078572378,-6.003458808803555e-4,-2.009946327692572,-0.22054824487329575,-0.9116601460485093,1.089385745059717,-0.2820997916856444,0.020752028242210185,1.075273513364025,-1.6887256001856648,1.1169593996661922,-0.06521403850007564,0.33301251301938717
0.8957249505905415,0.9565224762293066,0.5588935388207112,0.015798939481525543,-0.6191541225067915,0.006478498563468839,0.00907791038424537,-0.031796357958416545,0.7114051443948007,-0.9474043602362936,2.10978848537527,-0.2761146443389079,2.215155608136608,0.8199170047665175,1.0385894463898935,0.4758354686235917,-0.9203053808201402,-0.8449023222552803,-0.9858841132760496,-0.5412840767487217,1.2022133248739393,1.3355903459578538,0.28673673467590305,1.0588431152584714,-1.6707559772649532,1.7578059362935605,0.8415388691647971,-1.105757965223382,-1.3336010545465309,0.5408795877898297,-0.5522951018418096,1.0070954079238534,-2.3891259299022547,-0.015386203209723837,0.02485220630597121,1.0157202235214924,-0.9367258384215832,-0.20421350033738675,0.6325869636762932,0.3981774938935047,0.8746654128664034,0.7829829854731817,0.6034481287886122
1.4333719524388586,-1.1893089007870987,0.6787667937375191,0.44214489875513235,-1.4685930791467852,0.06800224351295253,-0.6038557224308134,-0.6580696156407901,1.268174782169173,-0.6020893331273003,3.8349525380292597,-0.6033388967699845,2.480442680738768,1.904042240850831,0.4758354686235917,4.224487389742639,-2.841677157417903,-1.4881773337425541,0.8564997078665991,0.560100497023699,0.32105579646192095,-5.492511607743628,0.8690766468355289,-0.5750054541685509,0.39750740585664635,-1.0285701269374075,-0.7697310103605178,-0.46078822366990285,2.162257317665679,0.6399443790819737,1.4296453628953854,-1.6242512748325924,-1.4189599638742403,-0.5534625020709121,-2.4298642801288106,1.2189710655137524,0.7701855202152172,0.38313496999138735,1.7996862324583616,-5.0686240147065815,1.518698480792286,-1.4327370359685878,-0.09931306157419705
-1.4120631861570474,0.1349690614923134,-0.7502142262024893,-0.2768563315575978,1.264074822401644,-0.04501329679105695,0.3591239881600454,0.4162429366375251,-1.199951179900536,0.9411163633535078,-3.6020050195564473,0.5325521659017317,-2.8479730430957106,-1.6499307678591304,-0.9203053808201402,-2.841677157417903,2.2778469374066925,1.4138096567260425,0.083781885614852,-0.008325834846922947,-0.9261196233489064,2.5031683396209576,-0.6999159732438877,-0.29780150906692937,0.7778652064339792,-0.45039001548393026,-0.047953341862207226,0.9523457754023854,-0.4930855498528651,-0.7165405066111102,-0.5270587591591503,0.3674454291845501,2.3132805040885773,0.3435337774633913,1.4525172857824202,-1.3553302462579977,0.10593673237760659,-0.1072925937005888,-1.4722785670640932,2.8186883447327413,-1.4502615781956063,0.38809496792084996,-0.30766606190935164
-1.0098818350700647,-0.33090729976674504,-0.5708052601487829,-0.13238875098353325,0.8293090776917719,-0.02313202457691366,0.15970023754284002,0.20267555528555828,-0.8377306669479466,0.816905472952775,-2.5046350058180797,0.3556564975666233,-2.204829541309881,-1.087064242892836,-0.8449023222552803,-1.4881773337425541,1.4138096567260425,0.9899591692676091,0.44253515821439277,0.2182693992654896,-0.9148533281508386,0.5910764975197235,-0.43602713221768186,-0.5700208158444331,1.039550843227438,-0.9260421726709394,-0.36710595265769996,0.8869657049985121,0.3227563804334687,-0.5478274692370759,-0.013153498417814333,-0.24608976746455902,2.0327688530094328,0.16268620742275794,0.6506926512369117,-1.0334143351767653,0.432451653575537,0.03510207012403699,-0.9295456563629889,1.1191749844210142,-1.0187990388064792,-0.14463619456258475,-0.3876314059280905
-0.5165257047708731,-1.4397453562305997,-0.3922822632877656,0.12690504571286046,0.20064856605129386,0.015097902314416784,-0.20720300903568256,-0.18033158789369302,-0.36791713144516053,0.8445338528451336,-1.0661146859391226,0.1063210000987775,-1.62412311151342,-0.27939078680644436,-0.9858841132760496,0.8564997078665991,0.083781885614852,0.44253515821439277,1.3632305122287747,0.7777658170498987,-1.2159695259760668,-3.2613978666889047,-0.031462819353844644,-1.3511884578048645,1.965615942746364,-2.2677428046949486,-1.1761086930923734,1.064733460339656,2.1716413581554828,-0.385646202534368,1.0736514102594839,-1.6369650784121215,2.1621769332278813,-0.16389693720162765,-0.8207316785666584,-0.718161561539846,1.2810157313577064,0.3493032778475837,-0.1073165276869549,-2.0927091794612105,-0.46519789060361866,-1.328314862047934,-0.695481712706404
-0.26060768971764653,-0.8269210903561018,-0.2059300920251004,0.07944396819924254,0.08361550672350988,0.009744841154004816,-0.12738945684614664,-0.11338051075957944,-0.18082852744767586,0.459898725931339,-0.5210139434973263,0.0476917955432576,-0.8588461647207731,-0.11909766771243754,-0.5412840767487217,0.560100497023699,-0.008325834846922947,0.2182693992654896,0.7777658170498987,0.445129926053673,-0.6727976835230303,-1.9274673535033366,-7.081428323040737e-4,-0.7656344871069651,1.1052839099686795,-1.286149847504104,-0.6716256561517514,0.5855832553259311,1.254473235196555,-0.20290265840444258,0.6272153091496777,-0.9455288530948133,1.1798070141422516,-0.1022273151784643,-0.5053563778533198,-0.37738569442675973,0.7301873686897993,0.20249956764704824,-0.025084858028956818,-1.2667078206508682,-0.23034417830344234,-0.7694501685032659,-0.39027746767461136
0.9778959651188898,1.2001870785163036,0.6229523150670088,-0.006763245094063765,-0.6489540675821784,0.003770805277790606,0.04531510430372195,-3.5259358293109635e-4,0.7691639110973632,-1.0869417671927266,2.277756377291892,-0.29236675324403044,2.4802185425921603,0.861303634079401,1.2022133248739393,0.32105579646192095,-0.9261196233489064,-0.9148533281508386,-1.2159695259760668,-0.6727976835230303,1.4050804758704083,1.8956387865354614,0.28944617829992036,1.2865224537373445,-2.0007585004352335,2.1395514497558867,1.0403085509213288,-1.2824491940272735,-1.702500577016013,0.6033422789077815,-0.735839552415193,1.2853891184989046,-2.7467163948912257,0.013409278031255143,0.16872682063437972,1.1324648253819949,-1.1528403888715966,-0.2639433014996016,0.6458577785665899,0.7618298991968945,0.9484179661445338,1.0089283621091234,0.7201170421934029
-0.4063244237511196,3.710409621717622,0.07428794177482098,-0.6421520871685235,1.0094918501001355,-0.09078116308356196,0.938164182249806,0.9402362573979888,-0.5203363054824651,-0.9624312499574352,-1.6572643322431408,0.37159268069280216,0.6154920422857442,-1.2741134897299424,1.3355903459578538,-5.492511607743628,2.5031683396209576,0.5910764975197235,-3.2613978666889047,-1.9274673535033366,1.8956387865354614,11.019073514471726,-0.7550109788300277,2.9767570155549765,-3.9203415865779103,5.055257639860899,2.842515840863681,-1.4919939048034585,-5.94072410451436,0.09850211675341637,-3.2739573614795807,4.472827764464596,-2.5784550225681153,0.8128929701524722,3.7515839036895677,0.15803895350322802,-3.0323320121012913,-0.9885972281909636,-1.4872812424133495,8.513026694014044,-0.5786565052142847,3.736629198836197,1.3485019535305938
0.4358452130124819,-0.035370776793357976,0.23198311506657981,0.08450786579468154,-0.38899334428518184,0.013752226600376356,-0.10940739366864191,-0.12700471927520499,0.370080852659749,-0.2925478716532402,1.110593847311165,-0.16397282287984516,0.8813622269651155,0.5078705295903299,0.28673673467590305,0.8690766468355289,-0.6999159732438877,-0.43602713221768186,-0.031462819353844644,-7.081428323040737e-4,0.28944617829992036,-0.7550109788300277,0.21509627483063082,0.09708383626610172,-0.24707458740996896,0.14784544680838352,0.019648793354890358,-0.2969277287706642,0.14232134053239429,0.22170151785772993,0.15737886292812203,-0.10600473088419513,-0.7194606014607522,-0.10480298594153939,-0.4426231409106811,0.41921982540452574,-0.037921498800235993,0.03152180937501712,0.4525431523894499,-0.8568217509769286,0.44730217150966545,-0.11361323703373397,0.09738016400799965
0.6424179873070732,1.4057191182085378,0.4580164764759053,-0.09900231445169416,-0.3177525699852091,-0.010593226418973117,0.17011887016679017,0.13772957305309552,0.4758753689085676,-0.9213966593395867,1.3919813300458348,-0.15535241719030227,1.870594385958997,0.4314472668347002,1.0588431152584714,-0.5750054541685509,-0.29780150906692937,-0.5700208158444331,-1.3511884578048645,-0.7656344871069651,1.2865224537373445,2.9767570155549765,0.09708383626610172,1.360024662723333,-2.011085832431373,2.277238785853432,1.1636237912834742,-1.1394041464908125,-2.0933595750054463,0.4475885491064691,-1.0083209392199255,1.5786114369099393,-2.349827048083732,0.1288740808779241,0.6712893413140989,0.8361031619899267,-1.2722750677942978,-0.3343920937885872,0.2454666829008878,1.795322351695951,0.5959200391475473,1.272241400594799,0.7146631108603707
-1.1438858726915806,-2.0110454385251315,-0.7764612167921083,0.10086328381726725,0.6521372142991155,0.008456479009323965,-0.191072181620816,-0.13549593602866405,-0.8708153030759842,1.4752666024321632,-2.5613813252207773,0.30580066645026716,-3.1380920240044663,-0.8752869857577582,-1.6707559772649532,0.39750740585664635,0.7778652064339792,1.039550843227438,1.965615942746364,1.1052839099686795,-2.0007585004352335,-3.9203415865779103,-0.24707458740996896,-2.011085832431373,3.0253221398431314,-3.3599592161820437,-1.6890938755538845,1.7920636769560303,2.950256410687505,-0.7561806570458838,1.3769159177814558,-2.225512641628941,3.749102035203861,-0.13381963330562574,-0.7485952721024424,-1.4151938414457137,1.8549513064465142,0.46695775267088796,-0.5794169747857834,-2.164714542220036,-1.0825571565295535,-1.7795349999824956,-1.0798506552688494
1.0481707325465126,2.364400692281442,0.7521033179914894,-0.17218498860697784,-0.5052600948740142,-0.018834158659365656,0.2937628633373334,0.2413117412987507,0.7731498489598067,-1.5266623108460948,2.2578007144685786,-0.2489332652993126,3.0781791145388584,0.6882895024684814,1.7578059362935605,-1.0285701269374075,-0.45039001548393026,-0.9260421726709394,-2.2677428046949486,-1.286149847504104,2.1395514497558867,5.055257639860899,0.14784544680838352,2.277238785853432,-3.3599592161820437,3.815021073544456,1.9531956124140852,-1.892647012448522,-3.526812440958236,0.7363173218605229,-1.7049188415843375,2.6591486099449195,-3.895412934931681,0.22418697977614593,1.1595558437201214,1.3742200606536523,-2.134704618782105,-0.5635511672576665,0.3792814224087307,3.0777736734485437,0.9685741476961398,2.1453842469452082,1.1932812322192736
0.4308620313531573,1.2444320575010182,0.3309125762850346,-0.11258186254790235,-0.15996103316589896,-0.013507164657857014,0.182692931077998,0.15988610952855123,0.30479525990020556,-0.7192185916599758,0.8823911495477738,-0.08621009147866898,1.3722557204809027,0.22366658869232128,0.8415388691647971,-0.7697310103605178,-0.047953341862207226,-0.36710595265769996,-1.1761086930923734,-0.6716256561517514,1.0403085509213288,2.842515840863681,0.019648793354890358,1.1636237912834742,-1.6890938755538845,1.9531956124140852,1.015019087957809,-0.9092061995805318,-1.8803042285286609,0.32524398664232435,-0.932707590129416,1.4174224032435978,-1.8423539339586144,0.14511367678448125,0.7240889625319205,0.6057135480386945,-1.1048906251331974,-0.3028799639452786,0.07715105716997758,1.8368368019210917,0.3863353375350347,1.1510331370013147,0.5973058602411372
-0.942109951877131,-1.0371882050589356,-0.5900727819507885,-0.011906014423438941,0.6455408053926274,-0.006142151792977779,-0.016649447886770637,0.026260687144088878,-0.746789441700569,1.0067963867215253,-2.2133959283106677,0.28847228603845787,-2.341595565711212,-0.8555434705443848,-1.105757965223382,-0.46078822366990285,0.9523457754023854,0.8869657049985121,1.064733460339656,0.5855832553259311,-1.2824491940272735,-1.4919939048034585,-0.2969277287706642,-1.1394041464908125,1.7920636769560303,-1.892647012448522,-0.9092061995805318,1.17787057791733,1.4516727988734015,-0.5715141800571817,0.6072317698318475,-1.0960633971620746,2.5400335378532475,0.010084978797459605,-0.05439063960152387,-1.0728236060802212,1.0111471826155904,0.22275769104164975,-0.6561287004245605,-0.4840839452965387,-0.9184184311517051,-0.8541757179468421,-0.6467470824923253
-0.4422745322052303,-2.35507910258557,-0.42486262423475396,0.28066565708423197,-0.025330911000921743,0.036691484451868185,-0.432567562287145,-0.40494241231690253,-0.2614961387613096,1.1002709559069956,-0.7235930453770664,0.024405221349235517,-1.8298413965237055,0.005021972496809127,-1.3336010545465309,2.162257317665679,-0.4930855498528651,0.3227563804334687,2.1716413581554828,1.254473235196555,-1.702500577016013,-5.94072410451436,0.14232134053239429,-2.0933595750054463,2.950256410687505,-3.526812440958236,-1.8803042285286609,1.4516727988734015,3.632223005667486,-0.4232935055830875,1.8738833551237613,-2.7368117196872808,2.8434014661677773,-0.35856064742530636,-1.7217550804714616,-0.7826368505197749,2.0331675646485086,0.5920155386246392,0.23298563565225408,-4.146163580511056,-0.3492213227474294,-2.2455377560485226,-1.0349349578672278
0.5669324810862403,0.33922990964598226,0.3321831281164729,0.0509074426799688,-0.4382144934191607,0.009715147862452063,-0.054714371198728455,-0.07911112119666158,0.4630178230516851,-0.5099131760850106,1.3794481337893227,-0.19037166718119428,1.2969757714001096,0.5767325549418183,0.5408795877898297,0.6399443790819737,-0.7165405066111102,-0.5478274692370759,-0.385646202534368,-0.20290265840444258,0.6033422789077815,0.09850211675341637,0.22170151785772993,0.4475885491064691,-0.7561806570458838,0.7363173218605229,0.32524398664232435,-0.5715141800571817,-0.4232935055830875,0.32035423411881564,-0.12288279069920267,0.3203140229606815,-1.276206110023466,-0.06140870751450829,-0.225963950916533,0.6027881892402553,-0.370681396696521,-0.05948214170235632,0.47703431833399734,-0.30639271881047636,0.5648931601889633,0.23255124935606605,0.2774380658233301
-0.04661979118206317,-1.1921395189822823,-0.11971800129970077,0.17427519519636886,-0.16837168677389525,0.023859416945994246,-0.2601766343108204,-0.25327889677950555,0.017477727746131363,0.43322097526447473,0.0827335158368551,-0.05342130655815791,-0.5624603789725263,0.20592770078572378,-0.5522951018418096,1.4296453628953854,-0.5270587591591503,-0.013153498417814333,1.0736514102594839,0.6272153091496777,-0.735839552415193,-3.2739573614795807,0.15737886292812203,-1.0083209392199255,1.3769159177814558,-1.7049188415843375,-0.932707590129416,0.6072317698318475,1.8738833551237613,-0.12288279069920267,1.0004168293840812,-1.4115081941574086,1.1342059000609228,-0.22129625245369916,-1.038514433395052,-0.2236127102046719,1.001800294987992,0.308841042533484,0.2976994919261502,-2.417095842185504,0.004403249411780263,-1.1687477701904703,-0.47873277505428463
0.3359927511448861,1.774729688364698,0.32192536807178307,-0.21109274412420792,0.016435481305981398,-0.027572035955418833,0.32531132747723507,0.3041044718039142,0.19929751869764195,-0.8311934999372452,0.552645387295642,-0.01952530573465779,1.3850722640500606,-6.003458808803555e-4,1.0070954079238534,-1.6242512748325924,0.3674454291845501,-0.24608976746455902,-1.6369650784121215,-0.9455288530948133,1.2853891184989046,4.472827764464596,-0.10600473088419513,1.5786114369099393,-2.225512641628941,2.6591486099449195,1.4174224032435978,-1.0960633971620746,-2.7368117196872808,0.3203140229606815,-1.4115081941574086,2.062293123001089,-2.147800650365004,0.2695148255417271,1.2949402355985689,0.5926031243719277,-1.5326413761596627,-0.4462010046044175,-0.17256391898054224,3.1196262949794757,0.2661693129646892,1.6918093063942763,0.7807784017796733
-2.1435812366348057,-2.0688883186304254,-1.3196798996607289,-0.0716418222597264,1.5200433521340686,-0.020148705181549004,0.02828534376568229,0.1249104499263912,-1.713019768623948,2.1930275526583047,-5.085477528802682,0.6736895233989796,-5.2142519726548535,-2.009946327692572,-2.3891259299022547,-1.4189599638742403,2.3132805040885773,2.0327688530094328,2.1621769332278813,1.1798070141422516,-2.7467163948912257,-2.5784550225681153,-0.7194606014607522,-2.349827048083732,3.749102035203861,-3.895412934931681,-1.8423539339586144,2.5400335378532475,2.8434014661677773,-1.276206110023466,1.1342059000609228,-2.147800650365004,5.522312303041315,0.0795677531300721,0.14044592979070433,-2.3975750342726667,2.057889553924383,0.431007915462015,-1.5772751340788556,-0.4909724772855157,-2.1025301705716073,-1.6562021136603817,-1.3576857652601795
-0.1527040132456457,0.2079136037176131,-0.06601131297358181,-0.05950988328502144,0.17084661156751835,-0.008950941100406958,0.08280668230600391,0.08838997423209878,-0.138949572377756,0.03691892000061868,-0.4224701997185138,0.06915899729485817,-0.23273963039446824,-0.22054824487329575,-0.015386203209723837,-0.5534625020709121,0.3435337774633913,0.16268620742275794,-0.16389693720162765,-0.1022273151784643,0.013409278031255143,0.8128929701524722,-0.10480298594153939,0.1288740808779241,-0.13381963330562574,0.22418697977614593,0.14511367678448125,0.010084978797459605,-0.35856064742530636,-0.06140870751450829,-0.22129625245369916,0.2695148255417271,0.0795677531300721,0.07480486826441118,0.33258997428356796,-0.11780592957879917,-0.14977307540133966,-0.061909187229265306,-0.21535415965780297,0.7103158805936899,-0.1654569164723129,0.23277880850753868,0.04229236636895996
-0.6018670150401112,1.0146327045725945,-0.24421556344467618,-0.26461091152422855,0.7072113823479298,-0.03946794017972655,0.37070435318016415,0.3913816805874771,-0.5570755027115293,0.07970766619237922,-1.6972652660518006,0.28395359431273953,-0.8399983836076562,-0.9116601460485093,0.02485220630597121,-2.4298642801288106,1.4525172857824202,0.6506926512369117,-0.8207316785666584,-0.5053563778533198,0.16872682063437972,3.7515839036895677,-0.4426231409106811,0.6712893413140989,-0.7485952721024424,1.1595558437201214,0.7240889625319205,-0.05439063960152387,-1.7217550804714616,-0.225963950916533,-1.038514433395052,1.2949402355985689,0.14044592979070433,0.33258997428356796,1.4881185019535839,-0.43488621080403045,-0.7532332114058586,-0.29532986775060727,-0.9048761016787003,3.2091455719922144,-0.6602787376933495,1.1103369053291325,0.24341109454453588
1.068489106990143,0.6294017736404972,0.6260413874464846,0.09728162689363179,-0.8283589308456378,0.018564406955841165,-0.10547602029686155,-0.15203796663657335,0.8730383559792936,-0.9581678740509338,2.60284677356793,-0.35970727546876624,2.4420210917073386,1.089385745059717,1.0157202235214924,1.2189710655137524,-1.3553302462579977,-1.0334143351767653,-0.718161561539846,-0.37738569442675973,1.1324648253819949,0.15803895350322802,0.41921982540452574,0.8361031619899267,-1.4151938414457137,1.3742200606536523,0.6057135480386945,-1.0728236060802212,-0.7826368505197749,0.6027881892402553,-0.2236127102046719,0.5926031243719277,-2.3975750342726667,-0.11780592957879917,-0.43488621080403045,1.1351223334044225,-0.690556179628052,-0.1100014689746967,0.9026170165494696,-0.598262529615554,1.0656804425277853,0.4287987691090976,0.5194646482481213
-0.5019032041901835,-1.3502404069590628,-0.37732153669659557,0.11584311715571345,0.20354246981357393,0.01364195951372204,-0.19025216561853314,-0.1643387882117904,-0.35982550788249573,0.8042528131082104,-1.0441689435108583,0.10621230540523298,-1.5590870617010444,-0.2820997916856444,-0.9367258384215832,0.7701855202152172,0.10593673237760659,0.432451653575537,1.2810157313577064,0.7301873686897993,-1.1528403888715966,-3.0323320121012913,-0.037921498800235993,-1.2722750677942978,1.8549513064465142,-2.134704618782105,-1.1048906251331974,1.0111471826155904,2.0331675646485086,-0.370681396696521,1.001800294987992,-1.5326413761596627,2.057889553924383,-0.14977307540133966,-0.7532332114058586,-0.690556179628052,1.204088230513558,0.3266964390425717,-0.11839612555495072,-1.9312092906435314,-0.45416924984166795,-1.2425813053268457,-0.6567133100681956
-0.05417221829593888,-0.38143502424894404,-0.05979789822854304,0.048729125967296005,-0.01908229528672073,0.00645250312048517,-0.07408038117845987,-0.06995829547374141,-0.02754067467838168,0.1662259675471851,-0.07361031472327559,-0.0023709212510666703,-0.2612735234159842,0.020752028242210185,-0.20421350033738675,0.38313496999138735,-0.1072925937005888,0.03510207012403699,0.3493032778475837,0.20249956764704824,-0.2639433014996016,-0.9885972281909636,0.03152180937501712,-0.3343920937885872,0.46695775267088796,-0.5635511672576665,-0.3028799639452786,0.22275769104164975,0.5920155386246392,-0.05948214170235632,0.308841042533484,-0.4462010046044175,0.431007915462015,-0.061909187229265306,-0.29532986775060727,-0.1100014689746967,0.3266964390425717,0.0970467931352277,0.05510914205395472,-0.7029164594088226,-0.03900962246351361,-0.36700120046424056,-0.16340422808475852
0.9308834165404003,-0.03100175725945935,0.49988726511339865,0.1734405955462856,-0.8238000975592829,0.028468920053916272,-0.2236452258592193,-0.2621846182529759,0.7881905663866051,-0.6403140159157953,2.366031440207201,-0.347936249448189,1.9015959634096713,1.075273513364025,0.6325869636762932,1.7996862324583616,-1.4722785670640932,-0.9295456563629889,-0.1073165276869549,-0.025084858028956818,0.6458577785665899,-1.4872812424133495,0.4525431523894499,0.2454666829008878,-0.5794169747857834,0.3792814224087307,0.07715105716997758,-0.6561287004245605,0.23298563565225408,0.47703431833399734,0.2976994919261502,-0.17256391898054224,-1.5772751340788556,-0.21535415965780297,-0.9048761016787003,0.9026170165494696,-0.11839612555495072,0.05510914205395472,0.9544333430309162,-1.7364970184358732,0.9540931821677767,-0.19831073850222833,0.22596706649300652
-0.9971497886864489,2.5001010075980106,-0.33992263936549033,-0.5638690083639145,1.3157774163262417,-0.08276680699647955,0.8004121955032583,0.8315186465643034,-0.9619882513858359,-0.1430468106498892,-2.9505419740350374,0.5191659685710883,-1.0716357560863476,-1.6887256001856648,0.3981774938935047,-5.0686240147065815,2.8186883447327413,1.1191749844210142,-2.0927091794612105,-1.2667078206508682,0.7618298991968945,8.513026694014044,-0.8568217509769286,1.795322351695951,-2.164714542220036,3.0777736734485437,1.8368368019210917,-0.4840839452965387,-4.146163580511056,-0.30639271881047636,-2.417095842185504,3.1196262949794757,-0.4909724772855157,0.7103158805936899,3.2091455719922144,-0.598262529615554,-1.9312092906435314,-0.7029164594088226,-1.7364970184358732,7.035024430307278,-1.1299529170531835,2.6482375361752393,0.723837810855754
1.03976505438387,0.3513439295234499,0.5886788732487251,0.13464036260050505,-0.8521081090667773,0.02359791143780239,-0.1620226207559129,-0.20642962121459424,0.8619965621798674,-0.8447404761201265,2.5771957998611517,-0.3656074174387562,2.274512518411687,1.1169593996661922,0.8746654128664034,1.518698480792286,-1.4502615781956063,-1.0187990388064792,-0.46519789060361866,-0.23034417830344234,0.9484179661445338,-0.5786565052142847,0.44730217150966545,0.5959200391475473,-1.0825571565295535,0.9685741476961398,0.3863353375350347,-0.9184184311517051,-0.3492213227474294,0.5648931601889633,0.004403249411780263,0.2661693129646892,-2.1025301705716073,-0.1654569164723129,-0.6602787376933495,1.0656804425277853,-0.45416924984166795,-0.03900962246351361,0.9540931821677767,-1.1299529170531835,1.0485890054398503,0.15948516104749924,0.4033551721888233
0.21799483758083146,1.4490295692683068,0.2322174688763501,-0.18250103232136242,0.06315195116397646,-0.024195306726835442,0.2787414935108363,0.26397642487519907,0.1151452853600028,-0.6391456983342452,0.30796879207628186,0.005099006282461872,1.01462150913033,-0.06521403850007564,0.7829829854731817,-1.4327370359685878,0.38809496792084996,-0.14463619456258475,-1.328314862047934,-0.7694501685032659,1.0089283621091234,3.736629198836197,-0.11361323703373397,1.272241400594799,-1.7795349999824956,2.1453842469452082,1.1510331370013147,-0.8541757179468421,-2.2455377560485226,0.23255124935606605,-1.1687477701904703,1.6918093063942763,-1.6562021136603817,0.23277880850753868,1.1103369053291325,0.4287987691090976,-1.2425813053268457,-0.36700120046424056,-0.19831073850222833,2.6482375361752393,0.15948516104749924,1.3913883338675137,0.6229399682089434
0.424437629509592,0.7083556648367114,0.2851287378990807,-0.031632276468008584,-0.248641384700808,-0.0023339305378885936,0.06229256421775342,0.04180320205008835,0.3249169417086536,-0.5346919498431821,0.9568197765770511,-0.11572177184887089,1.1496236654049183,0.33301251301938717,0.6034481287886122,-0.09931306157419705,-0.30766606190935164,-0.3876314059280905,-0.695481712706404,-0.39027746767461136,0.7201170421934029,1.3485019535305938,0.09738016400799965,0.7146631108603707,-1.0798506552688494,1.1932812322192736,0.5973058602411372,-0.6467470824923253,-1.0349349578672278,0.2774380658233301,-0.47873277505428463,0.7807784017796733,-1.3576857652601795,0.04229236636895996,0.24341109454453588,0.5194646482481213,-0.6567133100681956,-0.16340422808475852,0.22596706649300652,0.723837810855754,0.4033551721888233,0.6229399682089434,0.3858749517818597
