V1,V2,V3,V4,V5,V6,V7,V8,V9,V10,V11,V12,V13,V14,V15,V16,V17,V18,V19,V20,V21,V22,V23,V24,V25,V26,V27,V28,V29,V30,V31,V32,V33,V34,V35,V36,V37,V38,V39,V40,V41,V42,V43
3.150668660195464,-0.7155622199847266,-2.0317226167637665,0.2650351675114719,2.3078863264561282,-1.1289745796555881,-5.026335313306638,1.052904661641529,0.4946599846244976,-0.35613343194488184,-1.1843115786846494,0.852071740043369,3.951342267056603,-0.93987787110624,0.5514214250618888,-1.3737044496149147,0.689525001187907,-1.15275246752603,-0.40820254716507,-2.3148879993066673,1.7780837409964059,0.035096937704396924,-5.0321121874233,1.6440353317032548,-3.32840107364576,1.1910474516510572,-0.9178220013333199,-0.6997671731589755,-2.438049905780604,2.1044965919127656,-0.09828729792586859,1.0022060512020436,-0.6524847740300816,-3.334376044650212,0.7906267467477514,1.142055112347959,0.0519211316927326,-0.1890748118178219,-0.0654196638551156,-1.0645660744095438,-2.5908878595448077,0.43210250330873656,-0.6457696424411787
-0.7155622199847266,1.5409913997459361,0.4556544940030895,-0.2843001783795641,-0.11935442854251382,0.18856861184323345,1.3262124535629247,0.1337865512286101,-0.24671363758306553,-0.3319847637857697,-0.2541462125863376,-0.04707372560843126,-0.4289252869829369,-0.23360499188736725,0.4342606541255378,-1.7001738854888775,0.7235403182412019,0.39416285955986924,-1.159222431455047,-0.2764940962402616,0.40623064152077826,4.070066744040366,0.727514187002252,0.817497915616253,-0.8639074854046787,1.7000397534487555,1.2588189485863768,-0.46578516123665076,-1.7540133889044816,-0.3466931806147611,-1.2005225683977352,1.4839763244675224,-0.9403335623990732,0.9478591687412324,1.2094521826586109,-0.11050264078401677,-1.1634494255948997,-0.3332259923315584,-0.492865407359786,3.3234349918081745,0.345453058845031,1.315983283123839,0.6495859264925786
-2.0317226167637665,0.4556544940030895,1.310219774434782,-0.16998027347555328,-1.4899486858883018,0.7283045879878751,3.240463941551739,-0.6805498429942574,-0.31844765720567925,0.23138376696797064,0.7658929683447897,-0.550087184230068,-2.5499719933535605,0.6079385885718814,-0.35792224410963447,0.8942335409686053,-0.44829752195351835,0.7428010933287982,0.26847735762040864,1.4961242492977507,-1.1499590758119713,-0.03967956344472377,3.246711090668016,-1.0651404445863017,2.1530683343331543,-0.7762986585578059,0.5874586689090773,0.4538717853126306,1.5818249554743704,-1.3576808638604998,0.06848387119143441,-0.6534080410403974,0.42529136946981694,2.149395340681482,-0.515629381065381,-0.7370723489672284,-0.028660007416545227,0.12346538232574736,0.04433002810927682,0.6736518636407661,1.6717623607541072,-0.2845412624829616,0.4143269792299077
0.2650351675114719,-0.2843001783795641,-0.16998027347555328,0.05878376417947569,0.1282701004525268,-0.08390031632650627,-0.4526651136626275,0.028015379954146897,0.06355771048327638,0.037190983912623495,-0.014486557573105227,0.0478517181631086,0.2560115750884701,-0.006244175933478381,-0.04465173544313085,0.21184852112766642,-0.08534764726358855,-0.11847799750434293,0.16926115169714756,-0.0641707934074369,0.017637662235877254,-0.6603506112113238,-0.355498464189153,-0.05552463835859558,-0.01632141954294828,-0.22030306904048494,-0.24803543648797272,0.042739405984253645,0.17035586097875266,0.15569662473810422,0.19069176192754744,-0.19418973502314374,0.12213880423857339,-0.31134498038657654,-0.15948618082976485,0.07183703762934832,0.19164170025981234,0.0453715494756974,0.07703889554816393,-0.5907947194568633,-0.17834072155487282,-0.19367813176792528,-0.13613343684791662
2.3078863264561282,-0.11935442854251382,-1.4899486858883018,0.1282701004525268,1.8094883549983374,-0.8469489015370203,-3.6277956661092774,0.8806943962420131,0.3227752252636454,-0.38214226813023644,-1.021243658656259,0.6671771417272883,3.0321906796807214,-0.8199048844938964,0.5683034643091964,-1.597443289285353,0.7638339407108584,-0.8055406175754017,-0.6667253138676684,-1.9314084027472733,1.5405991959479877,1.223602833793651,-3.8083497772318533,1.5542185078820625,-2.9141018838891153,1.451262697381018,-0.3637905850621383,-0.6960827486641976,-2.463864403687274,1.5801104905210106,-0.43126458906896753,1.2369975776162996,-0.7976570735512055,-2.3866395908496156,0.9872257972180799,0.88031122957965,-0.3002065883271571,-0.24908972279257677,-0.19702364795118948,0.1254034597429914,-1.9693174015082624,0.7319208496916821,-0.3252924250978349
-1.1289745796555881,0.18856861184323345,0.7283045879878751,-0.08390031632650627,-0.8469489015370203,0.4079130486921015,1.7921230445102625,-0.39558495375697234,-0.17056352444199452,0.14795117089308768,0.45018652451548485,-0.31254274821926176,-1.4390927537544687,0.35888899063839785,-0.2251816411005583,0.5914678851755117,-0.2905865737349439,0.4065576918003467,0.2079309829214008,0.8690726015015768,-0.6771812702634434,-0.21349985754172193,1.8238028143729126,-0.6478721131428644,1.2726144070740877,-0.5238603338358518,0.2771423808519062,0.28152183845264855,0.9873899150519603,-0.7605605777143958,0.09551392197870662,-0.443523029526831,0.28741340068638976,1.1855217799674151,-0.3517902054933068,-0.41657862049544464,0.03810251333877921,0.08635104491284078,0.04842906609017657,0.22963441693670336,0.9404263588134271,-0.22451901989865078,0.20661203589231586
-5.026335313306638,1.3262124535629247,3.240463941551739,-0.4526651136626275,-3.6277956661092774,1.7921230445102625,8.0439264170063,-1.629542410382938,-0.8068266374908484,0.5129295200022902,1.8195790642719443,-1.3397737032296082,-6.241591372740363,1.4399584555164153,-0.804991487242915,1.922838334812114,-0.9829486705390204,1.8567738720121603,0.4837224526039353,3.585964332660858,-2.7288648970695872,0.4892990690956782,7.973115826915954,-2.4639282613158957,5.093897907431101,-1.6365588205224335,1.6047212301570084,1.0328055459949739,3.5811836914532793,-3.3397668373100644,-0.006516679516659555,-1.3702958469471809,0.8952827084457002,5.345357241044626,-1.0757858505443392,-1.8020960705246252,-0.23697018012075188,0.251619226940335,0.036356904522979135,2.1103994387257576,4.101095199248258,-0.5003040407437409,1.097429532381583
1.052904661641529,0.1337865512286101,-0.6805498429942574,0.028015379954146897,0.8806943962420131,-0.39558495375697234,-1.629542410382938,0.45284497030395005,0.12909026855479602,-0.23067063241572308,-0.5371819735288014,0.3243456792159817,1.4469324654973208,-0.4348582910447817,0.3355331965635875,-1.0030563898743354,0.46818987696633757,-0.3494117990077376,-0.47501084973356367,-0.9904522780426979,0.8130354985137744,1.1145421448671282,-1.7936544018761689,0.8712973509145245,-1.5500908684063313,0.9309431531763187,-0.022652593925999817,-0.40279836216203907,-1.438716622310685,0.7388108741396945,-0.36345617120157975,0.797649346101506,-0.5124461581404449,-1.062575546533617,0.6397554016843345,0.42189203235991896,-0.2941479122153715,-0.1647904659395167,-0.15921952972305775,0.477598664805245,-0.9314324634182269,0.5267969281851211,-0.07981609957821743
0.4946599846244976,-0.24671363758306553,-0.31844765720567925,0.06355771048327638,0.3227752252636454,-0.17056352444199452,-0.8068266374908484,0.12909026855479602,0.09095386005957379,-0.015622908208929876,-0.13477443953739163,0.11947466318646366,0.5743118085005258,-0.10372977534277233,0.03189535461716822,-0.01902134359824521,0.02198028309090689,-0.19386862111294909,0.058063704918821485,-0.28499913677364713,0.19975827961735082,-0.39258339649269597,-0.7490583989240132,0.14164619953938645,-0.3640779835921471,-0.005325748769451333,-0.2465996480889919,-0.04889828337351287,-0.15733978170731275,0.31763744712993214,0.10405338002927318,-0.009924542757700883,0.0037758679719676626,-0.5418539352372447,-0.011591661337523176,0.16473843091217447,0.12048983492494272,0.007211508517984641,0.03921399847673903,-0.46798875030710635,-0.38289932395999343,-0.07023650573310995,-0.15049836527995916
-0.35613343194488184,-0.3319847637857697,0.23138376696797064,0.037190983912623495,-0.38214226813023644,0.14795117089308768,0.5129295200022902,-0.23067063241572308,-0.015622908208929876,0.16393088858535626,0.290589096463323,-0.14018484603089568,-0.5870623006805238,0.2402054567098957,-0.22994329991546328,0.7580727056539411,-0.341679991396226,0.09066429880510105,0.4211420222974533,0.5020094634555384,-0.4437256948236404,-1.2255352138604827,0.6933479283029959,-0.5426238728465876,0.8615391607802282,-0.7248956125848208,-0.21088465858905694,0.2662282339421598,0.9669033926071527,-0.27719929824100015,0.37744165031968674,-0.6260364288461792,0.3998058250180787,0.3198882794841377,-0.5054757371151766,-0.17369737462090062,0.33908544681494995,0.13409496598175472,0.1594640186909263,-0.8027646860646807,0.36568418668777775,-0.47244777362614887,-0.07766077113517124
-1.1843115786846494,-0.2541462125863376,0.7658929683447897,-0.014486557573105227,-1.021243658656259,0.45018652451548485,1.8195790642719443,-0.5371819735288014,-0.13477443953739163,0.290589096463323,0.6438632433411794,-0.3758938288516339,-1.6634127550373827,0.523186417264211,-0.4197248398335057,1.2804384248915506,-0.5936391542653785,0.3830949798597812,0.6286483498857705,1.1748194528881488,-0.9761757525082144,-1.5613070861966147,2.0496313915335844,-1.0702674962424772,1.8663670478193684,-1.1957310897105544,-0.05370906408156225,0.5001767988111312,1.7926559338610806,-0.8408714444374192,0.501265372431917,-1.026646195136888,0.658437071354814,1.1812613748370488,-0.8246068288845441,-0.48583128170870904,0.4175984641185216,0.2140247237698719,0.21727269385874584,-0.7697089705428204,1.0662859265231093,-0.6992809258310833,0.051807090763439784
0.852071740043369,-0.04707372560843126,-0.550087184230068,0.0478517181631086,0.6671771417272883,-0.31254274821926176,-1.3397737032296082,0.3243456792159817,0.11947466318646366,-0.14018484603089568,-0.3758938288516339,0.2460055104274518,1.1184459421842732,-0.3017213922193819,0.20859194456563118,-0.5853613312766714,0.2800661407013336,-0.297694291898275,-0.2434204924766805,-0.7113200731421999,0.567000276293321,0.44282773345275184,-1.4051245213613177,0.571207965398607,-1.072322617362629,0.5314972682906343,-0.1366048494838532,-0.255632062822345,-0.904602026055611,0.5831045563104607,-0.15654162047462616,0.45294205150370326,-0.29210794485280345,-0.881562491247537,0.36143521798687817,0.32468131196350974,-0.10831980144326557,-0.09112601712181745,-0.07163794723990544,0.039536267785300144,-0.7265373486623693,0.2671241189440674,-0.12119910019170724
3.951342267056603,-0.4289252869829369,-2.5499719933535605,0.2560115750884701,3.0321906796807214,-1.4390927537544687,-6.241591372740363,1.4469324654973208,0.5743118085005258,-0.5870623006805238,-1.6634127550373827,1.1184459421842732,5.115545345996381,-1.3311960552901272,0.8820046626985251,-2.407718412410412,1.164892685716877,-1.4007582987396163,-0.9376741901928055,-3.1763405291441975,2.5061854042646,1.4311763744610728,-6.4531746914728405,2.467400727447768,-4.725996271524933,2.1639446225095456,-0.793839100160366,-1.0900763892775847,-3.8429549139848183,2.683910060411112,-0.5394604906454707,1.839492234116221,-1.188465670247207,-4.117474577364793,1.4642843426559984,1.4829960021647857,-0.3264470853048412,-0.3654314360198765,-0.2545943916160773,-0.28687119963147156,-3.332288243929984,1.0229925642702786,-0.6387673564952142
-0.93987787110624,-0.23360499188736725,0.6079385885718814,-0.006244175933478381,-0.8199048844938964,0.35888899063839785,1.4399584555164153,-0.4348582910447817,-0.10372977534277233,0.2402054567098957,0.523186417264211,-0.3017213922193819,-1.3311960552901272,0.425712838406954,-0.3461415406676492,1.0630689960134405,-0.49179730131976,0.300975808746838,0.5279610448438303,0.9510752145978592,-0.7937369077039622,-1.333839785041197,1.6365452285313413,-0.8771943798129277,1.5190381743985046,-0.9947164771197646,-0.06701736261310777,0.4114566406965174,1.4764005997267913,-0.670354663932614,0.4262998267346706,-0.8546511296652537,0.5478118575511686,0.9331956192873738,-0.6867726169713974,-0.389042019611843,0.35812116910592895,0.1787014895611102,0.18418024979281783,-0.682466159287275,0.8519564696465624,-0.5878387730030943,0.02941352626851897
0.5514214250618888,0.4342606541255378,-0.35792224410963447,-0.04465173544313085,0.5683034643091964,-0.2251816411005583,-0.804991487242915,0.3355331965635875,0.03189535461716822,-0.22994329991546328,-0.4197248398335057,0.20859194456563118,0.8820046626985251,-0.3461415406676492,0.3237083139332365,-1.0575074206336015,0.47828030103259084,-0.14804625609537106,-0.5796715685838116,-0.730951442561247,0.640321678402605,1.6617782710248754,-1.049689921396273,0.7713972605861932,-1.2404372652779636,1.0084467368574863,0.26578283925775104,-0.37609235944582814,-1.3637377564302144,0.4216026134597856,-0.5137500713078198,0.870431833960498,-0.5560857824830083,-0.5064088023039451,0.7023900391949804,0.2603453502361759,-0.4584084759360324,-0.1859369112480586,-0.21752382776654197,1.064791951187068,-0.5522167234265628,0.6497618224472692,0.091174766719874
-1.3737044496149147,-1.7001738854888775,0.8942335409686053,0.21184852112766642,-1.597443289285353,0.5914678851755117,1.922838334812114,-1.0030563898743354,-0.01902134359824521,0.7580727056539411,1.2804384248915506,-0.5853613312766714,-2.407718412410412,1.0630689960134405,-1.0575074206336015,3.537501307678749,-1.5867080346471107,0.3094517992274319,2.005756595140494,2.1810127977275364,-1.9589048454601228,-5.9696045313350465,2.8017357623622057,-2.456220649038272,3.8172834631082,-3.3963728320392144,-1.1333720004536787,1.217203143482401,4.432936898484909,-1.1091583850556916,1.8286257432566797,-2.9365521556516057,1.8736876021145137,1.1762715861937685,-2.3731442812123245,-0.7153983404433594,1.6586514000415908,0.6321360414715308,0.7696475597429959,-4.035349208072741,1.4848441786453708,-2.2532207069221664,-0.452799603501226
0.689525001187907,0.7235403182412019,-0.44829752195351835,-0.08534764726358855,0.7638339407108584,-0.2905865737349439,-0.9829486705390204,0.46818987696633757,0.02198028309090689,-0.341679991396226,-0.5936391542653785,0.2800661407013336,1.164892685716877,-0.49179730131976,0.47828030103259084,-1.5867080346471107,0.7141209568111239,-0.1678183665453658,-0.888997851544613,-1.0194849171592393,0.9074934154900712,2.612965541088415,-1.3678311880802272,1.1211926351556813,-1.7641947172582508,1.5194656675229996,0.4700916144976093,-0.5522173550209573,-2.0082998460084136,0.5443682620309485,-0.8030262811278581,1.3132764044147032,-0.83807480631023,-0.6086710904137832,1.0607320936326887,0.34513161578518764,-0.7241610939925893,-0.28212878261791147,-0.33849456595337635,1.7357569183135186,-0.7226609105922127,0.9980607078811469,0.18001333888291793
-1.15275246752603,0.39416285955986924,0.7428010933287982,-0.11847799750434293,-0.8055406175754017,0.4065576918003467,1.8567738720121603,-0.3494117990077376,-0.19386862111294909,0.09066429880510105,0.3830949798597812,-0.297694291898275,-1.4007582987396163,0.300975808746838,-0.14804625609537106,0.3094517992274319,-0.1678183665453658,0.43447520675919304,0.02915812555175057,0.769957842066209,-0.5728226299800229,0.3786621907733857,1.8012970937574668,-0.48720876184687945,1.0623075625590481,-0.24659537139789053,0.43664787229481167,0.1960545430076086,0.6704906133932339,-0.7573814945503249,-0.08142404904664362,-0.20238343496755956,0.13422363352703884,1.2382892368609755,-0.1559324610872326,-0.4035613287310952,-0.1295665384017101,0.03308024716063023,-0.02481517299920642,0.6853501554766699,0.9246302575933252,-0.0223384074595304,0.2845503651576471
-0.40820254716507,-1.159222431455047,0.26847735762040864,0.16926115169714756,-0.6667253138676684,0.2079309829214008,0.4837224526039353,-0.47501084973356367,0.058063704918821485,0.4211420222974533,0.6286483498857705,-0.2434204924766805,-0.9376741901928055,0.5279610448438303,-0.5796715685838116,2.005756595140494,-0.888997851544613,0.02915812555175057,1.1899729038328806,1.0286797459830108,-0.9663551031655857,-3.708596743034367,1.0295371712456223,-1.2948270526557555,1.902748483886573,-1.9441220363387381,-0.8351114997009061,0.6580802524680706,2.4120763422466194,-0.39188371869110816,1.123509532120938,-1.6845917880470784,1.0731959605375003,0.25908954327828204,-1.3641443798480213,-0.2832076469649361,1.0392589533756778,0.3662715474192308,0.4695929673795842,-2.6611053774452964,0.5564773030090813,-1.34043409292473,-0.3731461346277626
-2.3148879993066673,-0.2764940962402616,1.4961242492977507,-0.0641707934074369,-1.9314084027472733,0.8690726015015768,3.585964332660858,-0.9904522780426979,-0.28499913677364713,0.5020094634555384,1.1748194528881488,-0.7113200731421999,-3.1763405291441975,0.9510752145978592,-0.730951442561247,2.1810127977275364,-1.0194849171592393,0.769957842066209,1.0286797459830108,2.1680426024600146,-1.77843455579182,-2.399876330838699,3.9396793616631545,-1.901526509466746,3.3889619453674946,-2.0222355061977813,0.06289701707465664,0.8778173528433183,3.135005591772626,-1.622641447068178,0.7842637875882528,-1.733022772586355,1.1130225188006506,2.3392888969509964,-1.3896936178598593,-0.9258112282827117,0.6321931569525144,0.3581239274618098,0.3435551429636776,-1.0118386863736426,2.045273331428612,-1.1407617548098337,0.18165806824131675
1.7780837409964059,0.40623064152077826,-1.1499590758119713,0.017637662235877254,1.5405991959479877,-0.6771812702634434,-2.7288648970695872,0.8130354985137744,0.19975827961735082,-0.4437256948236404,-0.9761757525082144,0.567000276293321,2.5061854042646,-0.7937369077039622,0.640321678402605,-1.9589048454601228,0.9074934154900712,-0.5728226299800229,-0.9663551031655857,-1.77843455579182,1.4805452890247912,2.417630424066984,-3.085188075451537,1.6285728412112968,-2.831679666673703,1.830736240944582,0.0995551859498062,-0.7622088794411233,-2.7332111261570047,1.2647932071808157,-0.7747510852047006,1.572428011707273,-1.0081548443556958,-1.770330447424212,1.263203343665428,0.7321365303611438,-0.64765441926726,-0.3282855204942929,-0.3352776683351765,1.2111838105673454,-1.6054105084455872,1.075409911302595,-0.06868733374930104
0.035096937704396924,4.070066744040366,-0.03967956344472377,-0.6603506112113238,1.223602833793651,-0.21349985754172193,0.4892990690956782,1.1145421448671282,-0.39258339649269597,-1.2255352138604827,-1.5613070861966147,0.44282773345275184,1.4311763744610728,-1.333839785041197,1.6617782710248754,-5.9696045313350465,2.612965541088415,0.3786621907733857,-3.708596743034367,-2.399876330838699,2.417630424066984,12.066517728703888,-1.2864298810473476,3.542606719585384,-4.830970817159897,5.84361507424766,3.097516454068444,-1.8561600032585353,-6.8557887213529165,0.41175551824652834,-3.619607167750145,5.076010219220097,-3.227842461471435,0.5259078500652706,4.119019703535966,0.45331438689883485,-3.4066888453007027,-1.1156356638677651,-1.5027586811304707,9.106178211430713,-0.7482741216295149,4.18901365088702,1.4809096112678348
-5.0321121874233,0.727514187002252,3.246711090668016,-0.355498464189153,-3.8083497772318533,1.8238028143729126,7.973115826915954,-1.7936544018761689,-0.7490583989240132,0.6933479283029959,2.0496313915335844,-1.4051245213613177,-6.4531746914728405,1.6365452285313413,-1.049689921396273,2.8017357623622057,-1.3678311880802272,1.8012970937574668,1.0295371712456223,3.9396793616631545,-3.085188075451537,-1.2864298810473476,8.16371365880565,-2.9857368963573654,5.805689145679388,-2.496728174184699,1.1490739508708352,1.30610075920414,4.590665878808866,-3.400785827361992,0.5262376524433497,-2.1175886032287137,1.3703773535395325,5.268796041660568,-1.6821682107131468,-1.86904321104972,0.2643013319998108,0.4159201294182206,0.2574846931610127,0.7705695164038855,4.211822569358329,-1.1168560806411503,0.8796109837121897
1.6440353317032548,0.817497915616253,-1.0651404445863017,-0.05552463835859558,1.5542185078820625,-0.6478721131428644,-2.4639282613158957,0.8712973509145245,0.14164619953938645,-0.5426238728465876,-1.0702674962424772,0.571207965398607,2.467400727447768,-0.8771943798129277,0.7713972605861932,-2.456220649038272,1.1211926351556813,-0.48720876184687945,-1.2948270526557555,-1.901526509466746,1.6285728412112968,3.542606719585384,-2.9857368963573654,1.8875409295459886,-3.1374208571483653,2.3243960395165977,0.42876269616808094,-0.9050131774108771,-3.26690635436725,1.2115517622167977,-1.108326979347001,2.0025266605189675,-1.28107105090919,-1.5757809519833677,1.613215109707363,0.7246566063506278,-0.9680054194166189,-0.42409290385320303,-0.47277116963668103,2.1076805569034387,-1.5622667053422448,1.4476290112364227,0.09770518273775149
-3.32840107364576,-0.8639074854046787,2.1530683343331543,-0.01632141954294828,-2.9141018838891153,1.2726144070740877,5.093897907431101,-1.5500908684063313,-0.3640779835921471,0.8615391607802282,1.8663670478193684,-1.072322617362629,-4.725996271524933,1.5190381743985046,-1.2404372652779636,3.8172834631082,-1.7641947172582508,1.0623075625590481,1.902748483886573,3.3889619453674946,-2.831679666673703,-4.830970817159897,5.805689145679388,-3.1374208571483653,5.421476131753817,-3.574575974093348,-0.2650551134857328,1.473577797372243,5.2889219513557,-2.3774338473944465,1.5416910968775839,-3.0713736967859693,1.9687449334263756,3.2992755178053805,-2.468459689639138,-1.381593651254284,1.2987006849061107,0.6424744516972026,0.6657253181636239,-2.498002434954517,3.0231685264509784,-2.118927206392669,0.09093704045251932
1.1910474516510572,1.7000397534487555,-0.7762986585578059,-0.22030306904048494,1.451262697381018,-0.5238603338358518,-1.6365588205224335,0.9309431531763187,-0.005325748769451333,-0.7248956125848208,-1.1957310897105544,0.5314972682906343,2.1639446225095456,-0.9947164771197646,1.0084467368574863,-3.3963728320392144,1.5194656675229996,-0.24659537139789053,-1.9441220363387381,-2.0222355061977813,1.830736240944582,5.84361507424766,-2.496728174184699,2.3243960395165977,-3.574575974093348,3.2674839288194377,1.1547048141967722,-1.1576692131182025,-4.221218533871879,0.9832108023361948,-1.7855989611690304,2.8261591159711403,-1.8028466314489526,-0.9883862134314363,2.284907426579811,0.6446196333683055,-1.6267792662098113,-0.6094965378066518,-0.7505271373485892,4.003379317804511,-1.3270244465501937,2.1851441555822095,0.4749285318793669
-0.9178220013333199,1.2588189485863768,0.5874586689090773,-0.24803543648797272,-0.3637905850621383,0.2771423808519062,1.6047212301570084,-0.022652593925999817,-0.2465996480889919,-0.21088465858905694,-0.05370906408156225,-0.1366048494838532,-0.793839100160366,-0.06701736261310777,0.26578283925775104,-1.1333720004536787,0.4700916144976093,0.43664787229481167,-0.8351114997009061,0.06289701707465664,0.0995551859498062,3.097516454068444,1.1490739508708352,0.42876269616808094,-0.2650551134857328,1.1547048141967722,1.0678091646489707,-0.272223096304857,-1.0485233492175055,-0.5130276988090063,-0.9033316919296448,1.0125122943128575,-0.6394158402190603,1.1163885114920329,0.8282812411839049,-0.2192205082096946,-0.8927128780864922,-0.23168566273780106,-0.3678197217835887,2.658531253586011,0.5694838901019429,0.9517934109709776,0.5713928007015858
-0.6997671731589755,-0.46578516123665076,0.4538717853126306,0.042739405984253645,-0.6960827486641976,0.28152183845264855,1.0328055459949739,-0.40279836216203907,-0.04889828337351287,0.2662282339421598,0.5001767988111312,-0.255632062822345,-1.0900763892775847,0.4114566406965174,-0.37609235944582814,1.217203143482401,-0.5522173550209573,0.1960545430076086,0.6580802524680706,0.8778173528433183,-0.7622088794411233,-1.8561600032585353,1.30610075920414,-0.9050131774108771,1.473577797372243,-1.1576692131182025,-0.272223096304857,0.43857239642123536,1.587539419004472,-0.5269155806761516,0.5761307175284682,-0.9984424030213694,0.6382622383999046,0.6543139640680126,-0.8052156140799782,-0.32114041175294145,0.5104214641118996,0.2125522517426414,0.24462934520885748,-1.160292577413699,0.6856372799505598,-0.7369249351555534,-0.08453170836174488
-2.438049905780604,-1.7540133889044816,1.5818249554743704,0.17035586097875266,-2.463864403687274,0.9873899150519603,3.5811836914532793,-1.438716622310685,-0.15733978170731275,0.9669033926071527,1.7926559338610806,-0.904602026055611,-3.8429549139848183,1.4764005997267913,-1.3637377564302144,4.432936898484909,-2.0082998460084136,0.6704906133932339,2.4120763422466194,3.135005591772626,-2.7332111261570047,-6.8557887213529165,4.590665878808866,-3.26690635436725,5.2889219513557,-4.221218533871879,-1.0485233492175055,1.587539419004472,5.751307092540562,-1.8482448599993797,2.1239942055604923,-3.6420556875673666,2.327492723978368,2.2617924059439733,-2.9380172032324876,-1.1331188261132872,1.8880370465504548,0.7766364254570591,0.9006113789413502,-4.336415501111058,2.4121608668502703,-2.7023734503476926,-0.34247468898087613
2.1044965919127656,-0.3466931806147611,-1.3576808638604998,0.15569662473810422,1.5801104905210106,-0.7605605777143958,-3.3397668373100644,0.7388108741396945,0.31763744712993214,-0.27719929824100015,-0.8408714444374192,0.5831045563104607,2.683910060411112,-0.670354663932614,0.4216026134597856,-1.1091583850556916,0.5443682620309485,-0.7573814945503249,-0.39188371869110816,-1.622641447068178,1.2647932071808157,0.41175551824652834,-3.400785827361992,1.2115517622167977,-2.3774338473944465,0.9832108023361948,-0.5130276988090063,-0.5269155806761516,-1.8482448599993797,1.4182537406418891,-0.1820886120875806,0.8323877388808097,-0.5394568687088184,-2.20908349363269,0.6603493853979081,0.7770054976423475,-0.07498569381891054,-0.16208032194888877,-0.09206343358496345,-0.4177047531282753,-1.7537351712644775,0.4232607057698916,-0.3834537203006465
-0.09828729792586859,-1.2005225683977352,0.06848387119143441,0.19069176192754744,-0.43126458906896753,0.09551392197870662,-0.006516679516659555,-0.36345617120157975,0.10405338002927318,0.37744165031968674,0.501265372431917,-0.15654162047462616,-0.5394604906454707,0.4262998267346706,-0.5137500713078198,1.8286257432566797,-0.8030262811278581,-0.08142404904664362,1.123509532120938,0.7842637875882528,-0.7747510852047006,-3.619607167750145,0.5262376524433497,-1.108326979347001,1.5416910968775839,-1.7855989611690304,-0.9033316919296448,0.5761307175284682,2.1239942055604923,-0.1820886120875806,1.0882910128887067,-1.5502743521871707,0.9861440031955194,-0.06467349086767359,-1.2573503247103424,-0.16777664676366424,1.0201351692192726,0.33993548691197084,0.4524407439563379,-2.701197017225587,0.29666541892263876,-1.2682973222183298,-0.42613354424824523
1.0022060512020436,1.4839763244675224,-0.6534080410403974,-0.19418973502314374,1.2369975776162996,-0.443523029526831,-1.3702958469471809,0.797649346101506,-0.009924542757700883,-0.6260364288461792,-1.026646195136888,0.45294205150370326,1.839492234116221,-0.8546511296652537,0.870431833960498,-2.9365521556516057,1.3132764044147032,-0.20238343496755956,-1.6845917880470784,-1.733022772586355,1.572428011707273,5.076010219220097,-2.1175886032287137,2.0025266605189675,-3.0713736967859693,2.8261591159711403,1.0125122943128575,-0.9984424030213694,-3.6420556875673666,0.8323877388808097,-1.5502743521871707,2.444989005220405,-1.559368245315261,-0.8245538275178999,1.976909406604172,0.5482561713836184,-1.4136256941758405,-0.527727521384606,-0.6512207682599057,3.488744495883217,-1.1262767672248633,1.8938295343571023,0.4192455722586852
-0.6524847740300816,-0.9403335623990732,0.42529136946981694,0.12213880423857339,-0.7976570735512055,0.28741340068638976,0.8952827084457002,-0.5124461581404449,0.0037758679719676626,0.3998058250180787,0.658437071354814,-0.29210794485280345,-1.188465670247207,0.5478118575511686,-0.5560857824830083,1.8736876021145137,-0.83807480631023,0.13422363352703884,1.0731959605375003,1.1130225188006506,-1.0081548443556958,-3.227842461471435,1.3703773535395325,-1.28107105090919,1.9687449334263756,-1.8028466314489526,-0.6394158402190603,0.6382622383999046,2.327492723978368,-0.5394568687088184,0.9861440031955194,-1.559368245315261,0.9947609823604524,0.540158597411183,-1.2607625354499006,-0.35410988230510215,0.8987051144266129,0.3363376579527954,0.41446285592287246,-2.213259721600036,0.7285220137329907,-1.2062931998153141,-0.2634520480243197
-3.334376044650212,0.9478591687412324,2.149395340681482,-0.31134498038657654,-2.3866395908496156,1.1855217799674151,5.345357241044626,-1.062575546533617,-0.5418539352372447,0.3198882794841377,1.1812613748370488,-0.881562491247537,-4.117474577364793,0.9331956192873738,-0.5064088023039451,1.1762715861937685,-0.6086710904137832,1.2382892368609755,0.25908954327828204,2.3392888969509964,-1.770330447424212,0.5259078500652706,5.268796041660568,-1.5757809519833677,3.2992755178053805,-0.9883862134314363,1.1163885114920329,0.6543139640680126,2.2617924059439733,-2.20908349363269,-0.06467349086767359,-0.8245538275178999,0.540158597411183,3.555473044784791,-0.6450969047415901,-1.188127444803791,-0.21406410973677859,0.14835770839716741,-9.457378653977641e-4,1.552163902113468,2.708624058022741,-0.2620780294540957,0.7528374406900772
0.7906267467477514,1.2094521826586109,-0.515629381065381,-0.15948618082976485,0.9872257972180799,-0.3517902054933068,-1.0757858505443392,0.6397554016843345,-0.011591661337523176,-0.5054757371151766,-0.8246068288845441,0.36143521798687817,1.4642843426559984,-0.6867726169713974,0.7023900391949804,-2.3731442812123245,1.0607320936326887,-0.1559324610872326,-1.3641443798480213,-1.3896936178598593,1.263203343665428,4.119019703535966,-1.6821682107131468,1.613215109707363,-2.468459689639138,2.284907426579811,0.8282812411839049,-0.8052156140799782,-2.9380172032324876,0.6603493853979081,-1.2573503247103424,1.976909406604172,-1.2607625354499006,-0.6450969047415901,1.5985886390617559,0.436692365852212,-1.1475675300593444,-0.4268750234876032,-0.5280180790224523,2.8388448184643846,-0.8953209663518062,1.5337616249876207,0.3448700258466495
1.142055112347959,-0.11050264078401677,-0.7370723489672284,0.07183703762934832,0.88031122957965,-0.41657862049544464,-1.8020960705246252,0.42189203235991896,0.16473843091217447,-0.17369737462090062,-0.48583128170870904,0.32468131196350974,1.4829960021647857,-0.389042019611843,0.2603453502361759,-0.7153983404433594,0.34513161578518764,-0.4035613287310952,-0.2832076469649361,-0.9258112282827117,0.7321365303611438,0.45331438689883485,-1.86904321104972,0.7246566063506278,-1.381593651254284,0.6446196333683055,-0.2192205082096946,-0.32114041175294145,-1.1331188261132872,0.7770054976423475,-0.16777664676366424,0.5482561713836184,-0.35410988230510215,-1.188127444803791,0.436692365852212,0.43006993469155125,-0.10558057166758952,-0.10922976705495213,-0.07854347444013263,-0.05293225533705084,-0.9654384682807381,0.3094230731649246,-0.17973732323561176
0.0519211316927326,-1.1634494255948997,-0.028660007416545227,0.19164170025981234,-0.3002065883271571,0.03810251333877921,-0.23697018012075188,-0.2941479122153715,0.12048983492494272,0.33908544681494995,0.4175984641185216,-0.10831980144326557,-0.3264470853048412,0.35812116910592895,-0.4584084759360324,1.6586514000415908,-0.7241610939925893,-0.1295665384017101,1.0392589533756778,0.6321931569525144,-0.64765441926726,-3.4066888453007027,0.2643013319998108,-0.9680054194166189,1.2987006849061107,-1.6267792662098113,-0.8927128780864922,0.5104214641118996,1.8880370465504548,-0.07498569381891054,1.0201351692192726,-1.4136256941758405,0.8987051144266129,-0.21406410973677859,-1.1475675300593444,-0.10558057166758952,0.9630485653389392,0.3112489022782115,0.4231021189306646,-2.5923173577530285,0.1603803555602818,-1.174411657968319,-0.43084946927221335
-0.1890748118178219,-0.3332259923315584,0.12346538232574736,0.0453715494756974,-0.24908972279257677,0.08635104491284078,0.251619226940335,-0.1647904659395167,0.007211508517984641,0.13409496598175472,0.2140247237698719,-0.09112601712181745,-0.3654314360198765,0.1787014895611102,-0.1859369112480586,0.6321360414715308,-0.28212878261791147,0.03308024716063023,0.3662715474192308,0.3581239274618098,-0.3282855204942929,-1.1156356638677651,0.4159201294182206,-0.42409290385320303,0.6424744516972026,-0.6094965378066518,-0.23168566273780106,0.2125522517426414,0.7766364254570591,-0.16208032194888877,0.33993548691197084,-0.527727521384606,0.3363376579527954,0.14835770839716741,-0.4268750234876032,-0.10922976705495213,0.3112489022782115,0.11427247826654456,0.14246682574637543,-0.7776091734702764,0.22200782974787758,-0.4121060829299072,-0.09859253673044337
-0.0654196638551156,-0.492865407359786,0.04433002810927682,0.07703889554816393,-0.19702364795118948,0.04842906609017657,0.036356904522979135,-0.15921952972305775,0.03921399847673903,0.1594640186909263,0.21727269385874584,-0.07163794723990544,-0.2545943916160773,0.18418024979281783,-0.21752382776654197,0.7696475597429959,-0.33849456595337635,-0.02481517299920642,0.4695929673795842,0.3435551429636776,-0.3352776683351765,-1.5027586811304707,0.2574846931610127,-0.47277116963668103,0.6657253181636239,-0.7505271373485892,-0.3678197217835887,0.24462934520885748,0.9006113789413502,-0.09206343358496345,0.4524407439563379,-0.6512207682599057,0.41446285592287246,-9.457378653977641e-4,-0.5280180790224523,-0.07854347444013263,0.4231021189306646,0.14246682574637543,0.18837270061237396,-1.1129164354673806,0.14329761681291864,-0.5298181350821891,-0.17182747043096908
-1.0645660744095438,3.3234349918081745,0.6736518636407661,-0.5907947194568633,0.1254034597429914,0.22963441693670336,2.1103994387257576,0.477598664805245,-0.46798875030710635,-0.8027646860646807,-0.7697089705428204,0.039536267785300144,-0.28687119963147156,-0.682466159287275,1.064791951187068,-4.035349208072741,1.7357569183135186,0.6853501554766699,-2.6611053774452964,-1.0118386863736426,1.2111838105673454,9.106178211430713,0.7705695164038855,2.1076805569034387,-2.498002434954517,4.003379317804511,2.658531253586011,-1.160292577413699,-4.336415501111058,-0.4177047531282753,-2.701197017225587,3.488744495883217,-2.213259721600036,1.552163902113468,2.8388448184643846,-0.05293225533705084,-2.5923173577530285,-0.7776091734702764,-1.1129164354673806,7.250026938514684,0.33180076105522166,3.0159011325433154,1.3427116155177783
-2.5908878595448077,0.345453058845031,1.6717623607541072,-0.17834072155487282,-1.9693174015082624,0.9404263588134271,4.101095199248258,-0.9314324634182269,-0.38289932395999343,0.36568418668777775,1.0662859265231093,-0.7265373486623693,-3.332288243929984,0.8519564696465624,-0.5522167234265628,1.4848441786453708,-0.7226609105922127,0.9246302575933252,0.5564773030090813,2.045273331428612,-1.6054105084455872,-0.7482741216295149,4.211822569358329,-1.5622667053422448,3.0231685264509784,-1.3270244465501937,0.5694838901019429,0.6856372799505598,2.4121608668502703,-1.7537351712644775,0.29666541892263876,-1.1262767672248633,0.7285220137329907,2.708624058022741,-0.8953209663518062,-0.9654384682807381,0.1603803555602818,0.22200782974787758,0.14329761681291864,0.33180076105522166,2.1736021051250227,-0.6048228436328567,0.4422973968553942
0.43210250330873656,1.315983283123839,-0.2845412624829616,-0.19367813176792528,0.7319208496916821,-0.22451901989865078,-0.5003040407437409,0.5267969281851211,-0.07023650573310995,-0.47244777362614887,-0.6992809258310833,0.2671241189440674,1.0229925642702786,-0.5878387730030943,0.6497618224472692,-2.2532207069221664,0.9980607078811469,-0.0223384074595304,-1.34043409292473,-1.1407617548098337,1.075409911302595,4.18901365088702,-1.1168560806411503,1.4476290112364227,-2.118927206392669,2.1851441555822095,0.9517934109709776,-0.7369249351555534,-2.7023734503476926,0.4232607057698916,-1.2682973222183298,1.8938295343571023,-1.2062931998153141,-0.2620780294540957,1.5337616249876207,0.3094230731649246,-1.174411657968319,-0.4121060829299072,-0.5298181350821891,3.0159011325433154,-0.6048228436328567,1.5102372596980749,0.42747047560814877
-0.6457696424411787,0.6495859264925786,0.4143269792299077,-0.13613343684791662,-0.3252924250978349,0.20661203589231586,1.097429532381583,-0.07981609957821743,-0.15049836527995916,-0.07766077113517124,0.051807090763439784,-0.12119910019170724,-0.6387673564952142,0.02941352626851897,0.091174766719874,-0.452799603501226,0.18001333888291793,0.2845503651576471,-0.3731461346277626,0.18165806824131675,-0.06868733374930104,1.4809096112678348,0.8796109837121897,0.09770518273775149,0.09093704045251932,0.4749285318793669,0.5713928007015858,-0.08453170836174488,-0.34247468898087613,-0.3834537203006465,-0.42613354424824523,0.4192455722586852,-0.2634520480243197,0.7528374406900772,0.3448700258466495,-0.17973732323561176,-0.43084946927221335,-0.09859253673044337,-0.17182747043096908,1.3427116155177783,0.4422973968553942,0.42747047560814877,0.3158878168509914
