V1,V2,V3,V4,V5,V6,V7,V8,V9,V10,V11,V12,V13,V14,V15,V16,V17,V18,V19,V20,V21,V22,V23,V24,V25,V26,V27,V28,V29,V30,V31,V32,V33,V34,V35,V36,V37,V38,V39,V40,V41,V42,V43
9.356978716392712,-21.8657983301365,39.62493404716471,-31.98010213380345,-22.666424672263297,20.189084202989914,-12.285151777654214,-8.845413550218748,-16.639733218798565,-41.255066053472746,-33.754984219371536,-46.09461456198374,3.4242963804958313,22.300036808442485,-8.261202419907173,-0.529676920225725,-33.10444784891204,-38.95759509334361,14.947913259129354,-41.862397094782516,-58.1228854876352,33.786226226161084,-15.063831356531873,-51.638678848452486,-6.979527977306139,-26.371764217560038,-44.04135908693844,-8.360682195695516,-10.718588927269714,-1.959203137589045,25.325590185921953,-18.92069091396841,25.022200966013862,66.65671776836905,-0.5911258470681964,-14.02336868673095,-42.065643845419075,69.34291832468178,5.6640504600419685,-37.65249944816554,6.348724438309384,23.717215665147332,11.812179079800256
-21.8657983301365,51.76402304422281,-95.17435319115286,76.14259245877273,54.111562584677905,-48.118992152583914,28.812890877220408,20.80569045197449,39.51681113229546,99.02917358250245,80.42246594165228,110.76098637074361,-8.569876394159788,-53.089372840360255,19.49031188397831,1.9845152769049235,79.12944324960081,93.72005901934808,-35.67150156542834,99.35694023419204,139.7953555956567,-81.30006544561083,37.181260508729636,123.19288486158442,17.42467640392012,63.869714077877,106.02856206714922,20.10959554485835,25.412526388422627,5.626996232615974,-60.39485088325936,44.73789073147668,-59.97086772645142,-158.88760212909318,1.0043942898758185,33.62038668686887,101.40276121737578,-165.2789709477822,-13.850334557599599,90.56317078953387,-14.516969041779259,-57.205595601929154,-29.178452520294872
39.62493404716471,-95.17435319115286,178.95352449036506,-141.39121758337308,-101.04761097917428,89.70907131444233,-52.39362639902316,-37.91767846817058,-73.6999188171675,-186.1991157059599,-149.66441205075026,-208.58173379871224,17.507174311402434,99.30979927843468,-35.47389699020134,-5.380712159208195,-148.0687680282285,-177.37113290842714,67.19195131255046,-183.92263571600782,-263.3861238529911,152.80806526357676,-72.67974676746053,-229.4383008998704,-34.00193127359095,-121.5237497779851,-199.8809183581631,-38.50760815284073,-47.12207591311306,-12.812149860290614,112.62381416572033,-82.67479334777916,112.76839226060609,296.1253399834799,-1.2564757620708977,-63.02502098546478,-191.81647200027035,307.4398001322063,26.82533120084906,-170.54251629263058,25.19604223684245,108.07693578242439,57.097051452962596
-31.98010213380345,76.14259245877273,-141.39121758337308,112.51068203985926,80.16784028986848,-71.24429632913926,42.1978738040578,30.49112880879699,58.56928301606445,147.13765375211506,118.96826711252184,164.67493651500072,-13.277636296416535,-78.78835606708702,28.521115345300572,3.4864506392104904,117.34282489971807,139.72369592497853,-53.126277101540865,146.64107441336566,207.86752453928818,-120.70492627880203,56.20042373379609,182.25614043152072,26.251558213506062,95.38824379471265,157.67339473781664,30.19089245494168,37.54954023860446,9.106278521208342,-89.42260618658848,66.01863258022226,-89.13973685856521,-235.20604346053133,1.3313610937732516,49.87837928372985,151.0614426980547,-244.39573186734958,-20.870002717020572,134.61748606092132,-20.81722701468064,-85.14728095466927,-44.139673897325714
-22.666424672263297,54.111562584677905,-101.04761097917428,80.16784028986848,57.21683909008422,-50.83275945860249,29.922580890702456,21.625035901511875,41.82935298806875,105.16763981890581,84.82899046613963,117.74945391750146,-9.718618224250779,-56.30442397737016,20.203569194930136,2.691559655189269,83.79053260627478,100.0795081884461,-38.050037943991015,104.43346784986903,148.6312110459121,-86.21412925672061,40.54727544078193,129.9583470630942,18.88184145217259,68.36561438780109,112.7412521669512,21.725665621485277,26.7684216485019,6.7892870246432295,-63.80173323032677,47.02533163219808,-63.736539554726214,-167.79324684270622,0.9089624877987595,35.61969198125347,108.12977114672708,-174.2179209380999,-15.031967623605002,96.2348147668914,-14.5805347658726,-60.90969505374463,-31.85231058217675
20.189084202989914,-48.118992152583914,89.70907131444233,-71.24429632913926,-50.83275945860249,45.172473070074076,-26.6398058441149,-19.245147287165757,-37.19476674998664,-93.37779025250076,-75.38531763265237,-104.53372813480074,8.602069209147203,50.0509460119256,-17.96860400297393,-2.309689984869916,-74.43766074894505,-88.84777842680295,33.81819487640938,-92.84638775683334,-131.93284616537994,76.51735877798454,-35.89585148042698,-115.46553352584725,-16.684210978688714,-60.63950852730182,-100.06047950318617,-19.297480141510977,-23.80111354961495,-5.925036382552325,56.69211588427469,-41.83233036769128,56.608173800836646,149.10561240650776,-0.8594393237212714,-31.62543381172349,-95.96168271470984,154.8035419636069,13.322045378627655,-85.42103234177011,13.02003419565615,54.04977050214245,28.197933609668503
-12.285151777654214,28.812890877220408,-52.39362639902316,42.1978738040578,29.922580890702456,-26.6398058441149,16.150338792505902,11.638535024929904,21.936164571853574,54.5404496830826,44.54557752459421,60.94907475203208,-4.576813410776236,-29.421168570157665,10.878299967403507,0.7993336274899253,43.71663896604855,51.527610268431125,-19.72930984544036,55.190126052529976,76.87594563290219,-44.698013332252714,20.048943886986688,68.16234563728545,9.320854525391628,34.94600639373594,58.267452527339664,11.054397006307417,14.12225932688966,2.7200714243035673,-33.422319316650764,24.919794380742907,-33.065717993748336,-87.96563597216677,0.7215995047993468,18.535305915072424,55.66798304823459,-91.51577377383653,-7.526660246995568,49.8016037558812,-8.291439392644996,-31.392049389458535,-15.734629895618781
-8.845413550218748,20.80569045197449,-37.91767846817058,30.49112880879699,21.625035901511875,-19.245147287165757,11.638535024929904,8.395453925663363,15.82115844920185,39.46042625581131,32.1844157719163,44.1060115803337,-3.3155919604843658,-21.22969061884022,7.859448821682025,0.6389287101058099,31.6001381790865,37.26866048452863,-14.231873909176752,39.84853848422992,55.6452680659512,-32.37765043519954,14.574269062691874,49.27262903466698,6.810178383795655,25.325354205131408,42.1954387777247,7.9766357509071435,10.186871777138517,2.0407595399195477,-24.149208922482977,17.968402311298075,-23.905785722497825,-63.5562369973172,0.47418912476584885,13.411357660082345,40.30556784061654,-66.14329448330712,-5.456557664030064,36.05496616199972,-5.957156370421194,-22.739359067126742,-11.43713502190998
-16.639733218798565,39.51681113229546,-73.6999188171675,58.56928301606445,41.82935298806875,-37.19476674998664,21.936164571853574,15.82115844920185,30.78420115748987,76.77797648298296,62.03676720251339,85.9304708192046,-7.2467952699676905,-41.41740611444068,14.69064362703705,1.7856125755081482,61.27594678237154,73.26452160034655,-28.058350608008496,76.42224847553742,108.3853467340273,-62.69923907309259,29.4849190999783,94.89048875415504,13.497777905980657,49.826272830699764,82.13962915548525,16.077307112462005,19.630620576891022,4.765894555197012,-46.65630434956364,34.5527197781011,-46.64360494139955,-122.74812127544445,0.8885865745297143,25.973353785851415,78.88431701613449,-127.24291234610696,-11.001009391486349,70.13780939781051,-10.652307306848428,-44.352724928929234,-23.19961904445588
-41.255066053472746,99.02917358250245,-186.1991157059599,147.13765375211506,105.16763981890581,-93.37779025250076,54.5404496830826,39.46042625581131,76.77797648298296,193.76506335294133,155.77241993445747,217.0461121608847,-18.28533378204021,-103.45304001785428,36.88379553137743,5.547820702881319,154.11733298012197,184.65985194760793,-70.02357465826834,191.43671386941293,274.04791506015016,-158.92970218951822,75.61381482209174,238.74719058864522,35.291071862642646,126.44300207428098,207.94431877978138,40.15608900212543,49.06236521809957,13.282017538046459,-117.2198306983598,86.10205149583554,-117.3921206234663,-308.2249213497235,1.3832757756958014,65.57178586930881,199.59921739390361,-319.9223486518779,-27.932150106775282,177.43049813639954,-26.2055638177605,-112.43215492662098,-59.417454965670714
-33.754984219371536,80.42246594165228,-149.66441205075026,118.96826711252184,84.82899046613963,-75.38531763265237,44.54557752459421,32.1844157719163,62.03676720251339,155.77241993445747,125.84772040250071,174.3558507637882,-14.2335387975732,-83.47236891960286,30.069301438299863,3.7777661767800317,124.2016806690719,148.09453260618315,-56.34980464730829,155.04836457645965,220.07089975697434,-127.70111099314563,59.70788749547761,192.7599123783822,27.80519870212847,101.08513541119393,166.91538191739315,32.099229443640624,39.72290696977371,9.774983504616667,-94.61302663904009,69.83921140207607,-94.41087177520595,-248.85937013742102,1.4295654183686854,52.77639642794421,160.01051239351696,-258.45747647542544,-22.173545378785718,142.50001211263776,-21.854190684440386,-90.15192856676882,-46.91204953647453
-46.09461456198374,110.76098637074361,-208.58173379871224,164.67493651500072,117.74945391750146,-104.53372813480074,60.94907475203208,44.1060115803337,85.9304708192046,217.0461121608847,174.3558507637882,243.16112883986122,-20.562687557166434,-115.80525958665157,41.23499367184763,6.359333997046335,172.5694018727271,206.91060723008363,-78.41360933302242,214.20054156360322,307.03426944717506,-178.0487800243337,84.92312953959612,267.271780823186,39.65743303783559,141.74922364629137,232.9938183616367,45.00744690571406,54.903255324718494,15.066016719476341,-131.22991739662402,96.31259291198238,-131.4819803978739,-345.03823058351526,1.4763676985033845,73.44275916591909,223.6776864850049,-358.1106618178291,-31.338383390657775,198.7871271312961,-29.199532505071108,-125.99277162709177,-66.72068713928023
3.4242963804958313,-8.569876394159788,17.507174311402434,-13.277636296416535,-9.718618224250779,8.602069209147203,-4.576813410776236,-3.3155919604843658,-7.2467952699676905,-18.28533378204021,-14.2335387975732,-20.562687557166434,2.383024519006778,9.864007009537502,-2.997507003813098,-0.9656363310208129,-14.373600749036276,-18.033727872708834,6.907433202564319,-17.16911730320026,-25.94294176675433,14.75855795753222,-8.03924942202752,-21.731670646386167,-3.5243188801159753,-12.387769718173997,-19.657902975637693,-4.241214028829072,-4.4631802359621,-1.9032820702471451,10.783742915791574,-7.798004682982819,11.184018854843444,28.34558967964822,-0.10238946796729546,-6.091102044122125,-19.204883260371986,29.018126565498065,2.956037397849175,-16.727427665140954,1.7025816274767873,10.693849964257028,6.389111776273592
22.300036808442485,-53.089372840360255,99.30979927843468,-78.78835606708702,-56.30442397737016,50.0509460119256,-29.421168570157665,-21.22969061884022,-41.41740611444068,-103.45304001785428,-83.47236891960286,-115.80525958665157,9.864007009537502,55.75344651272522,-19.71365217732835,-2.540494076910823,-82.50275184099083,-98.7914307350775,37.797630901689416,-102.74959129892379,-146.08608160910123,84.49599684200466,-39.935199312081735,-127.69126215893567,-18.297000012533108,-67.25464047909641,-110.7261153182601,-21.69930241226362,-26.391658632908477,-6.60329207322104,62.78671321785684,-46.436902444537736,62.84174962109563,165.18062032082784,-1.1348506854114753,-34.98722309607594,-106.37747738192861,171.20259650547416,14.885549488240084,-94.53025653483569,14.191407736229232,59.80600582894914,31.437356541458442
-8.261202419907173,19.49031188397831,-35.47389699020134,28.521115345300572,20.203569194930136,-17.96860400297393,10.878299967403507,7.859448821682025,14.69064362703705,36.88379553137743,30.069301438299863,41.23499367184763,-2.997507003813098,-19.71365217732835,7.400126327915636,0.6406643615887746,29.50591257995041,34.71778000442719,-13.17334819215996,37.2315557109314,52.055927293450004,-30.374051381724623,13.612196572844342,46.10019794292332,6.466646900816289,23.67652946349895,39.50543306652619,7.341806377305107,9.497790042571243,1.942436761751013,-22.5594163575577,16.727878424620908,-22.293174331890036,-59.354353742443486,0.35604086686989633,12.554749817339639,37.67322920803969,-61.87715149932158,-5.069260628203145,33.74928521716143,-5.613289462683738,-21.294346565999128,-10.661969182388468
-0.529676920225725,1.9845152769049235,-5.380712159208195,3.4864506392104904,2.691559655189269,-2.309689984869916,0.7993336274899253,0.6389287101058099,1.7856125755081482,5.547820702881319,3.7777661767800317,6.359333997046335,-0.9656363310208129,-2.540494076910823,0.6406643615887746,0.9375715458470986,4.05955642276869,5.591243187409068,-1.8495888530215066,4.217012910733029,8.135921627602853,-4.704542934329922,3.3337422372527605,5.964071737497502,1.6995397274648845,4.245487770280461,6.281508783227407,1.2674799076752505,1.0729113347771218,1.3941934838510148,-2.9293502783812486,1.740806528132938,-3.2848115478125743,-7.617367864768798,-0.3712750085657093,1.822611272428205,6.205722308887648,-7.8173619873829,-1.0886366376113432,5.266353267629169,0.08067358755411302,-3.503476107347481,-2.622851587071077
-33.10444784891204,79.12944324960081,-148.0687680282285,117.34282489971807,83.79053260627478,-74.43766074894505,43.71663896604855,31.6001381790865,61.27594678237154,154.11733298012197,124.2016806690719,172.5694018727271,-14.373600749036276,-82.50275184099083,29.50591257995041,4.05955642276869,122.74853623035028,146.76890529878153,-55.79607949597536,152.82519016465255,217.83089735110897,-126.31403495633204,59.63276166835082,190.26988768472913,27.738975263177846,100.29169393777116,165.23648772432566,31.91759215006897,39.17332811872094,10.106894118144416,-93.42663848141486,68.82059799393672,-93.4195159068174,-245.70489081224363,1.3035742123946856,52.171273807733954,158.54212083231204,-255.03849910894047,-22.09393367951276,141.03145090235458,-21.200708295532294,-89.29195701249606,-46.85870957142109
-38.95759509334361,93.72005901934808,-177.37113290842714,139.72369592497853,100.0795081884461,-88.84777842680295,51.527610268431125,37.26866048452863,73.26452160034655,184.65985194760793,148.09453260618315,206.91060723008363,-18.033727872708834,-98.7914307350775,34.71778000442719,5.591243187409068,146.76890529878153,176.57663659327693,-67.09364932817665,181.7504470179211,261.2025557011623,-151.16535342634165,72.7837151436122,226.86023096222308,33.69118522107997,120.85176057486495,198.13858011293584,38.73296321355241,46.659518832563734,13.134315092699062,-111.51156329962213,81.86161030502412,-112.00587430471701,-293.2097511124327,1.3806889319026134,62.40043973295686,190.51418360458484,-303.9183341045788,-26.897980123139444,169.03731630584693,-24.32789499484009,-107.17679340931471,-57.25794041495026
14.947913259129354,-35.67150156542834,67.19195131255046,-53.126277101540865,-38.050037943991015,33.81819487640938,-19.72930984544036,-14.231873909176752,-28.058350608008496,-70.02357465826834,-56.34980464730829,-78.41360933302242,6.907433202564319,37.797630901689416,-13.17334819215996,-1.8495888530215066,-55.79607949597536,-67.09364932817665,25.711790228560204,-69.26206726731037,-98.90191976703564,57.08693303915639,-27.32723155665802,-86.16419883906842,-12.42438491697024,-45.66374024532513,-74.94107524833292,-14.86059360194167,-17.822280847203785,-4.667599955428381,42.41646225130215,-31.341536866385127,42.581362426460714,111.58034780384789,-0.781098870687416,-23.646318967359242,-72.1241249557244,115.49033493605506,10.182519335396906,-63.969191990783195,9.350755829162892,40.49895547377494,21.53011869262801
-41.862397094782516,99.35694023419204,-183.92263571600782,146.64107441336566,104.43346784986903,-92.84638775683334,55.190126052529976,39.84853848422992,76.42224847553742,191.43671386941293,155.04836457645965,214.20054156360322,-17.16911730320026,-102.74959129892379,37.2315557109314,4.217012910733029,152.82519016465255,181.7504470179211,-69.26206726731037,191.27649386816918,270.31424706538627,-156.91752451478862,72.68994449252031,237.4326054147681,33.8292561354724,123.86651468801959,204.98763722677708,39.30875411907445,48.99690646038957,11.443450421465005,-116.51735530586996,86.21047089429509,-116.0367733515099,-306.51402169895744,1.942698806699216,64.90636676122477,196.36009114419838,-318.4539834385168,-27.059339251833677,175.0502887833498,-27.371200094011613,-110.6494987895703,-57.09264762457958
-58.1228854876352,139.7953555956567,-263.3861238529911,207.86752453928818,148.6312110459121,-131.93284616537994,76.87594563290219,55.6452680659512,108.3853467340273,274.04791506015016,220.07089975697434,307.03426944717506,-25.94294176675433,-146.08608160910123,52.055927293450004,8.135921627602853,217.83089735110897,261.2025557011623,-98.90191976703564,270.31424706538627,387.73154020562885,-224.90013360497315,107.33607956326101,337.39932452895886,50.21732074428604,179.0455378802094,294.2494861222024,56.76099180392986,69.27173830737765,19.15105656619648,-165.63859856751128,121.4856890531454,-165.97190101339714,-435.4848128922452,1.7617068322106748,92.7349777717787,282.46798272695435,-452.0493504312913,-39.58372580183869,251.04052851457928,-36.8114254872225,-159.13999544765687,-84.32695338666377
33.786226226161084,-81.30006544561083,152.80806526357676,-120.70492627880203,-86.21412925672061,76.51735877798454,-44.698013332252714,-32.37765043519954,-62.69923907309259,-158.92970218951822,-127.70111099314563,-178.0487800243337,14.75855795753222,84.49599684200466,-30.374051381724623,-4.704542934329922,-126.31403495633204,-151.16535342634165,57.08693303915639,-156.91752451478862,-224.90013360497315,130.65598636429613,-62.049640901892744,-195.89746875481984,-29.243250045471342,-103.75629219075617,-170.7459519595775,-32.64470857572407,-40.153671159991454,-11.03619124565019,96.0860643801074,-70.41157173558493,96.15071079641868,252.6151149812687,-0.8849447562307483,-53.82588368038929,-163.73520494829026,262.4758421752441,22.845060569166055,-145.66525426316593,21.57001174936026,92.33761772885444,48.71385274364547
-15.063831356531873,37.181260508729636,-72.67974676746053,56.20042373379609,40.54727544078193,-35.89585148042698,20.048943886986688,14.574269062691874,29.4849190999783,75.61381482209174,59.70788749547761,84.92312953959612,-8.03924942202752,-39.935199312081735,13.612196572844342,3.3337422372527605,59.63276166835082,72.7837151436122,-27.32723155665802,72.68994449252031,107.33607956326101,-62.049640901892744,31.42291101240102,91.67421897446003,14.692943964573514,50.33511951386068,81.54239466576041,16.083989316848523,18.668481547382516,6.747063685988313,-45.08741350054692,32.55897029163611,-45.78910009740101,-118.42996836265846,0.04802970484390956,25.460456153600212,78.68787599100465,-122.56699776690236,-11.422004729717099,69.44736794328625,-8.80369080141025,-44.260304641345726,-24.720079802448087
-51.638678848452486,123.19288486158442,-229.4383008998704,182.25614043152072,129.9583470630942,-115.46553352584725,68.16234563728545,49.27262903466698,94.89048875415504,238.74719058864522,192.7599123783822,267.271780823186,-21.731670646386167,-127.69126215893567,46.10019794292332,5.964071737497502,190.26988768472913,226.86023096222308,-86.16419883906842,237.4326054147681,337.39932452895886,-195.89746875481984,91.67421897446003,295.37908059695184,42.85382606876735,155.02119559562038,255.97027098239064,49.058309930812065,60.80425148236952,15.173236416181949,-144.93635156051658,106.84214984213523,-144.61750693807707,-381.18005432672834,2.0120707275817598,80.90633914569001,245.3170528965329,-396.0108880449339,-33.97480895925019,218.50402946065023,-33.44364746381013,-138.26987267276652,-71.98360688808735
-6.979527977306139,17.42467640392012,-34.00193127359095,26.251558213506062,18.88184145217259,-16.684210978688714,9.320854525391628,6.810178383795655,13.497777905980657,35.291071862642646,27.80519870212847,39.65743303783559,-3.5243188801159753,-18.297000012533108,6.466646900816289,1.6995397274648845,27.738975263177846,33.69118522107997,-12.42438491697024,33.8292561354724,50.21732074428604,-29.243250045471342,14.692943964573514,42.85382606876735,7.143272461002772,23.535770166156517,38.228314679005535,7.228683789481757,8.633920140119493,3.283621029934739,-20.987697339608015,14.995070756659334,-21.241625452785932,-55.08325238312466,-0.21448593861143325,11.924085327099709,36.74456796009812,-57.26822389591285,-5.271500562782585,32.53827157777723,-4.180699212970348,-20.771136372202914,-11.517904554873757
-26.371764217560038,63.869714077877,-121.5237497779851,95.38824379471265,68.36561438780109,-60.63950852730182,34.94600639373594,25.325354205131408,49.826272830699764,126.44300207428098,101.08513541119393,141.74922364629137,-12.387769718173997,-67.25464047909641,23.67652946349895,4.245487770280461,100.29169393777116,120.85176057486495,-45.66374024532513,123.86651468801959,179.0455378802094,-103.75629219075617,50.33511951386068,155.02119559562038,23.535770166156517,83.04085552404084,135.92173868932457,26.390512213267154,31.754716753942983,9.501869137502236,-76.13938574814071,55.62517296224041,-76.57875689740995,-200.14914332640677,0.6217269358190892,42.73211186837942,130.66509750658986,-207.59203482636528,-18.500686870672247,115.90293231869524,-16.35786644783634,-73.57691619719262,-39.57933978948623
-44.04135908693844,106.02856206714922,-199.8809183581631,157.67339473781664,112.7412521669512,-100.06047950318617,58.267452527339664,42.1954387777247,82.13962915548525,207.94431877978138,166.91538191739315,232.9938183616367,-19.657902975637693,-110.7261153182601,39.50543306652619,6.281508783227407,165.23648772432566,198.13858011293584,-74.94107524833292,204.98763722677708,294.2494861222024,-170.7459519595775,81.54239466576041,255.97027098239064,38.228314679005535,135.92173868932457,223.36537083736005,43.00094397123088,52.50406513502435,14.65174676711999,-125.6322377940229,92.07130038221776,-125.89218253719127,-330.3042693985818,1.2374524286037214,70.37715256965659,214.3775321682095,-342.9358166652449,-30.037481589130024,190.54062530682708,-27.884682765581346,-120.80311071785364,-64.05160468415016
-8.360682195695516,20.10959554485835,-38.50760815284073,30.19089245494168,21.725665621485277,-19.297480141510977,11.054397006307417,7.9766357509071435,16.077307112462005,40.15608900212543,32.099229443640624,45.00744690571406,-4.241214028829072,-21.69930241226362,7.341806377305107,1.2674799076752505,31.91759215006897,38.73296321355241,-14.86059360194167,39.30875411907445,56.76099180392986,-32.64470857572407,16.083989316848523,49.058309930812065,7.228683789481757,26.390512213267154,43.00094397123088,8.710865026733563,10.14233351349905,2.9741255737904133,-24.198649635486806,17.814199810598126,-24.46047743997126,-63.64480584147873,0.4224616509898418,13.516468132748365,41.52918706641839,-65.70333461152539,-5.976295551210359,36.684769024924506,-5.023360965435673,-23.270466452816816,-12.693600429343228
-10.718588927269714,25.412526388422627,-47.12207591311306,37.54954023860446,26.7684216485019,-23.80111354961495,14.12225932688966,10.186871777138517,19.630620576891022,49.06236521809957,39.72290696977371,54.903255324718494,-4.4631802359621,-26.391658632908477,9.497790042571243,1.0729113347771218,39.17332811872094,46.659518832563734,-17.822280847203785,48.99690646038957,69.27173830737765,-40.153671159991454,18.668481547382516,60.80425148236952,8.633920140119493,31.754716753942983,52.50406513502435,10.14233351349905,12.574369370905002,2.937048744254958,-29.8647831226296,22.11263255228535,-29.76439968084893,-78.55349393255825,0.5385604163011317,16.625380772381757,50.34056271002711,-81.5494958585972,-6.957710658396447,44.84263630522563,-6.970821074897862,-28.343320327046552,-14.663040992185888
-1.959203137589045,5.626996232615974,-12.812149860290614,9.106278521208342,6.7892870246432295,-5.925036382552325,2.7200714243035673,2.0407595399195477,4.765894555197012,13.282017538046459,9.774983504616667,15.066016719476341,-1.9032820702471451,-6.60329207322104,1.942436761751013,1.3941934838510148,10.106894118144416,13.134315092699062,-4.667599955428381,11.443450421465005,19.15105656619648,-11.03619124565019,6.747063685988313,15.173236416181949,3.283621029934739,9.501869137502236,14.65174676711999,2.9741255737904133,2.937048744254958,2.2467307619011314,-7.472041480825606,4.9724965600575315,-7.973168005453992,-19.54124115633683,-0.404030801401022,4.413875978626309,14.337614464966386,-20.106257734011034,-2.3220441277513375,12.382592651731787,-0.6576265137288321,-8.063047780026759,-5.3219161426815615
25.325590185921953,-60.39485088325936,112.62381416572033,-89.42260618658848,-63.80173323032677,56.69211588427469,-33.422319316650764,-24.149208922482977,-46.65630434956364,-117.2198306983598,-94.61302663904009,-131.22991739662402,10.783742915791574,62.78671321785684,-22.5594163575577,-2.9293502783812486,-93.42663848141486,-111.51156329962213,42.41646225130215,-116.51735530586996,-165.63859856751128,96.0860643801074,-45.08741350054692,-144.93635156051658,-20.987697339608015,-76.13938574814071,-125.6322377940229,-24.198649635486806,-29.8647831226296,-7.472041480825606,71.15348414699919,-52.478045722193215,71.04692254606796,187.1323684715639,-1.0466067835383948,-39.70393296150708,-120.4755199224201,194.3085027805293,16.723484898144147,-107.24813412496833,16.33497678680945,67.86756318261209,35.413701502498405
-18.92069091396841,44.73789073147668,-82.67479334777916,66.01863258022226,47.02533163219808,-41.83233036769128,24.919794380742907,17.968402311298075,34.5527197781011,86.10205149583554,69.83921140207607,96.31259291198238,-7.798004682982819,-46.436902444537736,16.727878424620908,1.740806528132938,68.82059799393672,81.86161030502412,-31.341536866385127,86.21047089429509,121.4856890531454,-70.41157173558493,32.55897029163611,106.84214984213523,14.995070756659334,55.62517296224041,92.07130038221776,17.814199810598126,22.11263255228535,4.9724965600575315,-52.478045722193215,38.95471752535083,-52.26604545629161,-138.08256995784745,1.0405021526175295,29.176320710137393,88.25562750372016,-143.33310153306152,-12.173693113317604,78.64579237651908,-12.357168682947123,-49.677839947010455,-25.596453362993824
25.022200966013862,-59.97086772645142,112.76839226060609,-89.13973685856521,-63.736539554726214,56.608173800836646,-33.065717993748336,-23.905785722497825,-46.64360494139955,-117.3921206234663,-94.41087177520595,-131.4819803978739,11.184018854843444,62.84174962109563,-22.293174331890036,-3.2848115478125743,-93.4195159068174,-112.00587430471701,42.581362426460714,-116.0367733515099,-165.97190101339714,96.15071079641868,-45.78910009740101,-144.61750693807707,-21.241625452785932,-76.57875689740995,-125.89218253719127,-24.46047743997126,-29.76439968084893,-7.973168005453992,71.04692254606796,-52.26604545629161,71.18637511132,186.83443821682695,-0.9542516324419681,-39.70379872491542,-120.91264686690026,193.79952661307803,16.949968599215623,-107.4320666719185,15.850074243572674,68.06222787162635,36.00258948979344
66.65671776836905,-158.88760212909318,296.1253399834799,-235.20604346053133,-167.79324684270622,149.10561240650776,-87.96563597216677,-63.5562369973172,-122.74812127544445,-308.2249213497235,-248.85937013742102,-345.03823058351526,28.34558967964822,165.18062032082784,-59.354353742443486,-7.617367864768798,-245.70489081224363,-293.2097511124327,111.58034780384789,-306.51402169895744,-435.4848128922452,252.6151149812687,-118.42996836265846,-381.18005432672834,-55.08325238312466,-200.14914332640677,-330.3042693985818,-63.64480584147873,-78.55349393255825,-19.54124115633683,187.1323684715639,-138.08256995784745,186.83443821682695,492.19556482912986,-2.8138945880123205,-104.40312875085306,-316.73149319537947,511.0586229347706,43.95732769004322,-281.9716555814721,43.01726212061224,178.41148861892128,93.0436171938279
-0.5911258470681964,1.0043942898758185,-1.2564757620708977,1.3313610937732516,0.9089624877987595,-0.8594393237212714,0.7215995047993468,0.47418912476584885,0.8885865745297143,1.3832757756958014,1.4295654183686854,1.4763676985033845,-0.10238946796729546,-1.1348506854114753,0.35604086686989633,-0.3712750085657093,1.3035742123946856,1.3806889319026134,-0.781098870687416,1.942698806699216,1.7617068322106748,-0.8849447562307483,0.04802970484390956,2.0120707275817598,-0.21448593861143325,0.6217269358190892,1.2374524286037214,0.4224616509898418,0.5385604163011317,-0.404030801401022,-1.0466067835383948,1.0405021526175295,-0.9542516324419681,-2.8138945880123205,0.3327595640901774,0.46399611087817905,1.2137492378313506,-2.785053952546102,-0.12317353034946356,1.1080542207913129,-0.4752726452350192,-0.6124896665852345,-0.0647658757670939
-14.02336868673095,33.62038668686887,-63.02502098546478,49.87837928372985,35.61969198125347,-31.62543381172349,18.535305915072424,13.411357660082345,25.973353785851415,65.57178586930881,52.77639642794421,73.44275916591909,-6.091102044122125,-34.98722309607594,12.554749817339639,1.822611272428205,52.171273807733954,62.40043973295686,-23.646318967359242,64.90636676122477,92.7349777717787,-53.82588368038929,25.460456153600212,80.90633914569001,11.924085327099709,42.73211186837942,70.37715256965659,13.516468132748365,16.625380772381757,4.413875978626309,-39.70393296150708,29.176320710137393,-39.70379872491542,-104.40312875085306,0.46399611087817905,22.211875645349032,67.49674875968915,-108.43481019251469,-9.408841556831092,60.05257429693392,-8.971942584681813,-38.036941433915345,-19.998956551642877
-42.065643845419075,101.40276121737578,-191.81647200027035,151.0614426980547,108.12977114672708,-95.96168271470984,55.66798304823459,40.30556784061654,78.88431701613449,199.59921739390361,160.01051239351696,223.6776864850049,-19.204883260371986,-106.37747738192861,37.67322920803969,6.205722308887648,158.54212083231204,190.51418360458484,-72.1241249557244,196.36009114419838,282.46798272695435,-163.73520494829026,78.68787599100465,245.3170528965329,36.74456796009812,130.66509750658986,214.3775321682095,41.52918706641839,50.34056271002711,14.337614464966386,-120.4755199224201,88.25562750372016,-120.91264686690026,-316.73149319537947,1.2137492378313506,67.49674875968915,205.94235226179316,-328.6116736338536,-28.98852535022735,182.86433002993803,-26.40369791725364,-115.97992634284321,-61.84231602822361
69.34291832468178,-165.2789709477822,307.4398001322063,-244.39573186734958,-174.2179209380999,154.8035419636069,-91.51577377383653,-66.14329448330712,-127.24291234610696,-319.9223486518779,-258.45747647542544,-358.1106618178291,29.018126565498065,171.20259650547416,-61.87715149932158,-7.8173619873829,-255.03849910894047,-303.9183341045788,115.49033493605506,-318.4539834385168,-452.0493504312913,262.4758421752441,-122.56699776690236,-396.0108880449339,-57.26822389591285,-207.59203482636528,-342.9358166652449,-65.70333461152539,-81.5494958585972,-20.106257734011034,194.3085027805293,-143.33310153306152,193.79952661307803,511.0586229347706,-2.785053952546102,-108.43481019251469,-328.6116736338536,530.9756707601191,45.46297551793093,-292.75653948517964,45.00134038822364,185.21496722616115,96.249809055888
5.6640504600419685,-13.850334557599599,26.82533120084906,-20.870002717020572,-15.031967623605002,13.322045378627655,-7.526660246995568,-5.456557664030064,-11.001009391486349,-27.932150106775282,-22.173545378785718,-31.338383390657775,2.956037397849175,14.885549488240084,-5.069260628203145,-1.0886366376113432,-22.09393367951276,-26.897980123139444,10.182519335396906,-27.059339251833677,-39.58372580183869,22.845060569166055,-11.422004729717099,-33.97480895925019,-5.271500562782585,-18.500686870672247,-30.037481589130024,-5.976295551210359,-6.957710658396447,-2.3220441277513375,16.723484898144147,-12.173693113317604,16.949968599215623,43.95732769004322,-0.12317353034946356,-9.408841556831092,-28.98852535022735,45.46297551793093,4.197245241910404,-25.598942323116564,3.352825174912177,16.283803274716128,9.010100728925938
-37.65249944816554,90.56317078953387,-170.54251629263058,134.61748606092132,96.2348147668914,-85.42103234177011,49.8016037558812,36.05496616199972,70.13780939781051,177.43049813639954,142.50001211263776,198.7871271312961,-16.727427665140954,-94.53025653483569,33.74928521716143,5.266353267629169,141.03145090235458,169.03731630584693,-63.969191990783195,175.0502887833498,251.04052851457928,-145.66525426316593,69.44736794328625,218.50402946065023,32.53827157777723,115.90293231869524,190.54062530682708,36.684769024924506,44.84263630522563,12.382592651731787,-107.24813412496833,78.64579237651908,-107.4320666719185,-281.9716555814721,1.1080542207913129,60.05257429693392,182.86433002993803,-292.75653948517964,-25.598942323116564,162.5553540269494,-23.886723462112272,-103.04411275872069,-54.54896881348117
6.348724438309384,-14.516969041779259,25.19604223684245,-20.81722701468064,-14.5805347658726,13.02003419565615,-8.291439392644996,-5.957156370421194,-10.652307306848428,-26.2055638177605,-21.854190684440386,-29.199532505071108,1.7025816274767873,14.191407736229232,-5.613289462683738,0.08067358755411302,-21.200708295532294,-24.32789499484009,9.350755829162892,-27.371200094011613,-36.8114254872225,21.57001174936026,-8.80369080141025,-33.44364746381013,-4.180699212970348,-16.35786644783634,-27.884682765581346,-5.023360965435673,-6.970821074897862,-0.6576265137288321,16.33497678680945,-12.357168682947123,15.850074243572674,43.01726212061224,-0.4752726452350192,-8.971942584681813,-26.40369791725364,45.00134038822364,3.352825174912177,-23.886723462112272,4.652494019574707,14.959936066493073,6.8619357191541415
23.717215665147332,-57.205595601929154,108.07693578242439,-85.14728095466927,-60.90969505374463,54.04977050214245,-31.392049389458535,-22.739359067126742,-44.352724928929234,-112.43215492662098,-90.15192856676882,-125.99277162709177,10.693849964257028,59.80600582894914,-21.294346565999128,-3.503476107347481,-89.29195701249606,-107.17679340931471,40.49895547377494,-110.6494987895703,-159.13999544765687,92.33761772885444,-44.260304641345726,-138.26987267276652,-20.771136372202914,-73.57691619719262,-120.80311071785364,-23.270466452816816,-28.343320327046552,-8.063047780026759,67.86756318261209,-49.677839947010455,68.06222787162635,178.41148861892128,-0.6124896665852345,-38.036941433915345,-115.97992634284321,185.21496722616115,16.283803274716128,-103.04411275872069,14.959936066493073,65.36029228647475,34.76651387924677
11.812179079800256,-29.178452520294872,57.097051452962596,-44.139673897325714,-31.85231058217675,28.197933609668503,-15.734629895618781,-11.43713502190998,-23.19961904445588,-59.417454965670714,-46.91204953647453,-66.72068713928023,6.389111776273592,31.437356541458442,-10.661969182388468,-2.622851587071077,-46.85870957142109,-57.25794041495026,21.53011869262801,-57.09264762457958,-84.32695338666377,48.71385274364547,-24.720079802448087,-71.98360688808735,-11.517904554873757,-39.57933978948623,-64.05160468415016,-12.693600429343228,-14.663040992185888,-5.3219161426815615,35.413701502498405,-25.596453362993824,36.00258948979344,93.0436171938279,-0.0647658757670939,-19.998956551642877,-61.84231602822361,96.249809055888,9.010100728925938,-54.54896881348117,6.8619357191541415,34.76651387924677,19.481439448844814
