V1,V2,V3,V4,V5,V6,V7,V8,V9,V10,V11,V12,V13,V14,V15,V16,V17,V18,V19,V20,V21,V22,V23,V24,V25,V26,V27,V28,V29,V30,V31,V32,V33,V34,V35,V36,V37,V38,V39,V40,V41,V42,V43
4.417121007906534,2.544568268892102,-0.6733378347313138,0.3120774489224207,-1.8308559898475731,1.0543811573803534,0.8750675381807763,2.080377678982039,2.733607582713693,1.2710681720197377,-1.2817624794733018,-0.9061198687478639,1.4645067661865177,-1.0307813504853272,1.0345466446246603,-0.5974932075211186,1.699347487499993,-0.3535767981440725,1.2398048391155851,-0.7597584758541648,-0.11289946881492989,0.27915402586604765,1.0942791921106603,-3.958082092384275,2.824983745678337,0.041760532023688735,0.9395432029010071,-0.3300955945659643,-0.7889216768975281,2.0827127888245607,-3.3041607975081257,-4.062862731896873,-2.294382880899202,0.5439576820350234,1.8227119483279446,3.7361434708326646,-0.3008964761914029,2.063426770587305,0.6364268882689509,0.264525114890035,-0.5826646538321811,-1.3860280503727649,-3.2632774352493477
2.544568268892102,1.9601030117882317,0.4516555378670977,0.005901229557916633,-1.1472634591001831,0.4985610898191751,-0.017394183609356274,1.5796455978944584,2.1175587118474617,1.3388241475335347,-1.5081792343580493,-0.9281182855654172,1.326471200256692,-0.8951432130898197,1.166252547354065,-0.5517866466237803,0.44506857969875546,0.8386421970008173,0.25257516837828414,-1.341213294147115,0.47536574184377695,0.21802100371666153,1.5714649726219232,-4.094180295183027,3.654294142419695,-0.15561252878704862,0.47526278966052715,0.38370097231889544,0.8226427249132405,2.1471246306903646,-2.5732317431397544,-2.487797180718743,-1.1426673623487322,0.22475365210025375,0.5408016432003385,2.84851865701949,-0.9139647648088491,1.082314978120138,1.3815298453285747,0.9714850767357577,-0.26619713752618607,-0.8086163293146721,-3.089462271933423
-0.6733378347313138,0.4516555378670977,1.530209638415418,-0.34379743021312287,0.12324936747776767,-0.3457816132563691,-1.0213776164352422,0.32991654646925217,0.5062734675488884,0.8387957502339496,-1.1127173446866663,-0.5541684958913303,0.5976551768595063,-0.3546539596714709,0.8109856281996471,-0.26375042819200956,-1.1677291521895947,1.82791685635746,-0.9763923069122225,-1.4220496435819754,0.936447881454974,0.05591580466860267,1.433518017987908,-2.485247305467131,3.0194476656806146,-0.3107011046253623,-0.25509393387315493,1.0288475611968932,2.294173145988642,1.2938197776998208,-0.634999895908101,0.36950278003450837,0.6557799327697995,-0.23390777342988464,-1.1460459367762634,0.6133990284325983,-1.2150663864160338,-0.4967659070531516,1.6318026627308795,1.3552258069180618,0.2065707564652072,0.19383261076407327,-1.5582107922967723
0.3120774489224207,0.005901229557916633,-0.34379743021312287,0.08398757263314864,-0.0982526163551777,0.1129347778528293,0.2471824733170043,0.013655182578789492,0.0016450882326888873,-0.1250500516623167,0.18043575256672414,0.08077903378860464,-0.06679293320350692,0.03305699815271861,-0.1274366390477035,0.03251636271172548,0.30945717467265366,-0.3942792580765161,0.25274860625904655,0.2664795221314336,-0.19897254028917363,-0.0016477062016393117,-0.25496390279743925,0.3640842191120481,-0.5189028787503753,0.06529835158521091,0.08937919110325525,-0.22819670583018525,-0.508504181623658,-0.1875693120008412,0.0027305026919062724,-0.2355777584005641,-0.22667315268875687,0.06981914053377285,0.31073185653658003,0.019070749178391255,0.2415991145214569,0.1844438099901523,-0.31614467021129095,-0.2728089070498391,-0.06540814641512328,-0.09407237252753056,0.19501548908806166
-1.8308559898475731,-1.1472634591001831,0.12324936747776767,-0.0982526163551777,0.7797395185159475,-0.41703428047453767,-0.26894968647620954,-0.935816741840939,-1.2340317729841266,-0.6379894049955915,0.6755153977357069,0.4475479726653905,-0.696920259448304,0.4841964287068569,-0.5359652749063732,0.2832904139399726,-0.6075228810020973,-0.043636985247876015,-0.4331293439248002,0.4797326727410555,-0.05303047090819551,-0.12375698826443925,-0.6276607464386246,1.9694482136711762,-1.539946230514436,0.01839477801121076,-0.3765407835606781,0.03534934355283068,0.09458864938081012,-1.038068512726897,1.494058115735196,1.7123558316051823,0.9207366327127874,-0.20912835780386616,-0.6660852888606835,-1.6792241321933254,0.25878493438158784,-0.838031357869437,-0.4455293260120898,-0.2561905606428974,0.22822749559302435,0.5756760203517864,1.5798690103192239
1.0543811573803534,0.4985610898191751,-0.3457816132563691,0.1129347778528293,-0.41703428047453767,0.27573229134824795,0.32418811228567035,0.4128626662946832,0.532933673975698,0.16947641412403575,-0.13645064261945206,-0.12638681440188015,0.2431696358605482,-0.1797885180831713,0.1214275762584495,-0.09655616449469799,0.5235603306174862,-0.31451647211950656,0.39827826248770354,0.01816678681117149,-0.14608863234246167,0.05375419387723913,0.053707986830083945,-0.5440359261515715,0.22670270574151188,0.049319812082437665,0.23872972782302404,-0.2058593000643697,-0.47033051823297567,0.28816723618716367,-0.6410628165145953,-0.9374987789078844,-0.5875030367553261,0.1493522021951612,0.5479511706265809,0.7384380236381123,0.09181725776023529,0.5162802483085734,-0.07254457204710542,-0.11805577911851152,-0.15436947094759346,-0.32848792842810204,-0.5125576992185574
0.8750675381807763,-0.017394183609356274,-1.0213776164352422,0.2471824733170043,-0.26894968647620954,0.32418811228567035,0.7284933202521979,0.012040552651666819,-0.032377462094812695,-0.39188637161931433,0.558612601372494,0.25399444407572286,-0.2202945050322985,0.11326277052027094,-0.39643551576304625,0.10494843751270726,0.9039733646572506,-1.1764214785199656,0.7398160723064668,0.8086801127759297,-0.5946416347054274,-0.008242371479723645,-0.7791677105426735,1.1440850756694267,-1.5928194630565247,0.19559137531464554,0.25512972338568596,-0.6785404814858436,-1.5126240808138267,-0.5906465437681352,0.053545753074645645,-0.6504319022309671,-0.6475642492778577,0.2017247290383672,0.9057148827040337,0.005555597022918668,0.7277706086376304,0.5242809239119626,-0.9551934656808742,-0.8204883334771934,-0.188298455280339,-0.26304149040256664,0.6298041163808964
2.080377678982039,1.5796455978944584,0.32991654646925217,0.013655182578789492,-0.935816741840939,0.4128626662946832,0.012040552651666819,1.275259216698174,1.7059640414011674,1.0654819200490975,-1.1976356714163028,-0.7378297948355625,1.0620386386780012,-0.718221769317247,0.9273476826013931,-0.4399291958780528,0.39026241031204706,0.6349225554593328,0.23091289778621407,-1.0525623622529519,0.363058519164537,0.17407244612116535,1.2402487085327047,-3.2578586254286503,2.8885262019010978,-0.12014506629436195,0.39131561519736596,0.2840461585085934,0.6100716934940279,1.7104176359689183,-2.0724587205425777,-2.027536033714313,-0.9442475835651197,0.18786341654001695,0.46895707047447527,2.296939044741263,-0.7105549824160022,0.8912008428384358,1.0780681704204573,0.7527900587454498,-0.22072388772862045,-0.6601772406133203,-2.4708226781851
2.733607582713693,2.1175587118474617,0.5062734675488884,0.0016450882326888873,-1.2340317729841266,0.532933673975698,-0.032377462094812695,1.7059640414011674,2.288545803927797,1.4541246271717647,-1.639074020185247,-1.008191895624634,1.4370854784996996,-0.9689116743343645,1.2666146377518597,-0.5990768557474603,0.4642908660635596,0.9280137576370442,0.25846988292253886,-1.46431950283926,0.5244892526673979,0.23631288427821065,1.7118638713546122,-4.446027673813669,3.978525718614342,-0.17102336427529075,0.5090598690783174,0.4281320154775931,0.9170696291796031,2.330596118716108,-2.7810010484186996,-2.6759802305029177,-1.2222256494366541,0.23897396384061223,0.5670188621659487,3.076953851660738,-1.001265066323789,1.1593228848114656,1.5112718649702523,1.0656644600875242,-0.2844845084660905,-0.8689492480268665,-3.3486816382048006
1.2710681720197377,1.3388241475335347,0.8387957502339496,-0.1250500516623167,-0.6379894049955915,0.16947641412403575,-0.39188637161931433,1.0654819200490975,1.4541246271717647,1.11364273225665,-1.314276799859633,-0.7630592447328338,1.0151358465125708,-0.6662230740512217,0.9975186829943884,-0.43018624767552693,-0.16927212404716113,1.1830071409312546,-0.2152004376021507,-1.332465987882198,0.6326930606886465,0.15275172977846077,1.4726193250560584,-3.376883114530239,3.311930412108132,-0.20702898723662022,0.18975843076794713,0.6153529309278669,1.3476111136370408,1.7653469902977437,-1.7742721850400573,-1.3492057735686844,-0.43736369178373724,0.047215512268276826,-0.10594595443333059,1.9300278052388913,-1.0002267971175278,0.46074942699363175,1.436748354348836,1.0882216426202596,-0.08276364621129466,-0.41180033650635917,-2.4248187845428406
-1.2817624794733018,-1.5081792343580493,-1.1127173446866663,0.18043575256672414,0.6755153977357069,-0.13645064261945206,0.558612601372494,-1.1976356714163028,-1.639074020185247,-1.314276799859633,1.571257868495344,0.8958997727994312,-1.1772779292171294,0.7685867260529451,-1.1885181380577596,0.49717275357929425,0.3387028573786354,-1.5216531510172022,0.3597078083466494,1.6284702847038715,-0.8093764127555942,-0.1702443135341227,-1.783813784816782,3.975485459887792,-3.978260585959454,0.2677068025843039,-0.16982533864177632,-0.7987060538686057,-1.7611862786499966,-2.080437420370881,2.002325447417374,1.4083841799573804,0.3866190216550343,-0.019646201149684576,0.2645863599954028,-2.1687365010926065,1.2413759220349276,-0.43292555270534827,-1.7662352075373058,-1.353228807739211,0.0609946252155971,0.4179384673208321,2.831596208076045
-0.9061198687478639,-0.9281182855654172,-0.5541684958913303,0.08077903378860464,0.4475479726653905,-0.12638681440188015,0.25399444407572286,-0.7378297948355625,-1.008191895624634,-0.7630592447328338,0.8958997727994312,0.525254290607141,-0.698281798403288,0.45859458605171255,-0.6805943283581382,0.2975927683866574,0.0941154437722493,-0.7912257019988059,0.13241030376749752,0.9046667251830197,-0.423130311229842,-0.1075417120822005,-1.0012506439037643,2.3177403377218,-2.260072341618827,0.13652615009188476,-0.1390180564952346,-0.41198319221720375,-0.8971359810000147,-1.209752015936455,1.2298278143419625,0.9536543334554198,0.3192988290785508,-0.0381825813177904,0.05219210789802738,-1.3387227948438596,0.6765467028849451,-0.332397261136554,-0.9756593959459465,-0.736668374361676,0.06282932649903264,0.2933911578778713,1.6638149924628212
1.4645067661865177,1.326471200256692,0.5976551768595063,-0.06679293320350692,-0.696920259448304,0.2431696358605482,-0.2202945050322985,1.0620386386780012,1.4370854784996996,1.0151358465125708,-1.1772779292171294,-0.698281798403288,0.9576494110943056,-0.6361094209715084,0.9001169739815513,-0.40193106862730477,0.04105758717724784,0.9026843132148653,-0.041396351648669165,-1.1360650618274537,0.4911289180221494,0.14899193063595587,1.2830366070117647,-3.0878546182859137,2.9201089765797157,-0.16132807006477126,0.24712271819486614,0.4529033648914874,0.9881899384203863,1.6170584934574612,-1.7503155431937947,-1.4907669053605561,-0.5849284711997732,0.0935631483056963,0.10539809590969137,1.9191051435155122,-0.8246080604846365,0.5795398509513935,1.2047046229205807,0.8898394118864636,-0.12543954189798215,-0.46955132976735975,-2.264289568345234
-1.0307813504853272,-0.8951432130898197,-0.3546539596714709,0.03305699815271861,0.4841964287068569,-0.1797885180831713,0.11326277052027094,-0.718221769317247,-0.9689116743343645,-0.6662230740512217,0.7685867260529451,0.45859458605171255,-0.6361094209715084,0.4244486706889742,-0.5892179303594152,0.26566315267984525,-0.07141065863112432,-0.5525025103121419,-0.008584336473312066,0.7277217384880189,-0.30310857549060927,-0.09972528569714398,-0.8289721155757306,2.0285063552084357,-1.8939188699529395,0.10006015616469885,-0.17890708186678142,-0.27217113253866826,-0.5938535767846558,-1.063331784227844,1.179336168589003,1.0380754498523603,0.4266561682469821,-0.07288032996812796,-0.11568629656874532,-1.2963333947772575,0.5212389640623402,-0.417051542328534,-0.7663521436515455,-0.5602748381411736,0.09365083867919691,0.3294602181914018,1.4991565121967578
1.0345466446246603,1.166252547354065,0.8109856281996471,-0.1274366390477035,-0.5359652749063732,0.1214275762584495,-0.39643551576304625,0.9273476826013931,1.2666146377518597,0.9975186829943884,-1.1885181380577596,-0.6805943283581382,0.9001169739815513,-0.5892179303594152,0.9003909394913381,-0.3792642362498776,-0.2177355481221773,1.1196220340118148,-0.24182923036677773,-1.2202472083873828,0.5970842271344695,0.13116744693266758,1.3421110492277666,-3.0194833557999683,2.9997724673736306,-0.19768365781710426,0.14383000023024453,0.5844340359782271,1.2884323325639233,1.5807599429052708,-1.5467033661280247,-1.121648081961639,-0.3310382739094044,0.025125171538616188,-0.16015105258839565,1.6784567925163965,-0.9247061838471531,0.36076948199337167,1.3195201636941025,1.0066041562839594,-0.056320564943727836,-0.3362350982234107,-2.16022481671364
-0.5974932075211186,-0.5517866466237803,-0.26375042819200956,0.03251636271172548,0.2832904139399726,-0.09655616449469799,0.10494843751270726,-0.4399291958780528,-0.5990768557474603,-0.43018624767552693,0.49717275357929425,0.2975927683866574,-0.40193106862730477,0.26566315267984525,-0.3792642362498776,0.17204906095960626,-0.0020384850821576882,-0.3960361719779407,0.03250315683680431,0.4876058234569251,-0.2137705992253361,-0.06452401868150963,-0.5461042804211846,1.310263943190786,-1.2460384620986151,0.06794336835716151,-0.09991867894626986,-0.2033242025559771,-0.437816289344406,-0.6830531008596077,0.729619739989861,0.6106058151576719,0.2315167493479692,-0.03571480679297126,-0.026286670630993034,-0.7978218973466079,0.3571378632417884,-0.23145525092319794,-0.5215935151820538,-0.38759186186016276,0.05006266839151481,0.19233642299562254,0.9499352818259756
1.699347487499993,0.44506857969875546,-1.1677291521895947,0.30945717467265366,-0.6075228810020973,0.5235603306174862,0.9039733646572506,0.39026241031204706,0.4642908660635596,-0.16927212404716113,0.3387028573786354,0.0941154437722493,0.04105758717724784,-0.07141065863112432,-0.2177355481221773,-0.0020384850821576882,1.2337852788955928,-1.267333694692907,0.9814544245024448,0.6884776415737622,-0.6289447352156595,0.04299031648703866,-0.5979865949545232,0.4484130443752931,-1.1139233946445186,0.20835263953119923,0.43220376122311366,-0.7531604369863096,-1.6902895410356307,-0.2250488053840476,-0.5465290006758221,-1.4047473815140636,-1.0794736506166003,0.30543148213511434,1.2572249328826566,0.6853827412299691,0.6891315294541577,0.9114164834131208,-0.8599354046138356,-0.7900455918515594,-0.29880402865620476,-0.5216213096921442,0.0511532111592018
-0.3535767981440725,0.8386421970008173,1.82791685635746,-0.3942792580765161,-0.043636985247876015,-0.31451647211950656,-1.1764214785199656,0.6349225554593328,0.9280137576370442,1.1830071409312546,-1.5216531510172022,-0.7912257019988059,0.9026843132148653,-0.5525025103121419,1.1196220340118148,-0.3960361719779407,-1.267333694692907,2.236223547915858,-1.0825558828515973,-1.8532407981270682,1.1519264997688674,0.10252315783494437,1.901792234503332,-3.5291685097040353,4.068547661772181,-0.3791612834281258,-0.21370622815530724,1.247482337298409,2.7692861519909004,1.8367313121797624,-1.1503380499338927,0.015711867324291393,0.5668643014784881,-0.23132169798586832,-1.229788700939235,1.1695842021741139,-1.546140971459935,-0.39402213035844164,2.1040340787475262,1.7185271945082354,0.19253635315748288,0.08864314655306682,-2.290861484893806
1.2398048391155851,0.25257516837828414,-0.9763923069122225,0.25274860625904655,-0.4331293439248002,0.39827826248770354,0.7398160723064668,0.23091289778621407,0.25846988292253886,-0.2152004376021507,0.3597078083466494,0.13241030376749752,-0.041396351648669165,-0.008584336473312066,-0.24182923036677773,0.03250315683680431,0.9814544245024448,-1.0825558828515973,0.789597562216211,0.6392978724458557,-0.5395038294234797,0.020310405340602557,-0.5763195015516578,0.6042556545228871,-1.120650983628647,0.1762119879808865,0.3244540212268716,-0.6399183640447825,-1.4273187853839713,-0.3057262908019389,-0.299700100334446,-1.0041766116033537,-0.8172202390243256,0.2362008089883885,0.9979639213008336,0.3983190280576595,0.6160066424668721,0.6833736887489655,-0.7846012501678241,-0.7035900331332462,-0.22783391448373955,-0.37838138154870377,0.21406693703202392
-0.7597584758541648,-1.341213294147115,-1.4220496435819754,0.2664795221314336,0.4797326727410555,0.01816678681117149,0.8086801127759297,-1.0525623622529519,-1.46431950283926,-1.332465987882198,1.6284702847038715,0.9046667251830197,-1.1360650618274537,0.7277217384880189,-1.2202472083873828,0.4876058234569251,0.6884776415737622,-1.8532407981270682,0.6392978724458557,1.7900388776397211,-0.9713243128032141,-0.15630568261855676,-1.9127774565215645,4.015030468914227,-4.209067966311154,0.318595395519508,-0.041577536788352604,-1.0018459871405228,-2.2102770905212457,-2.0950558682425617,1.794833861944927,0.9670584321804317,0.06235049195089846,0.06918349784902764,0.6262440641543784,-1.9158127826828968,1.4130420478303527,-0.1564822927544886,-1.9777176166316155,-1.553737706982986,-0.026252074055794543,0.2577971901887147,2.773656931290374
-0.11289946881492989,0.47536574184377695,0.936447881454974,-0.19897254028917363,-0.05303047090819551,-0.14608863234246167,-0.5946416347054274,0.363058519164537,0.5244892526673979,0.6326930606886465,-0.8093764127555942,-0.423130311229842,0.4911289180221494,-0.30310857549060927,0.5970842271344695,-0.2137705992253361,-0.6289447352156595,1.1519264997688674,-0.5395038294234797,-0.9713243128032141,0.5949822309242739,0.056726856840583526,1.0026034436752138,-1.8889660092703104,2.150564596546932,-0.1966636307008754,-0.09597586690565856,0.6393940578585273,1.4207745718018092,0.9844540993683231,-0.6486735195893085,-0.056871144092503136,0.25619055593256224,-0.11119194411800912,-0.6064097733894109,0.665861180920722,-0.8047906605563219,-0.17043332763697033,1.0980457608111016,0.8926960319522119,0.09057500354834856,0.024135448484714273,-1.2397749352050227
0.27915402586604765,0.21802100371666153,0.05591580466860267,-0.0016477062016393117,-0.12375698826443925,0.05375419387723913,-0.008242371479723645,0.17407244612116535,0.23631288427821065,0.15275172977846077,-0.1702443135341227,-0.1075417120822005,0.14899193063595587,-0.09972528569714398,0.13116744693266758,-0.06452401868150963,0.04299031648703866,0.10252315783494437,0.020310405340602557,-0.15630568261855676,0.056726856840583526,0.026403153279322973,0.17996722617733169,-0.46918689513719103,0.42199202751273823,-0.01660154556074236,0.05213322215287589,0.050499887510138196,0.1036231674305832,0.24354011605927903,-0.2871681204835035,-0.2732239040072017,-0.12162037770809098,0.023838569024322787,0.05148861167341989,0.3165563751532821,-0.10856087957298595,0.11598238985742466,0.16449438108077372,0.11708095364562524,-0.02906896121802338,-0.08928672155811425,-0.34593990058392016
1.0942791921106603,1.5714649726219232,1.433518017987908,-0.25496390279743925,-0.6276607464386246,0.053707986830083945,-0.7791677105426735,1.2402487085327047,1.7118638713546122,1.4726193250560584,-1.783813784816782,-1.0012506439037643,1.2830366070117647,-0.8289721155757306,1.3421110492277666,-0.5461042804211846,-0.5979865949545232,1.901792234503332,-0.5763195015516578,-1.9127774565215645,1.0026034436752138,0.17996722617733169,2.065387459157751,-4.4442735124177695,4.568885206948225,-0.3303487868414316,0.10733654615361986,1.015967648715712,2.242382732195249,2.3225510480442093,-2.0950939040550423,-1.2865302713694104,-0.22491244381615164,-0.03442336029295369,-0.522610593603346,2.2516086548547403,-1.4886096782428648,0.306602501619964,2.096962507428862,1.630942743956985,-0.012360312698464982,-0.3630588703174674,-3.112557482890028
-3.958082092384275,-4.094180295183027,-2.485247305467131,0.3640842191120481,1.9694482136711762,-0.5440359261515715,1.1440850756694267,-3.2578586254286503,-4.446027673813669,-3.376883114530239,3.975485459887792,2.3177403377218,-3.0878546182859137,2.0285063552084357,-3.0194833557999683,1.310263943190786,0.4484130443752931,-3.5291685097040353,0.6042556545228871,4.015030468914227,-1.8889660092703104,-0.46918689513719103,-4.4442735124177695,10.24781277923842,-10.012984507427769,0.6155338959483001,-0.6013236620392948,-1.833410839576732,-4.007410083050026,-5.354931361083111,5.423827294993067,4.178667607489107,1.386749847172076,-0.16035726056716396,0.2570421104377925,-5.90379031727073,3.0056530351087174,-1.4488749343537366,-4.3262516628643635,-3.269341772176011,0.268437469992178,1.2813024789560103,7.365566961072813
2.824983745678337,3.654294142419695,3.0194476656806146,-0.5189028787503753,-1.539946230514436,0.22670270574151188,-1.5928194630565247,2.8885262019010978,3.978525718614342,3.311930412108132,-3.978260585959454,-2.260072341618827,2.9201089765797157,-1.8939188699529395,2.9997724673736306,-1.2460384620986151,-1.1139233946445186,4.068547661772181,-1.120650983628647,-4.209067966311154,2.150564596546932,0.42199202751273823,4.568885206948225,-10.012984507427769,10.160715334129563,-0.7036830298293651,0.33173737507567996,2.1647934448041375,4.759374585155953,5.228590884610865,-4.86470757743349,-3.200024184897587,-0.7213605569072079,-0.01726083908988001,-0.9435143142054174,5.245423934380668,-3.247048801450411,0.8740152882116518,4.599600156932322,3.553842597986686,-0.08899416894357876,-0.9300674596522968,-7.049679800613681
0.041760532023688735,-0.15561252878704862,-0.3107011046253623,0.06529835158521091,0.01839477801121076,0.049319812082437665,0.19559137531464554,-0.12014506629436195,-0.17102336427529075,-0.20702898723662022,0.2677068025843039,0.13652615009188476,-0.16132807006477126,0.10006015616469885,-0.19768365781710426,0.06794336835716151,0.20835263953119923,-0.3791612834281258,0.1762119879808865,0.318595395519508,-0.1966636307008754,-0.01660154556074236,-0.3303487868414316,0.6155338959483001,-0.7036830298293651,0.06698709183159456,0.03310030611522652,-0.2081671365675093,-0.4676321016977273,-0.3230724211251558,0.2116546603388844,0.015498769293276113,-0.08489501054894219,0.03719065308496901,0.1988414064712805,-0.21784203133869112,0.26366852728585394,0.056622145047559545,-0.35791629503210776,-0.2911461939670827,-0.03090635478824383,-0.009784235107317813,0.4091440767988737
0.9395432029010071,0.47526278966052715,-0.25509393387315493,0.08937919110325525,-0.3765407835606781,0.23872972782302404,0.25512972338568596,0.39131561519736596,0.5090598690783174,0.18975843076794713,-0.16982533864177632,-0.1390180564952346,0.24712271819486614,-0.17890708186678142,0.14383000023024453,-0.09991867894626986,0.43220376122311366,-0.21370622815530724,0.3244540212268716,-0.041577536788352604,-0.09597586690565856,0.05213322215287589,0.10733654615361986,-0.6013236620392948,0.33173737507567996,0.03310030611522652,0.20881452463038488,-0.14593375908423806,-0.33734535038884983,0.3168836755912842,-0.613508330908742,-0.8443389161175616,-0.5114052974419598,0.12747869528358907,0.454783319538114,0.7016697001827995,0.034149068150104024,0.45265206154387966,0.0010388993415375017,-0.05209860284636516,-0.13325541389417445,-0.29360456887298253,-0.5324556584536495
-0.3300955945659643,0.38370097231889544,1.0288475611968932,-0.22819670583018525,0.03534934355283068,-0.2058593000643697,-0.6785404814858436,0.2840461585085934,0.4281320154775931,0.6153529309278669,-0.7987060538686057,-0.41198319221720375,0.4529033648914874,-0.27217113253866826,0.5844340359782271,-0.2033242025559771,-0.7531604369863096,1.247482337298409,-0.6399183640447825,-1.0018459871405228,0.6393940578585273,0.050499887510138196,1.015967648715712,-1.833410839576732,2.1647934448041375,-0.2081671365675093,-0.14593375908423806,0.7032985335760789,1.5561840940411595,0.9504099505657917,-0.5331792506868058,0.134020251893682,0.38582935976686883,-0.1444930352665949,-0.7390066837554717,0.5293282363545951,-0.8469388370087124,-0.2829707660666398,1.147479462666826,0.9452286047166559,0.12352384468548848,0.09065544660565597,-1.1612371569142863
-0.7889216768975281,0.8226427249132405,2.294173145988642,-0.508504181623658,0.09458864938081012,-0.47033051823297567,-1.5126240808138267,0.6100716934940279,0.9170696291796031,1.3476111136370408,-1.7611862786499966,-0.8971359810000147,0.9881899384203863,-0.5938535767846558,1.2884323325639233,-0.437816289344406,-1.6902895410356307,2.7692861519909004,-1.4273187853839713,-2.2102770905212457,1.4207745718018092,0.1036231674305832,2.242382732195249,-4.007410083050026,4.759374585155953,-0.4676321016977273,-0.33734535038884983,1.5561840940411595,3.457850665062186,2.0831973525258785,-1.1435289439586342,0.3466129845838459,0.8799411261637786,-0.3273275283260537,-1.6546534159965804,1.1320651629795562,-1.8710718648983617,-0.6494718472558519,2.528186120114935,2.085556986807229,0.2827512859461654,0.22008847346841653,-2.5439361192461156
2.0827127888245607,2.1471246306903646,1.2938197776998208,-0.1875693120008412,-1.038068512726897,0.28816723618716367,-0.5906465437681352,1.7104176359689183,2.330596118716108,1.7653469902977437,-2.080437420370881,-1.209752015936455,1.6170584934574612,-1.063331784227844,1.5807599429052708,-0.6830531008596077,-0.2250488053840476,1.8367313121797624,-0.3057262908019389,-2.0950558682425617,0.9844540993683231,0.24354011605927903,2.3225510480442093,-5.354931361083111,5.228590884610865,-0.3230724211251558,0.3168836755912842,0.9504099505657917,2.0831973525258785,2.801176956699638,-2.843198411509052,-2.1973435589116517,-0.7354764922444819,0.08611971385843165,-0.12221051667351249,3.0965697077509247,-1.566156141421481,0.7665230873759848,2.253578247579752,1.7016946137080804,-0.14190774252514368,-0.6735073994331519,-3.8582801797325144
-3.3041607975081257,-2.5732317431397544,-0.634999895908101,0.0027305026919062724,1.494058115735196,-0.6410628165145953,0.053545753074645645,-2.0724587205425777,-2.7810010484186996,-1.7742721850400573,2.002325447417374,1.2298278143419625,-1.7503155431937947,1.179336168589003,-1.5467033661280247,0.729619739989861,-0.5465290006758221,-1.1503380499338927,-0.299700100334446,1.794833861944927,-0.6486735195893085,-0.2871681204835035,-2.0950939040550423,5.423827294993067,-4.86470757743349,0.2116546603388844,-0.613508330908742,-0.5331792506868058,-1.1435289439586342,-2.843198411509052,3.3799848282798273,3.238541519447614,1.4724083983834395,-0.2865807276885392,-0.6712133619680131,-3.7386003995859816,1.2306254774481713,-1.3983807983471126,-1.8546595915641415,-1.3106861572136934,0.34183137284978216,1.0507403146114123,4.08100073001955
-4.062862731896873,-2.487797180718743,0.36950278003450837,-0.2355777584005641,1.7123558316051823,-0.9374987789078844,-0.6504319022309671,-2.027536033714313,-2.6759802305029177,-1.3492057735686844,1.4083841799573804,0.9536543334554198,-1.4907669053605561,1.0380754498523603,-1.121648081961639,0.6106058151576719,-1.4047473815140636,0.015711867324291393,-1.0041766116033537,0.9670584321804317,-0.056871144092503136,-0.2732239040072017,-1.2865302713694104,4.178667607489107,-3.200024184897587,0.015498769293276113,-0.8443389161175616,0.134020251893682,0.3466129845838459,-2.1973435589116517,3.238541519447614,3.7811863926881903,2.057815961707706,-0.4739893586658418,-1.5261986562210297,-3.6440066657827224,0.4963640001524939,-1.8668920858442934,-0.8859650528447218,-0.4858171264750629,0.5151646956995217,1.2776734384738526,3.3621008608131526
-2.294382880899202,-1.1426673623487322,0.6557799327697995,-0.22667315268875687,0.9207366327127874,-0.5875030367553261,-0.6475642492778577,-0.9442475835651197,-1.2222256494366541,-0.43736369178373724,0.3866190216550343,0.3192988290785508,-0.5849284711997732,0.4266561682469821,-0.3310382739094044,0.2315167493479692,-1.0794736506166003,0.5668643014784881,-0.8172202390243256,0.06235049195089846,0.25619055593256224,-0.12162037770809098,-0.22491244381615164,1.386749847172076,-0.7213605569072079,-0.08489501054894219,-0.5114052974419598,0.38582935976686883,0.8799411261637786,-0.7354764922444819,1.4724083983834395,2.057815961707706,1.2600935154562392,-0.3150876856690128,-1.1374092834077072,-1.688411856393645,-0.11703345846708729,-1.1131262139368931,0.04587457537992906,0.16665169505344135,0.3274688697573608,0.7156003602862139,1.2567168531473312
0.5439576820350234,0.22475365210025375,-0.23390777342988464,0.06981914053377285,-0.20912835780386616,0.1493522021951612,0.2017247290383672,0.18786341654001695,0.23897396384061223,0.047215512268276826,-0.019646201149684576,-0.0381825813177904,0.0935631483056963,-0.07288032996812796,0.025125171538616188,-0.03571480679297126,0.30543148213511434,-0.23132169798586832,0.2362008089883885,0.06918349784902764,-0.11119194411800912,0.023838569024322787,-0.03442336029295369,-0.16035726056716396,-0.01726083908988001,0.03719065308496901,0.12747869528358907,-0.1444930352665949,-0.3273275283260537,0.08611971385843165,-0.2865807276885392,-0.4739893586658418,-0.3150876856690128,0.08311939546850824,0.31643267100456,0.33527161787418863,0.09645270678126412,0.27359487522577347,-0.10470817702529228,-0.11529510727578422,-0.08411581342078975,-0.16891182130115484,-0.18465908141369555
1.8227119483279446,0.5408016432003385,-1.1460459367762634,0.31073185653658003,-0.6660852888606835,0.5479511706265809,0.9057148827040337,0.46895707047447527,0.5670188621659487,-0.10594595443333059,0.2645863599954028,0.05219210789802738,0.10539809590969137,-0.11568629656874532,-0.16015105258839565,-0.026286670630993034,1.2572249328826566,-1.229788700939235,0.9979639213008336,0.6262440641543784,-0.6064097733894109,0.05148861167341989,-0.522610593603346,0.2570421104377925,-0.9435143142054174,0.1988414064712805,0.454783319538114,-0.7390066837554717,-1.6546534159965804,-0.12221051667351249,-0.6712133619680131,-1.5261986562210297,-1.1374092834077072,0.31643267100456,1.2879156577778716,0.8242870785504701,0.6478020867007426,0.9660343083653348,-0.7988023646474175,-0.747925456993001,-0.31143635351059973,-0.5602096077864623,-0.10022607007433766
3.7361434708326646,2.84851865701949,0.6133990284325983,0.019070749178391255,-1.6792241321933254,0.7384380236381123,0.005555597022918668,2.296939044741263,3.076953851660738,1.9300278052388913,-2.1687365010926065,-1.3387227948438596,1.9191051435155122,-1.2963333947772575,1.6784567925163965,-0.7978218973466079,0.6853827412299691,1.1695842021741139,0.3983190280576595,-1.9158127826828968,0.665861180920722,0.3165563751532821,2.2516086548547403,-5.90379031727073,5.245423934380668,-0.21784203133869112,0.7016697001827995,0.5293282363545951,1.1320651629795562,3.0965697077509247,-3.7386003995859816,-3.6440066657827224,-1.688411856393645,0.33527161787418863,0.8242870785504701,4.141410777124607,-1.297911954726645,1.5954673293525958,1.9681590348537918,1.3779046727606017,-0.3949216679257624,-1.1866804863565548,-4.465005525354054
-0.3008964761914029,-0.9139647648088491,-1.2150663864160338,0.2415991145214569,0.25878493438158784,0.09181725776023529,0.7277706086376304,-0.7105549824160022,-1.001265066323789,-1.0002267971175278,1.2413759220349276,0.6765467028849451,-0.8246080604846365,0.5212389640623402,-0.9247061838471531,0.3571378632417884,0.6891315294541577,-1.546140971459935,0.6160066424668721,1.4130420478303527,-0.8047906605563219,-0.10856087957298595,-1.4886096782428648,3.0056530351087174,-3.247048801450411,0.26366852728585394,0.034149068150104024,-0.8469388370087124,-1.8710718648983617,-1.566156141421481,1.2306254774481713,0.4963640001524939,-0.11703345846708729,0.09645270678126412,0.6478020867007426,-1.297911954726645,1.1376619229196459,0.02289320352911365,-1.5769987644129122,-1.2561624924907289,-0.0638697630414967,0.11053442667322352,2.0353229855194384
2.063426770587305,1.082314978120138,-0.4967659070531516,0.1844438099901523,-0.838031357869437,0.5162802483085734,0.5242809239119626,0.8912008428384358,1.1593228848114656,0.46074942699363175,-0.43292555270534827,-0.332397261136554,0.5795398509513935,-0.417051542328534,0.36076948199337167,-0.23145525092319794,0.9114164834131208,-0.39402213035844164,0.6833736887489655,-0.1564822927544886,-0.17043332763697033,0.11598238985742466,0.306602501619964,-1.4488749343537366,0.8740152882116518,0.056622145047559545,0.45265206154387966,-0.2829707660666398,-0.6494718472558519,0.7665230873759848,-1.3983807983471126,-1.8668920858442934,-1.1131262139368931,0.27359487522577347,0.9660343083653348,1.5954673293525958,0.02289320352911365,0.989160088270556,0.0718219390004314,-0.058705263391421285,-0.28688433101409117,-0.6447663478053272,-1.2639742209249507
0.6364268882689509,1.3815298453285747,1.6318026627308795,-0.31614467021129095,-0.4455293260120898,-0.07254457204710542,-0.9551934656808742,1.0780681704204573,1.5112718649702523,1.436748354348836,-1.7662352075373058,-0.9756593959459465,1.2047046229205807,-0.7663521436515455,1.3195201636941025,-0.5215935151820538,-0.8599354046138356,2.1040340787475262,-0.7846012501678241,-1.9777176166316155,1.0980457608111016,0.16449438108077372,2.096962507428862,-4.3262516628643635,4.599600156932322,-0.35791629503210776,0.0010388993415375017,1.147479462666826,2.528186120114935,2.253578247579752,-1.8546595915641415,-0.8859650528447218,0.04587457537992906,-0.10470817702529228,-0.7988023646474175,1.9681590348537918,-1.5769987644129122,0.0718219390004314,2.198463037089082,1.738985771475031,0.0578012253630223,-0.22216576382828299,-2.95455602532584
0.264525114890035,0.9714850767357577,1.3552258069180618,-0.2728089070498391,-0.2561905606428974,-0.11805577911851152,-0.8204883334771934,0.7527900587454498,1.0656644600875242,1.0882216426202596,-1.353228807739211,-0.736668374361676,0.8898394118864636,-0.5602748381411736,1.0066041562839594,-0.38759186186016276,-0.7900455918515594,1.7185271945082354,-0.7035900331332462,-1.553737706982986,0.8926960319522119,0.11708095364562524,1.630942743956985,-3.269341772176011,3.553842597986686,-0.2911461939670827,-0.05209860284636516,0.9452286047166559,2.085556986807229,1.7016946137080804,-1.3106861572136934,-0.4858171264750629,0.16665169505344135,-0.11529510727578422,-0.747925456993001,1.3779046727606017,-1.2561624924907289,-0.058705263391421285,1.738985771475031,1.3892357038158027,0.07954023871326839,-0.101180822426174,-2.2009010261438733
-0.5826646538321811,-0.26619713752618607,0.2065707564652072,-0.06540814641512328,0.22822749559302435,-0.15436947094759346,-0.188298455280339,-0.22072388772862045,-0.2844845084660905,-0.08276364621129466,0.0609946252155971,0.06282932649903264,-0.12543954189798215,0.09365083867919691,-0.056320564943727836,0.05006266839151481,-0.29880402865620476,0.19253635315748288,-0.22783391448373955,-0.026252074055794543,0.09057500354834856,-0.02906896121802338,-0.012360312698464982,0.268437469992178,-0.08899416894357876,-0.03090635478824383,-0.13325541389417445,0.12352384468548848,0.2827512859461654,-0.14190774252514368,0.34183137284978216,0.5151646956995217,0.3274688697573608,-0.08411581342078975,-0.31143635351059973,-0.3949216679257624,-0.0638697630414967,-0.28688433101409117,0.0578012253630223,0.07954023871326839,0.08670357904939797,0.1814206268993905,0.260472519008593
-1.3860280503727649,-0.8086163293146721,0.19383261076407327,-0.09407237252753056,0.5756760203517864,-0.32848792842810204,-0.26304149040256664,-0.6601772406133203,-0.8689492480268665,-0.41180033650635917,0.4179384673208321,0.2933911578778713,-0.46955132976735975,0.3294602181914018,-0.3362350982234107,0.19233642299562254,-0.5216213096921442,0.08864314655306682,-0.37838138154870377,0.2577971901887147,0.024135448484714273,-0.08928672155811425,-0.3630588703174674,1.2813024789560103,-0.9300674596522968,-0.009784235107317813,-0.29360456887298253,0.09065544660565597,0.22008847346841653,-0.6735073994331519,1.0507403146114123,1.2776734384738526,0.7156003602862139,-0.16891182130115484,-0.5602096077864623,-1.1866804863565548,0.11053442667322352,-0.6447663478053272,-0.22216576382828299,-0.101180822426174,0.1814206268993905,0.43537825879204495,1.048648991995432
-3.2632774352493477,-3.089462271933423,-1.5582107922967723,0.19501548908806166,1.5798690103192239,-0.5125576992185574,0.6298041163808964,-2.4708226781851,-3.3486816382048006,-2.4248187845428406,2.831596208076045,1.6638149924628212,-2.264289568345234,1.4991565121967578,-2.16022481671364,0.9499352818259756,0.0511532111592018,-2.290861484893806,0.21406693703202392,2.773656931290374,-1.2397749352050227,-0.34593990058392016,-3.112557482890028,7.365566961072813,-7.049679800613681,0.4091440767988737,-0.5324556584536495,-1.1612371569142863,-2.5439361192461156,-3.8582801797325144,4.08100073001955,3.3621008608131526,1.2567168531473312,-0.18465908141369555,-0.10022607007433766,-4.465005525354054,2.0353229855194384,-1.2639742209249507,-2.95455602532584,-2.2009010261438733,0.260472519008593,1.048648991995432,5.37343471342868
