V1,V2,V3,V4,V5,V6,V7,V8,V9,V10,V11,V12,V13,V14,V15,V16,V17,V18,V19,V20,V21,V22,V23,V24,V25,V26,V27,V28,V29,V30,V31,V32,V33,V34,V35,V36,V37,V38,V39,V40,V41,V42,V43
7.146632875512418,2.8013601828387134,1.562240326283212,-2.1045112078587,1.925022686910246,4.144969444368257,-4.570035211511094,-4.088156799981749,0.3543419118887786,0.6765250604000701,0.34110504750621323,-4.235466387889772,7.946834957897028,4.868080715055131,-2.4226284777564717,4.2898676761869705,-2.108508114880856,2.1545802204732807,-0.17780747881002382,2.5263966598330745,2.1075556214087983,-3.9743806778497923,-1.448079465781228,2.3493620120027643,-1.6947915268667013,2.5331942259254,-3.227916280490883,2.599719526362042,-1.7276395780828948,-5.564006231513473,-0.5065938271293855,0.2066867379634054,0.7734048746812138,0.8109658730414198,-4.920807149798901,-2.613785956130607,1.2095395502375208,-1.823101401627967,-3.2562956781744377,1.2307674385673006,-3.650042160861977,0.1918526347923629,5.491074037651903
2.8013601828387134,1.1099157830770847,0.6287095282966827,-0.8765580932056795,0.731306626992662,1.6351038582411248,-1.8122074651991644,-1.6237676442888838,0.13529090622959533,0.24830630869981543,0.11984153453698873,-1.680597728633558,3.1909921170038045,1.9109153854910403,-0.9200744161986384,1.6144409214233404,-0.8302570472939126,0.8598328463333333,-0.13904680583936074,0.9487406478984376,0.8784217784027634,-1.5086600112180013,-0.5005438375156886,0.9040966478918391,-0.6148313816105565,0.99064056744577,-1.2584226320889096,1.0325643141528558,-0.7201759841255606,-2.1571437295977387,-0.2336053270136618,0.12115530865989987,0.2777155892910347,0.3278027612146173,-1.963104184337116,-1.0210741148383766,0.5446827317048335,-0.6971449237096506,-1.280606608392238,0.48301896705462805,-1.4535217134442413,0.07959682073138104,2.2003682634602475
1.562240326283212,0.6287095282966827,0.7144611159148367,-0.2882339040106644,0.09292341589031916,0.2987048790727072,-1.0218993893080575,-1.2956082100042525,-0.1175177837902394,-0.13664922869088109,0.6048596395310153,-0.26087086625261163,2.1864725940215557,0.6462773693050048,-0.3293467757888874,1.2074176574271693,-0.09236403782525253,-0.19811863739815103,-0.9509652312671711,0.9503132050375286,0.538999147104434,-0.34035635017215266,-0.1406034147566781,0.19130068209374165,-0.4963283697144079,0.2958693015046771,-0.772692211679386,0.5913055527228509,-0.2639181997437598,-1.4974883488890078,-0.4366635253996464,0.11762709625336275,0.969204336419575,0.4405359050965254,0.09838675372008945,-0.5934765725667162,0.22943635080219862,0.14047376512746323,-1.0757367725439733,0.01489978012447011,-0.9887561936655966,-0.06031187438871967,1.3609055912941412
-2.1045112078587,-0.8765580932056795,-0.2882339040106644,1.1838003401731207,-0.6401135352185228,-1.7907896658527716,1.5304316288154767,1.049949839794726,-0.18851146534468893,-0.313625294960421,0.4732849736608888,1.9152949951422846,-2.6254481938743153,-1.7494470826902353,0.6749492736660028,-0.48665417057753146,0.9792283405281793,-1.3007893511269213,-0.16595243065505139,-0.11424808629833237,-0.9609337069847965,1.1794703410095149,-0.01543508184423011,-0.8385218459555784,0.0048351195882160745,-0.9412215159084163,0.8817370821400128,-0.827629571188978,0.971127572417057,1.1722754995086955,0.19143723394121576,-0.2975600202616009,0.6190124965421938,-0.09644970703760546,2.701201048239536,0.72976301811873,-0.945226937638556,0.9021588756245579,0.6638825375239009,-0.587829338009027,1.125905847904992,-0.19526743167996757,-1.909465354636939
1.925022686910246,0.731306626992662,0.09292341589031916,-0.6401135352185228,0.8240433681321907,1.6093207483696403,-1.1797926392869253,-0.7409951600024376,0.2704468368632848,0.4480368585471261,-0.32772243735678014,-1.6719482505802958,1.6584483944928397,1.659548706964119,-0.8594979485379967,1.0258721104719555,-0.8761591241271046,1.1158382601891619,0.801408334560041,0.40291282121696587,0.43059556030376295,-1.57710299841893,-0.6286632417498217,0.9232875895794276,-0.422318600341011,0.8995211163929299,-0.8196173422457715,0.6665023299567354,-0.5013383427814931,-1.2993648549761982,0.18041425315593615,-0.057743848307296924,-0.4281103293226656,-0.01406846184711436,-2.257111092675424,-0.6931115008214205,0.260810417368579,-0.9553171772938917,-0.5694048533423882,0.546785692196158,-0.7919178346644097,0.12876879673172228,1.284567811170107
4.144969444368257,1.6351038582411248,0.2987048790727072,-1.7907896658527716,1.6093207483696403,3.5773939526331584,-2.7323754118600814,-1.7342318228987976,0.5233567638305043,0.8644817921907545,-0.8728478792804706,-3.7618371610437067,4.1637392204630155,3.574283054735823,-1.667005876267479,1.6574495126886322,-1.9597391841714167,2.5611201002701867,1.2782497691077508,0.5492684358599009,1.3099315455129483,-3.0317686339111307,-0.8120374265064674,1.8975585265114145,-0.5230276464382672,1.9409668924213677,-1.7455725857471245,1.5112037134956515,-1.4387490554675786,-2.5544622059666846,0.11982081782477293,0.15315681552591576,-1.1565232710445856,0.02331468293620429,-5.214333600624993,-1.4680564977076693,1.0991215977734394,-2.021853279352871,-1.2082031692307997,1.2091157483404424,-1.8880210323451387,0.33621464664931827,3.1543379286612745
-4.570035211511094,-1.8122074651991644,-1.0218993893080575,1.5304316288154767,-1.1797926392869253,-2.7323754118600814,3.009921142549688,2.652707886222667,-0.2056216826542876,-0.41908969130837936,-0.11020214229954732,2.805967274930231,-5.312272970159242,-3.1235575060941443,1.4962208787100193,-2.4931426843163234,1.4167568842005382,-1.4820968111162107,0.2418929422024162,-1.4654378229888767,-1.4977997565612584,2.4132248484486203,0.6971474464238193,-1.4901147356058737,0.918610285085387,-1.6385665834561773,2.062837085416107,-1.6867710284060562,1.2706072748852233,3.425589265772258,0.4270555284987551,-0.23492487126105485,-0.34771325146701954,-0.5238368745377955,3.3712424163311145,1.6647005175760523,-0.9994291990986952,1.1988607361140535,2.0439906920092783,-0.8253990340521438,2.4051955932044238,-0.15826907338757,-3.6810968107348767
-4.088156799981749,-1.6237676442888838,-1.2956082100042525,1.049949839794726,-0.7409951600024376,-1.7342318228987976,2.652707886222667,2.775432145483988,0.009573304611640535,-0.07740789215685655,-0.7466672306856383,1.7262510266020068,-5.065738276903083,-2.3384346337026325,1.1603199742783363,-2.7004619823163267,0.820153139202162,-0.5329693334822941,1.102667729879511,-1.8458161355156988,-1.3160950392941542,1.6874746010670547,0.6038247153176615,-0.9960608809097915,1.0747784437047538,-1.1763050530479826,1.9169311105316227,-1.5163219493825524,0.8934872866783989,3.463233073537283,0.6546335419471295,-0.21360035427964136,-1.2763659745677907,-0.7477499812600571,1.5925226329932176,1.5170294472396808,-0.6923405323589547,0.4698807612653922,2.2480530034089052,-0.4370252142378349,2.3034208717410416,-0.005906574854008714,-3.339240935171135
0.3543419118887786,0.13529090622959533,-0.1175177837902394,-0.18851146534468893,0.2704468368632848,0.5233567638305043,-0.2056216826542876,0.009573304611640535,0.12991382744609045,0.18216299570179856,-0.25355901233422606,-0.5645817821101143,0.1438860675410019,0.4701215753646091,-0.22118789904280886,0.08215646507161165,-0.29303952423110274,0.45565882414763387,0.4693087812020964,-0.0844432229182195,0.06104747107802932,-0.481431528697585,-0.1771942475683943,0.2825950338170961,-0.023039149765040182,0.2593352175536197,-0.11762153518021513,0.12122509494553009,-0.13594517150919497,-0.14002070909166112,0.15268268286667852,-0.025461505386956417,-0.38055195010622167,-0.09699232871386747,-0.8517581337612065,-0.11744157749997962,0.07325159094320942,-0.359388012802486,0.023961301256161038,0.19149957351345895,-0.07490417457569504,0.058499080628984436,0.17791047336857935
0.6765250604000701,0.24830630869981543,-0.13664922869088109,-0.313625294960421,0.4480368585471261,0.8644817921907545,-0.41908969130837936,-0.07740789215685655,0.18216299570179856,0.3397408803300552,-0.3882957590607642,-0.8970299654295505,0.37662207104751516,0.7525978177964013,-0.4322273004560773,0.22358484124964112,-0.5427072824678297,0.7175151922350703,0.7394301578041806,-0.04220624701244935,0.09745753022322835,-0.7992787128471605,-0.27810672347007137,0.5013801486365885,-0.09777458654020077,0.4499626075588281,-0.27773414969304056,0.211269069796389,-0.2532327536074002,-0.2825506478144274,0.19663732200666553,-0.07947035318620337,-0.5548309900419452,-0.13689560905742854,-1.3899429264328507,-0.24834620975189187,0.10541238961448779,-0.6318590559763619,0.004169847439809577,0.3522480307456135,-0.19443900900937944,0.10697497871376649,0.4209385993157374
0.34110504750621323,0.11984153453698873,0.6048596395310153,0.4732849736608888,-0.32772243735678014,-0.8728478792804706,-0.11020214229954732,-0.7466672306856383,-0.25355901233422606,-0.3882957590607642,1.0104965624773705,0.9883926809154038,0.6893447314155747,-0.433221101616434,0.10482240428434444,1.03266411952543,0.5855330135666547,-1.099608643633872,-1.1963365580379917,0.9844163234112985,-0.02749141628095989,0.4067342667580583,-0.18180765719826178,-0.3619817659509655,-0.545740660963911,-0.3053644602169489,-0.26152280497309516,0.11592879841786043,0.3681766780684034,-0.9169897983384069,-0.35055710132487394,-0.05217899676853565,1.5162579280487283,0.4357376275454166,1.9466189081530494,-0.167939597887304,-0.374372061734526,0.7901652700776212,-0.7795410270459535,-0.39871503091992694,-0.349423011870536,-0.20601390679270898,0.22192966569361214
-4.235466387889772,-1.680597728633558,-0.26087086625261163,1.9152949951422846,-1.6719482505802958,-3.7618371610437067,2.805967274930231,1.7262510266020068,-0.5645817821101143,-0.8970299654295505,0.9883926809154038,3.9801600728282116,-4.262688202366508,-3.737488659842266,1.69224169273495,-1.5793478308306872,2.0468694470378863,-2.741957434773493,-1.374565460299334,-0.44811003141452344,-1.3888863245877823,3.12964805779435,0.7900831400549593,-1.9642562365563963,0.4571321293302912,-2.017956211930173,1.7576442127794303,-1.5594339858409763,1.527444307413627,2.5521875500470443,-0.14327294738979138,-0.19945483392272503,1.3337209861559969,0.006811182866457104,5.546835971393951,1.4869938517562953,-1.2077642656427579,2.1193845896266192,1.188019200243635,-1.2629733047074412,1.9215772171916976,-0.36086742718712217,-3.234555305411977
7.946834957897028,3.1909921170038045,2.1864725940215557,-2.6254481938743153,1.6584483944928397,4.1637392204630155,-5.312272970159242,-5.065738276903083,0.1438860675410019,0.37662207104751516,0.6893447314155747,-4.262688202366508,9.895462759266874,5.024608205642081,-2.3106592551406435,4.424935674506772,-2.076375661522301,1.9456861756302786,-1.5220590984001432,2.8376685097353365,2.829910661290479,-3.536046174005092,-0.862367653503891,2.2157281983703454,-1.583690706545002,2.5813635357915654,-3.63302907119121,2.9912713664583164,-2.202785991805868,-6.185357011136745,-1.1541782800320044,0.59543378755089,1.353343386159594,1.203823754303989,-4.762312071016364,-2.8989108524606997,1.8894820693025327,-1.4934135524673111,-3.9382755086497094,1.1630473235699046,-4.434331645363118,0.18302456858219368,6.669917239918213
4.868080715055131,1.9109153854910403,0.6462773693050048,-1.7494470826902353,1.659548706964119,3.574283054735823,-3.1235575060941443,-2.3384346337026325,0.4701215753646091,0.7525978177964013,-0.433221101616434,-3.737488659842266,5.024608205642081,3.8458565016359194,-1.8197745136449044,2.4636285740665236,-1.8662732623497047,2.3067155560593404,0.8371670964417529,1.1542035634583971,1.4526987729278558,-3.2414884981324956,-1.0643108062927062,1.944948663993844,-0.9014637414148209,2.0247548806521833,-2.0965574866936056,1.775269742890904,-1.3928624231213567,-3.417819701221682,-0.01746072235939727,0.1485973516294938,-0.48493377784200137,0.25365918158942385,-4.831332639993231,-1.7405841539714615,1.014178170720747,-1.8418103834299975,-1.7958867960416354,1.1282260706499616,-2.302997112025301,0.2585671383433337,3.6288140931683546
-2.4226284777564717,-0.9200744161986384,-0.3293467757888874,0.6749492736660028,-0.8594979485379967,-1.667005876267479,1.4962208787100193,1.1603199742783363,-0.22118789904280886,-0.4322273004560773,0.10482240428434444,1.69224169273495,-2.3106592551406435,-1.8197745136449044,1.003676473441012,-1.485047899384923,0.9170715912312866,-1.004414138344971,-0.5291115111408632,-0.7726264508082202,-0.5449422357274681,1.7010738627148279,0.7142536516701901,-0.9975255250956243,0.6414565657427238,-0.988811787765432,1.0901378396530386,-0.8352534979996733,0.5518345386796556,1.790034848905981,-0.044510743736531515,0.07177883409050209,0.06360808383057302,-0.126891115827067,2.1498687511369465,0.8962179713029775,-0.2612825341537006,0.9244325439154851,0.9100366622057101,-0.5608971517904747,1.0997143006455898,-0.10769615139720329,-1.7078605305361616
4.2898676761869705,1.6144409214233404,1.2074176574271693,-0.48665417057753146,1.0258721104719555,1.6574495126886322,-2.4931426843163234,-2.7004619823163267,0.08215646507161165,0.22358484124964112,1.03266411952543,-1.5793478308306872,4.424935674506772,2.4636285740665236,-1.485047899384923,3.6562295936177245,-0.7431573689726734,0.32821985840083745,-0.48680630244207584,2.406689956856988,0.8124988528269291,-2.320392282708337,-1.4485788355383962,1.1783460149697498,-1.70088955287451,1.2284504430286738,-2.0344330552993415,1.4806457881985446,-0.39705831687017046,-4.00319738246051,-0.2783881272055686,-0.18443800742338187,1.6862288966108328,0.7031032832255338,-1.146328137112056,-1.624916657321963,-0.07342195238352575,-0.5413641242334538,-2.3891917216169976,0.4054215879816423,-2.1404902817588476,-0.08347637704401412,2.9140218302615577
-2.108508114880856,-0.8302570472939126,-0.09236403782525253,0.9792283405281793,-0.8761591241271046,-1.9597391841714167,1.4167568842005382,0.820153139202162,-0.29303952423110274,-0.5427072824678297,0.5855330135666547,2.0468694470378863,-2.076375661522301,-1.8662732623497047,0.9170715912312866,-0.7431573689726734,1.1431503183819356,-1.4544556376483322,-0.8315357623120374,-0.1873822040786673,-0.6556262013724435,1.6167580611404624,0.3826271880206196,-1.051469263256154,0.2272021693020529,-1.0518529871700804,0.8996356927123786,-0.7542624135215684,0.8049225840699142,1.1802822937455468,-0.08361903444625245,-0.05172559181949945,0.7895064055218596,0.045468964354354956,2.9537981657676906,0.7584350043846458,-0.5973540900477535,1.1827881819138375,0.5049954800957779,-0.7126035715638762,0.9429980873833723,-0.2107302416757222,-1.6505436812046104
2.1545802204732807,0.8598328463333333,-0.19811863739815103,-1.3007893511269213,1.1158382601891619,2.5611201002701867,-1.4820968111162107,-0.5329693334822941,0.45565882414763387,0.7175151922350703,-1.099608643633872,-2.741957434773493,1.9456861756302786,2.3067155560593404,-1.004414138344971,0.32821985840083745,-1.4544556376483322,2.120357078656703,1.448784332296187,-0.28245774732674706,0.7646748270457826,-1.978283692805644,-0.36521592358132376,1.2937292815736012,0.03160594535527922,1.287258278359062,-0.8288189584201678,0.7938415646669875,-1.0314877140544334,-0.9146791655067201,0.2887648558732678,0.12386135756353671,-1.5678285079843528,-0.24792751166203855,-4.1324819269891195,-0.7306848864017476,0.8474294469113498,-1.6152219822375018,-0.22499577973718476,0.9193467233669088,-0.8592631724180074,0.31164034443704297,1.6461610047207123
-0.17780747881002382,-0.13904680583936074,-0.9509652312671711,-0.16595243065505139,0.801408334560041,1.2782497691077508,0.2418929422024162,1.102667729879511,0.4693087812020964,0.7394301578041806,-1.1963365580379917,-1.374565460299334,-1.5220590984001432,0.8371670964417529,-0.5291115111408632,-0.48680630244207584,-0.8315357623120374,1.448784332296187,2.38086148227536,-0.839196871991272,-0.43385113406954284,-1.3016809929355935,-0.6021346395179538,0.7608905877875705,0.14306064989355424,0.5474324573164041,0.20711983765087663,-0.1655277109214743,-0.0757755864414945,0.7199592638637398,0.8814543785738601,-0.3262575143605052,-1.8081999377759912,-0.6723756488913997,-2.503842459194467,0.0912202075090189,-0.201046004407939,-1.27369685455791,0.9559689884296189,0.5838291498510757,0.6150192694691545,0.21950896296625003,-0.6522127631103932
2.5263966598330745,0.9487406478984376,0.9503132050375286,-0.11424808629833237,0.40291282121696587,0.5492684358599009,-1.4654378229888767,-1.8458161355156988,-0.0844432229182195,-0.04220624701244935,0.9844163234112985,-0.44811003141452344,2.8376685097353365,1.1542035634583971,-0.7726264508082202,2.406689956856988,-0.1873822040786673,-0.28245774732674706,-0.839196871991272,1.7368747223353085,0.4748913479056834,-1.0543261316098953,-0.7996231645117102,0.4936685660431305,-1.1411932309941706,0.5503768713117846,-1.2554944279079854,0.871361231685339,-0.11448471457930069,-2.5696577710667934,-0.3539613800389467,-0.10554381728593355,1.568360289188733,0.5837914862058756,0.16372356814946942,-0.977903004869995,-0.14138943727805747,0.02488597042620675,-1.6496636090265502,0.06850607753156297,-1.3695140733947027,-0.12184230828343098,1.7824299933274181
2.1075556214087983,0.8784217784027634,0.538999147104434,-0.9609337069847965,0.43059556030376295,1.3099315455129483,-1.4977997565612584,-1.3160950392941542,0.06104747107802932,0.09745753022322835,-0.02749141628095989,-1.3888863245877823,2.829910661290479,1.4526987729278558,-0.5449422357274681,0.8124988528269291,-0.6556262013724435,0.7646748270457826,-0.43385113406954284,0.4748913479056834,0.949701041449245,-0.8736183945943242,0.009683894308699332,0.6060733597834982,-0.1734041884316999,0.7452463721041718,-0.9234408928959635,0.836047595788966,-0.7961736380833095,-1.4592609044264337,-0.361596800248298,0.3045887755277746,0.04193647977288434,0.2879041044873867,-1.727418293200483,-0.7431288210839581,0.8030025900383937,-0.48462184019000837,-0.9588343590995577,0.37125462271646753,-1.223325610348531,0.0986876710610391,1.9191430579739106
-3.9743806778497923,-1.5086600112180013,-0.34035635017215266,1.1794703410095149,-1.57710299841893,-3.0317686339111307,2.4132248484486203,1.6874746010670547,-0.481431528697585,-0.7992787128471605,0.4067342667580583,3.12964805779435,-3.536046174005092,-3.2414884981324956,1.7010738627148279,-2.320392282708337,1.6167580611404624,-1.978283692805644,-1.3016809929355935,-1.0543261316098953,-0.8736183945943242,3.0780379871069883,1.309340481132095,-1.769742790485297,0.9787657012588796,-1.7406142332499863,1.7187288284406002,-1.3780162583881523,0.925089113492146,2.8538441723906316,-0.27371090377393675,0.12278437548910083,0.4830977398796927,-0.08521232901509637,4.069041042425938,1.4397650441124192,-0.44306785153907036,1.7260321045292926,1.3507094938458701,-1.0014381711542544,1.6895068757732403,-0.20825161799713357,-2.6531668709850305
-1.448079465781228,-0.5005438375156886,-0.1406034147566781,-0.01543508184423011,-0.6286632417498217,-0.8120374265064674,0.6971474464238193,0.6038247153176615,-0.1771942475683943,-0.27810672347007137,-0.18180765719826178,0.7900831400549593,-0.862367653503891,-1.0643108062927062,0.7142536516701901,-1.4485788355383962,0.3826271880206196,-0.36521592358132376,-0.6021346395179538,-0.7996231645117102,0.009683894308699332,1.309340481132095,0.9485843026870218,-0.6217625578446354,0.7516972473811272,-0.5489907028652476,0.6531523825762201,-0.4443865746336996,-0.045588669218974864,1.37189828295009,-0.2645622582552803,0.2732122742295784,-0.2974892845639484,-0.06525744201978165,0.7747887577711999,0.547511361091867,0.3527854124824205,0.47879903978571003,0.635466392455878,-0.24264529681225025,0.4962298386652849,0.01701381974229201,-0.6293382435155775
2.3493620120027643,0.9040966478918391,0.19130068209374165,-0.8385218459555784,0.9232875895794276,1.8975585265114145,-1.4901147356058737,-0.9960608809097915,0.2825950338170961,0.5013801486365885,-0.3619817659509655,-1.9642562365563963,2.2157281983703454,1.944948663993844,-0.9975255250956243,1.1783460149697498,-1.051469263256154,1.2937292815736012,0.7608905877875705,0.4936685660431305,0.6060733597834982,-1.769742790485297,-0.6217625578446354,1.0708267396258182,-0.46073334609894634,1.064843433955238,-1.0181369714641646,0.8249235706704727,-0.6764194905577516,-1.5612058364270616,0.1084278050334308,-0.017065630988232362,-0.45451127712321643,0.03098056910266952,-2.6611637155344523,-0.850421354396911,0.41732548420898596,-1.0986703584581667,-0.7334964042759178,0.6510257063291703,-1.0354939209267093,0.1599004216751187,1.6882108444575878
-1.6947915268667013,-0.6148313816105565,-0.4963283697144079,0.0048351195882160745,-0.422318600341011,-0.5230276464382672,0.918610285085387,1.0747784437047538,-0.023039149765040182,-0.09777458654020077,-0.545740660963911,0.4571321293302912,-1.583690706545002,-0.9014637414148209,0.6414565657427238,-1.70088955287451,0.2272021693020529,0.03160594535527922,0.14306064989355424,-1.1411932309941706,-0.1734041884316999,0.9787657012588796,0.7516972473811272,-0.46073334609894634,0.8495073592120312,-0.4475835916336358,0.829951462646002,-0.5540524166107684,0.004980732293380864,1.707287212741376,0.059526477204264634,0.1805438587172246,-0.872713853479209,-0.2921943934065902,0.14945797255695026,0.6600779424070026,0.2472421095007955,0.1632184779898705,0.9963491540609428,-0.12081450456092986,0.8056858007822866,0.06736403919160057,-1.036288493724923
2.5331942259254,0.99064056744577,0.2958693015046771,-0.9412215159084163,0.8995211163929299,1.9409668924213677,-1.6385665834561773,-1.1763050530479826,0.2593352175536197,0.4499626075588281,-0.3053644602169489,-2.017956211930173,2.5813635357915654,2.0247548806521833,-0.988811787765432,1.2284504430286738,-1.0518529871700804,1.287258278359062,0.5474324573164041,0.5503768713117846,0.7452463721041718,-1.7406142332499863,-0.5489907028652476,1.064843433955238,-0.4475835916336358,1.0940479753195909,-1.0981307516919216,0.913034671870385,-0.7622367169254456,-1.7110713904541315,0.011984181536258203,0.05565303684634628,-0.364539799852869,0.09936472208833753,-2.6836323825884185,-0.9111174436079671,0.5401619146815989,-1.052929954464712,-0.871881438740446,0.6433660898169534,-1.183459119728424,0.1573570173393322,1.9046262737242106
-3.227916280490883,-1.2584226320889096,-0.772692211679386,0.8817370821400128,-0.8196173422457715,-1.7455725857471245,2.062837085416107,1.9169311105316227,-0.11762153518021513,-0.27773414969304056,-0.26152280497309516,1.7576442127794303,-3.63302907119121,-2.0965574866936056,1.0901378396530386,-2.0344330552993415,0.8996356927123786,-0.8288189584201678,0.20711983765087663,-1.2554944279079854,-0.9234408928959635,1.7187288284406002,0.6531523825762201,-1.0181369714641646,0.829951462646002,-1.0981307516919216,1.48781618277161,-1.1630375312092158,0.7384136426986359,2.567997892496513,0.28039289751909385,-0.06781195149015233,-0.5212344555019852,-0.4093955819167967,1.9762181959979486,1.1941598286968107,-0.48881483642540785,0.7475226943699009,1.5286493280438747,-0.5203755373710738,1.6758462053783365,-0.06902529697514397,-2.4996430600906954
2.599719526362042,1.0325643141528558,0.5913055527228509,-0.827629571188978,0.6665023299567354,1.5112037134956515,-1.6867710284060562,-1.5163219493825524,0.12122509494553009,0.211269069796389,0.11592879841786043,-1.5594339858409763,2.9912713664583164,1.775269742890904,-0.8352534979996733,1.4806457881985446,-0.7542624135215684,0.7938415646669875,-0.1655277109214743,0.871361231685339,0.836047595788966,-1.3780162583881523,-0.4443865746336996,0.8249235706704727,-0.5540524166107684,0.913034671870385,-1.1630375312092158,0.9646524539810888,-0.6764349891446817,-2.0049385053734716,-0.22803662486641507,0.13143078744978215,0.26456639467151355,0.31141552527659977,-1.811931228819303,-0.9431491275489481,0.5286715570848622,-0.6285920996899578,-1.1996483009360757,0.4364660669297189,-1.3580266018801084,0.07199883581930769,2.0500081373812487
-1.7276395780828948,-0.7201759841255606,-0.2639181997437598,0.971127572417057,-0.5013383427814931,-1.4387490554675786,1.2706072748852233,0.8934872866783989,-0.13594517150919497,-0.2532327536074002,0.3681766780684034,1.527444307413627,-2.202785991805868,-1.3928624231213567,0.5518345386796556,-0.39705831687017046,0.8049225840699142,-1.0314877140544334,-0.0757755864414945,-0.11448471457930069,-0.7961736380833095,0.925089113492146,-0.045588669218974864,-0.6764194905577516,0.004980732293380864,-0.7622367169254456,0.7384136426986359,-0.6764349891446817,0.8100605268363521,0.9555105819873393,0.1920751370572235,-0.24262813878544554,0.47112257876740643,-0.09464998686176035,2.166683871195269,0.6057633161188011,-0.7851220838751893,0.7273460575999783,0.5559915667829675,-0.48368859270218967,0.9439652949622813,-0.1608755135009242,-1.6048437493174998
-5.564006231513473,-2.1571437295977387,-1.4974883488890078,1.1722754995086955,-1.2993648549761982,-2.5544622059666846,3.425589265772258,3.463233073537283,-0.14002070909166112,-0.2825506478144274,-0.9169897983384069,2.5521875500470443,-6.185357011136745,-3.417819701221682,1.790034848905981,-4.00319738246051,1.1802822937455468,-0.9146791655067201,0.7199592638637398,-2.5696577710667934,-1.4592609044264337,2.8538441723906316,1.37189828295009,-1.5612058364270616,1.707287212741376,-1.7110713904541315,2.567997892496513,-2.0049385053734716,0.9555105819873393,4.816449258854678,0.4944560020425493,-0.05728794841984537,-1.5597934509682168,-0.8534752474384851,2.4124094043750977,2.059568166537947,-0.5268658835473129,0.8831513515898514,2.9280589444961396,-0.6550929130478421,2.8859823252332424,0.004186875675303741,-4.108399042312348
-0.5065938271293855,-0.2336053270136618,-0.4366635253996464,0.19143723394121576,0.18041425315593615,0.11982081782477293,0.4270555284987551,0.6546335419471295,0.15268268286667852,0.19663732200666553,-0.35055710132487394,-0.14327294738979138,-1.1541782800320044,-0.01746072235939727,-0.044510743736531515,-0.2783881272055686,-0.08361903444625245,0.2887648558732678,0.8814543785738601,-0.3539613800389467,-0.361596800248298,-0.27371090377393675,-0.2645622582552803,0.1084278050334308,0.059526477204264634,0.011984181536258203,0.28039289751909385,-0.22803662486641507,0.1920751370572235,0.4944560020425493,0.4020486835737289,-0.17600719843173035,-0.5608874190971057,-0.2769787723887209,-0.3862732781516116,0.19648711344449976,-0.27958430613726903,-0.27966201193883494,0.48973646922763003,0.08219764474268557,0.4829566555972029,0.03496349956228262,-0.68570412337368
0.2066867379634054,0.12115530865989987,0.11762709625336275,-0.2975600202616009,-0.057743848307296924,0.15315681552591576,-0.23492487126105485,-0.21360035427964136,-0.025461505386956417,-0.07947035318620337,-0.05217899676853565,-0.19945483392272503,0.59543378755089,0.1485973516294938,0.07177883409050209,-0.18443800742338187,-0.05172559181949945,0.12386135756353671,-0.3262575143605052,-0.10554381728593355,0.3045887755277746,0.12278437548910083,0.2732122742295784,-0.017065630988232362,0.1805438587172246,0.05565303684634628,-0.06781195149015233,0.13143078744978215,-0.24262813878544554,-0.05728794841984537,-0.17600719843173035,0.19434066594898375,-0.07042370930081028,0.07112151400538011,-0.2783802254006694,-0.05248562082934246,0.3565210324731296,0.025286616965424332,-0.11867337216870578,0.017728813503702836,-0.2177236658101029,0.026647230079067153,0.36833455088055134
0.7734048746812138,0.2777155892910347,0.969204336419575,0.6190124965421938,-0.4281103293226656,-1.1565232710445856,-0.34771325146701954,-1.2763659745677907,-0.38055195010622167,-0.5548309900419452,1.5162579280487283,1.3337209861559969,1.353343386159594,-0.48493377784200137,0.06360808383057302,1.6862288966108328,0.7895064055218596,-1.5678285079843528,-1.8081999377759912,1.568360289188733,0.04193647977288434,0.4830977398796927,-0.2974892845639484,-0.45451127712321643,-0.872713853479209,-0.364539799852869,-0.5212344555019852,0.26456639467151355,0.47112257876740643,-1.5597934509682168,-0.5608874190971057,-0.07042370930081028,2.298517818201542,0.6826223117093095,2.7249630832974887,-0.34981333687521626,-0.502624522392764,1.102027865857885,-1.280194462983896,-0.5468788877346703,-0.6699931206167675,-0.2951955719253137,0.557968098467901
0.8109658730414198,0.3278027612146173,0.4405359050965254,-0.09644970703760546,-0.01406846184711436,0.02331468293620429,-0.5238368745377955,-0.7477499812600571,-0.09699232871386747,-0.13689560905742854,0.4357376275454166,0.006811182866457104,1.203823754303989,0.25365918158942385,-0.126891115827067,0.7031032832255338,0.045468964354354956,-0.24792751166203855,-0.6723756488913997,0.5837914862058756,0.2879041044873867,-0.08521232901509637,-0.06525744201978165,0.03098056910266952,-0.2921943934065902,0.09936472208833753,-0.4093955819167967,0.31141552527659977,-0.09464998686176035,-0.8534752474384851,-0.2769787723887209,0.07112151400538011,0.6826223117093095,0.28483336700005435,0.31661319693864726,-0.3090395694380165,0.09147504503559689,0.19305973357602685,-0.6416790856898713,-0.0545027640331683,-0.5424343060619797,-0.05749044987870485,0.7124919503096236
-4.920807149798901,-1.963104184337116,0.09838675372008945,2.701201048239536,-2.257111092675424,-5.214333600624993,3.3712424163311145,1.5925226329932176,-0.8517581337612065,-1.3899429264328507,1.9466189081530494,5.546835971393951,-4.762312071016364,-4.831332639993231,2.1498687511369465,-1.146328137112056,2.9537981657676906,-4.1324819269891195,-2.503842459194467,0.16372356814946942,-1.727418293200483,4.069041042425938,0.7747887577711999,-2.6611637155344523,0.14945797255695026,-2.6836323825884185,1.9762181959979486,-1.811931228819303,2.166683871195269,2.4124094043750977,-0.3862732781516116,-0.2783802254006694,2.7249630832974887,0.31661319693864726,8.184917735015002,1.702465407484511,-1.7720844835221736,3.175656917717798,0.8737781892566503,-1.8503573153234372,2.115859350581843,-0.6005628512080673,-3.847138488052136
-2.613785956130607,-1.0210741148383766,-0.5934765725667162,0.72976301811873,-0.6931115008214205,-1.4680564977076693,1.6647005175760523,1.5170294472396808,-0.11744157749997962,-0.24834620975189187,-0.167939597887304,1.4869938517562953,-2.8989108524606997,-1.7405841539714615,0.8962179713029775,-1.624916657321963,0.7584350043846458,-0.7306848864017476,0.0912202075090189,-0.977903004869995,-0.7431288210839581,1.4397650441124192,0.547511361091867,-0.850421354396911,0.6600779424070026,-0.9111174436079671,1.1941598286968107,-0.9431491275489481,0.6057633161188011,2.059568166537947,0.19648711344449976,-0.05248562082934246,-0.34981333687521626,-0.3090395694380165,1.702465407484511,0.9645439213430829,-0.40095833180020035,0.6446419803514921,1.2089950914996672,-0.44228162554493916,1.3382205652981405,-0.06281483276327636,-2.0070692704971
1.2095395502375208,0.5446827317048335,0.22943635080219862,-0.945226937638556,0.260810417368579,1.0991215977734394,-0.9994291990986952,-0.6923405323589547,0.07325159094320942,0.10541238961448779,-0.374372061734526,-1.2077642656427579,1.8894820693025327,1.014178170720747,-0.2612825341537006,-0.07342195238352575,-0.5973540900477535,0.8474294469113498,-0.201046004407939,-0.14138943727805747,0.8030025900383937,-0.44306785153907036,0.3527854124824205,0.41732548420898596,0.2472421095007955,0.5401619146815989,-0.48881483642540785,0.5286715570848622,-0.7851220838751893,-0.5268658835473129,-0.27958430613726903,0.3565210324731296,-0.502624522392764,0.09147504503559689,-1.7720844835221736,-0.40095833180020035,0.8920942784477686,-0.4843026402471719,-0.3780319813189265,0.3499770232930738,-0.7639834875315127,0.14636842378634668,1.3391602779167113
-1.823101401627967,-0.6971449237096506,0.14047376512746323,0.9021588756245579,-0.9553171772938917,-2.021853279352871,1.1988607361140535,0.4698807612653922,-0.359388012802486,-0.6318590559763619,0.7901652700776212,2.1193845896266192,-1.4934135524673111,-1.8418103834299975,0.9244325439154851,-0.5413641242334538,1.1827881819138375,-1.6152219822375018,-1.27369685455791,0.02488597042620675,-0.48462184019000837,1.7260321045292926,0.47879903978571003,-1.0986703584581667,0.1632184779898705,-1.052929954464712,0.7475226943699009,-0.6285920996899578,0.7273460575999783,0.8831513515898514,-0.27966201193883494,0.025286616965424332,1.102027865857885,0.19305973357602685,3.175656917717798,0.6446419803514921,-0.4843026402471719,1.337995050819007,0.2347476358016573,-0.752238765590952,0.6946464270531846,-0.23549113404423058,-1.299432941557383
-3.2562956781744377,-1.280606608392238,-1.0757367725439733,0.6638825375239009,-0.5694048533423882,-1.2082031692307997,2.0439906920092783,2.2480530034089052,0.023961301256161038,0.004169847439809577,-0.7795410270459535,1.188019200243635,-3.9382755086497094,-1.7958867960416354,0.9100366622057101,-2.3891917216169976,0.5049954800957779,-0.22499577973718476,0.9559689884296189,-1.6496636090265502,-0.9588343590995577,1.3507094938458701,0.635466392455878,-0.7334964042759178,0.9963491540609428,-0.871881438740446,1.5286493280438747,-1.1996483009360757,0.5559915667829675,2.9280589444961396,0.48973646922763003,-0.11867337216870578,-1.280194462983896,-0.6416790856898713,0.8737781892566503,1.2089950914996672,-0.3780319813189265,0.2347476358016573,1.9002434559538615,-0.25379815868315103,1.8116623345504375,0.04689939873970769,-2.5364693688037327
1.2307674385673006,0.48301896705462805,0.01489978012447011,-0.587829338009027,0.546785692196158,1.2091157483404424,-0.8253990340521438,-0.4370252142378349,0.19149957351345895,0.3522480307456135,-0.39871503091992694,-1.2629733047074412,1.1630473235699046,1.1282260706499616,-0.5608971517904747,0.4054215879816423,-0.7126035715638762,0.9193467233669088,0.5838291498510757,0.06850607753156297,0.37125462271646753,-1.0014381711542544,-0.24264529681225025,0.6510257063291703,-0.12081450456092986,0.6433660898169534,-0.5203755373710738,0.4364660669297189,-0.48368859270218967,-0.6550929130478421,0.08219764474268557,0.017728813503702836,-0.5468788877346703,-0.0545027640331683,-1.8503573153234372,-0.44228162554493916,0.3499770232930738,-0.752238765590952,-0.25379815868315103,0.4482670618421503,-0.5297628838168977,0.13482328763274057,0.9499927416255679
-3.650042160861977,-1.4535217134442413,-0.9887561936655966,1.125905847904992,-0.7919178346644097,-1.8880210323451387,2.4051955932044238,2.3034208717410416,-0.07490417457569504,-0.19443900900937944,-0.349423011870536,1.9215772171916976,-4.434331645363118,-2.302997112025301,1.0997143006455898,-2.1404902817588476,0.9429980873833723,-0.8592631724180074,0.6150192694691545,-1.3695140733947027,-1.223325610348531,1.6895068757732403,0.4962298386652849,-1.0354939209267093,0.8056858007822866,-1.183459119728424,1.6758462053783365,-1.3580266018801084,0.9439652949622813,2.8859823252332424,0.4829566555972029,-0.2177236658101029,-0.6699931206167675,-0.5424343060619797,2.115859350581843,1.3382205652981405,-0.7639834875315127,0.6946464270531846,1.8116623345504375,-0.5297628838168977,2.004352258746838,-0.07332759506965143,-2.9946564318674067
0.1918526347923629,0.07959682073138104,-0.06031187438871967,-0.19526743167996757,0.12876879673172228,0.33621464664931827,-0.15826907338757,-0.005906574854008714,0.058499080628984436,0.10697497871376649,-0.20601390679270898,-0.36086742718712217,0.18302456858219368,0.2585671383433337,-0.10769615139720329,-0.08347637704401412,-0.2107302416757222,0.31164034443704297,0.21950896296625003,-0.12184230828343098,0.0986876710610391,-0.20825161799713357,0.01701381974229201,0.1599004216751187,0.06736403919160057,0.1573570173393322,-0.06902529697514397,0.07199883581930769,-0.1608755135009242,0.004186875675303741,0.03496349956228262,0.026647230079067153,-0.2951955719253137,-0.05749044987870485,-0.6005628512080673,-0.06281483276327636,0.14636842378634668,-0.23549113404423058,0.04689939873970769,0.13482328763274057,-0.07332759506965143,0.05518545058711264,0.18388095489159956
5.491074037651903,2.2003682634602475,1.3609055912941412,-1.909465354636939,1.284567811170107,3.1543379286612745,-3.6810968107348767,-3.339240935171135,0.17791047336857935,0.4209385993157374,0.22192966569361214,-3.234555305411977,6.669917239918213,3.6288140931683546,-1.7078605305361616,2.9140218302615577,-1.6505436812046104,1.6461610047207123,-0.6522127631103932,1.7824299933274181,1.9191430579739106,-2.6531668709850305,-0.6293382435155775,1.6882108444575878,-1.036288493724923,1.9046262737242106,-2.4996430600906954,2.0500081373812487,-1.6048437493174998,-4.108399042312348,-0.68570412337368,0.36833455088055134,0.557968098467901,0.7124919503096236,-3.847138488052136,-2.0070692704971,1.3391602779167113,-1.299432941557383,-2.5364693688037327,0.9499927416255679,-2.9946564318674067,0.18388095489159956,4.5949995749912285
