V1,V2,V3,V4,V5,V6,V7,V8,V9,V10,V11,V12,V13,V14,V15,V16,V17,V18,V19,V20,V21,V22,V23,V24,V25,V26,V27,V28,V29,V30,V31,V32,V33,V34,V35,V36,V37,V38,V39,V40,V41,V42,V43,V44
11.781167848851402,-0.2552921236052052,-14.775773409477495,11.273387007386493,16.050798561081915,-50.07803344809007,-12.96308673017306,11.954737752575364,11.371327519476692,0.6714672158774525,-4.754164965656081,-12.670559641847683,13.071370778022512,-3.655728225074371,-16.93883497455262,-5.5184726353225395,45.621103367510806,-17.184732904948945,-1.8318981996204122,37.084786893278,-6.56535952864973,-0.18898887741915346,-36.00511436002456,-16.693339118931974,-24.986813914025497,5.811547844354603,-6.74103139701824,-10.273608005058714,18.83309102610813,-1.4040427360209546,-26.07726947587811,19.557769170227413,11.268540165490949,-20.44073615823798,-46.78041589348086,27.330545214606076,-42.71805855655992,-7.154740966391416,-18.404588914857662,-0.3176149122568647,3.2150106313594464,38.03109629904525,4.925283133795691,18.12597834155972
-0.2552921236052052,0.09261507694271816,0.6306001857963219,-0.35460087831614623,-0.9453038699991555,2.2279515420161906,0.5757607694494914,-0.8059506836638055,-0.6376807781499061,-0.10016807412508255,0.30852774662602295,0.35773893593695744,-0.7286771886597186,-0.04988687213461012,0.8695766499704518,0.5561735624043829,-2.0291187275973352,0.681936941512979,0.389391360162722,-1.474739335649717,0.07675640181793716,0.010129485065462008,1.3037016394570824,0.472156473463734,0.9904982485764127,-0.1284125688272855,0.41457658747434595,0.5041964260457388,-0.7448458864136593,0.36416629867983724,0.7591943427031816,-0.9363333135009033,-0.5536995345461628,0.837695763351312,1.4256103757426752,-1.1257539192851587,1.9228628502360774,0.33776424744756395,0.7659093322174153,0.045451435031863816,-0.10833266695135481,-1.721067863577623,-0.01352997482688739,-0.6714533827107674
-14.775773409477495,0.6306001857963219,19.64901041351803,-14.536825643736002,-22.27688171647541,66.91184593015866,17.316120787694498,-16.956388720325204,-15.669319106777916,-1.1488110124457955,6.6981577098865595,16.190521971062285,-17.99660773867257,4.121133864207781,23.050701981560074,8.490440352712193,-60.95376090124427,22.665930364140845,3.5554674560079307,-48.92307573665565,7.997513854490812,0.2605146271388397,47.03933869544064,21.337148938338068,32.94896113187336,-7.296795851976703,9.418902527698238,13.898004556628655,-24.827992562513245,2.9592384248488015,33.401380997055185,-26.372164580487908,-15.246915948256936,27.05384859599203,60.151196434951764,-36.191833711608815,57.16207285835095,9.630400041912786,24.39927255406942,0.5367220512409786,-4.1711208025803,-50.919568390470204,-5.842708572360712,-23.73362080524463
11.273387007386493,-0.35460087831614623,-14.536825643736002,10.929776089813624,16.122958534169534,-49.38037608345698,-12.780841177067403,12.1383201644274,11.38266704230745,0.7513418329841911,-4.81043928252621,-12.231252478377602,13.078482764059903,-3.3332034735966194,-16.851860336611466,-5.838919949965672,44.984779265120665,-16.840566015359947,-2.2006361875881484,36.344882391696885,-6.197959803013708,-0.18954312776690765,-35.12412958437997,-16.116958551589597,-24.482796142969146,5.563881744854563,-6.793516320301488,-10.191195579930232,18.450952777837873,-1.769560016175297,-25.20068277785525,19.371127340108163,11.179643811070628,-20.064076589689186,-45.29115114016134,26.833279745286923,-42.1534517127116,-7.079929349471699,-18.079596009838745,-0.3533188131452144,3.1259792803556214,37.538499782376064,4.5941423563003285,17.700550081005563
16.050798561081915,-0.9453038699991555,-22.27688171647541,16.122958534169534,25.992571722897434,-76.11501246266,-19.69464415899881,20.060377038939954,18.197052100753837,1.5044824451690562,-7.891512114956674,-17.83731931878751,20.88753909626425,-4.0895248713001555,-26.548354740108888,-10.533119059457826,69.33569690723164,-25.55139433320964,-4.912767852365087,55.159604336024394,-8.490409982198672,-0.3019117691527845,-52.67022355318589,-23.511079276392852,-37.1382259963662,7.933636979732599,-11.037177702711693,-15.942801038936322,27.97978084804367,-4.215155597479767,-36.86531809906144,30.1863670444555,17.492352108347873,-30.57254586491422,-66.57803735202515,40.91513877017755,-65.08852345595044,-11.009590508830478,-27.605020912902944,-0.6988392992561918,4.647251264779583,58.00417783412429,6.067535838090706,26.617403016042655
-50.07803344809007,2.2279515420161906,66.91184593015866,-49.38037608345698,-76.11501246266,227.9541882834203,58.99141796225372,-58.032508250846,-53.506929161494384,-3.9828619773581346,22.915126091996864,54.9574691950522,-61.45035754541088,13.834251523652643,78.63857467470675,29.22427049811789,-207.6554300621802,77.13620548083824,12.407982947039091,-166.50014185918462,27.039659696797393,0.8872848124448063,159.96273510455828,72.42614107811274,112.13471460189763,-24.73294661669357,32.198729268547794,47.39222468963231,-84.49474859632916,10.373604696067355,113.40543566806437,-89.90530404160947,-51.991218839355184,92.09797210678465,204.28770985237205,-123.21237065107377,194.75629540059384,32.82613521159569,83.07268588169879,1.8582426435376984,-14.176336881628945,-173.49950631737556,-19.705551423377404,-80.72530895807976
-12.96308673017306,0.5757607694494914,17.316120787694498,-12.780841177067403,-19.69464415899881,58.99141796225372,15.266492085840415,-15.014503847790145,-13.845131586962005,-1.0297236720345173,5.928910418813869,14.225191025217864,-15.900351453724143,3.5830882191651563,20.349297074874535,7.558584007499719,-53.73874139461312,19.963045016609627,3.2069130728836908,-43.09023620113514,7.000303741887842,0.2296752874397987,41.40013694309718,18.746365956733523,29.020670580027183,-6.402497833222705,8.33110466459995,12.263554473849426,-21.867505206409472,2.680480352036831,29.353116558309818,-23.26541888046284,-13.453910526917262,23.83464964998965,52.87575550161315,-31.886990935582272,50.39990054605682,8.494814534230096,21.49911819581629,0.4806936457154659,-3.66917159893301,-44.899011844208374,-5.102398060930622,-20.892499127231407
11.954737752575364,-0.8059506836638055,-16.956388720325204,12.1383201644274,20.060377038939954,-58.032508250846,-15.014503847790145,15.584283890812163,14.012272353680133,1.221447402449229,-6.119034017149837,-13.38267131350745,16.079959908975162,-2.8937886413126166,-20.362296667652874,-8.357698854034966,52.863238440307065,-19.393453723444377,-4.06856494424383,41.87103873822003,-6.247299997886534,-0.2317441626897048,-39.843962728969174,-17.64000173843345,-28.1886301877185,5.9113047788729824,-8.53591721107269,-12.205254902260146,21.235325874772183,-3.5318594719609977,-27.68575171406177,23.08475193827715,13.391422708114376,-23.234451912733178,-50.071542189321136,31.100273751070528,-49.6480830196547,-8.413694015073881,-20.991533678442295,-0.5651336459464956,3.5063154119999678,44.25570121890039,4.409107493436,20.152053966740475
11.371327519476692,-0.6376807781499061,-15.669319106777916,11.38266704230745,18.197052100753837,-53.506929161494384,-13.845131586962005,14.012272353680133,12.750364180335794,1.0341026245940097,-5.514801439035706,-12.606767501369749,14.63613733268977,-2.9447115675450632,-18.62568720545029,-7.30251591708862,48.74180193585288,-17.989942993986006,-3.353830946549913,38.83385157596691,-6.038219194125235,-0.21229164721027646,-37.12436964903309,-16.617024255372733,-26.1456070921904,5.6199121663395575,-7.7210858218926255,-11.1920434992999,19.698728692056083,-2.863326948274487,-26.045973159792354,21.19931827588309,12.280173652578794,-21.51478008876824,-47.01764988785006,28.79128483523683,-45.74949043292821,-7.732964518391341,-19.422396021607888,-0.4814208153428188,3.2785526750490352,40.76551415432122,4.3330738052728766,18.755123773772414
0.6714672158774525,-0.10016807412508255,-1.1488110124457955,0.7513418329841911,1.5044824451690562,-3.9828619773581346,-1.0297236720345173,1.221447402449229,1.0341026245940097,0.12333205859685596,-0.4739898535751166,-0.8040326191833597,1.1849743231994978,-0.08046905261653596,-1.461043666472288,-0.7457964241100098,3.6273327222205842,-1.2845330274840032,-0.44943365059259527,2.776503949483408,-0.3099267417985544,-0.01662488156980295,-2.5686382351299404,-1.0602463820319123,-1.8679868683510503,0.3334225519927078,-0.6495226461222336,-0.863994376257135,1.4061390917021865,-0.4101844646688451,-1.6782759141041268,1.6205851417888124,0.9477229818076145,-1.5552368864263175,-3.0728703272533036,2.084746355480245,-3.4190943966299803,-0.5881120700791638,-1.4114892645761707,-0.05571469285586569,0.2211228491037392,3.053491709328502,0.1882964397104183,1.308418359371365
-4.754164965656081,0.30852774662602295,6.6981577098865595,-4.81043928252621,-7.891512114956674,22.915126091996864,5.928910418813869,-6.119034017149837,-5.514801439035706,-0.4739898535751166,2.4058484034168672,5.309770114053726,-6.330098732263584,1.1689503325074575,8.02480619548033,3.2620574218400127,-20.873513648441012,7.667149047327674,1.566884243167249,-16.554399860379462,2.494684453972679,0.09023396177978464,15.768779920694234,6.99822747283689,11.147573640465378,-2.349994819145029,3.3566947292287463,4.813602240152023,-8.397619477420362,1.3579011372221348,10.98323577654734,-9.105981895060376,-5.280452307721972,9.183541473530793,19.853158583918336,-12.292739710766867,19.600271632169775,3.320246021923409,8.295794710875104,0.21862016407693383,-1.3885112410958975,-17.471710855250993,-1.7661343691367202,-7.974735910506116
-12.670559641847683,0.35773893593695744,16.190521971062285,-12.231252478377602,-17.83731931878751,54.9574691950522,14.225191025217864,-13.38267131350745,-12.606767501369749,-0.8040326191833597,5.309770114053726,13.707841936219868,-14.487114103689175,3.8077633724308066,18.70157051760508,6.355190440893508,-50.065829569167256,18.780521044994074,2.3068874761823395,-40.53008697408595,6.997596333606349,0.20990684869990492,39.227659630588434,18.061358570355182,27.30449733436517,-6.252589368127727,7.508160360901325,11.320194295574268,-20.578335659132822,1.8307332872949604,28.232219897464137,-21.527797546321324,-12.417677507752222,22.363360847189334,50.708582472800025,-29.906052200145794,46.90334002542322,7.870953012338041,20.14657549005154,0.37887755825952973,-3.494951747807142,-41.76468340495432,-5.207734853087656,-19.762300011587225
13.071370778022512,-0.7286771886597186,-17.99660773867257,13.078482764059903,20.88753909626425,-61.45035754541088,-15.900351453724143,16.079959908975162,14.63613733268977,1.1849743231994978,-6.330098732263584,-14.487114103689175,16.802167622030467,-3.3907790637434214,-21.384731112746618,-8.373611128493618,55.977151267051845,-20.663440564959295,-3.837342429935964,44.60610288154006,-6.944729378258105,-0.24316313675505288,-42.647840670454904,-19.095491530093476,-30.033522505170836,6.459538772800365,-8.862681644688424,-12.851953914080532,22.627897145476755,-3.2762436438511573,-29.930976106069096,24.343173512775483,14.1004329656155,-24.712238668657058,-54.02630056295729,33.06995300581848,-52.53961883235959,-8.88043122876346,-22.308345269844146,-0.5508157500505838,3.766383872301813,46.816632361567365,4.984784135347933,21.545715930880736
-3.655728225074371,-0.04988687213461012,4.121133864207781,-3.3332034735966194,-4.0895248713001555,13.834251523652643,3.5830882191651563,-2.8937886413126166,-2.9447115675450632,-0.08046905261653596,1.1689503325074575,3.8077633724308066,-3.3907790637434214,1.3275262566402548,4.506803899616365,1.0604077303855353,-12.604414544815455,4.870917784342962,0.04669141018622075,-10.50600043865782,2.134953739916724,0.04945538370943801,10.391276486743603,5.01459278399622,7.083422749128742,-1.8002610252669595,1.6909101062161218,2.767009884910674,-5.341629571961293,-0.06280502610917213,7.802281295068289,-5.303613942217945,-3.0345220330754747,5.753698631500202,13.90152216835667,-7.685077131736587,11.767105206990552,1.9474563773440117,5.1637435645037835,0.0416395280025529,-0.9402820165755134,-10.46249839016029,-1.6678046479788924,-5.208810072554023
-16.93883497455262,0.8695766499704518,23.050701981560074,-16.851860336611466,-26.548354740108888,78.63857467470675,20.349297074874535,-20.362296667652874,-18.62568720545029,-1.461043666472288,8.02480619548033,18.70157051760508,-21.384731112746618,4.506803899616365,27.275802461786345,10.471074877729032,-71.63538423588248,26.508140135149727,4.668282410754179,-57.21994205228345,9.05672923426306,0.309650000125145,54.8111404112692,24.648920975525943,38.52987865629069,-8.369460194683093,11.251055458066995,16.408281485446178,-29.030625472633073,3.9555464518478605,38.61800671344576,-31.09963618280111,-18.003236837295997,31.680977331144607,69.65298818950404,-42.39087873941204,67.21698620655795,11.349414799541119,28.590801151192625,0.6812336573543263,-4.847609190088945,-59.888938689187114,-6.541332593800097,-27.67859600982306
-5.5184726353225395,0.5561735624043829,8.490440352712193,-5.838919949965672,-10.533119059457826,29.22427049811789,7.558584007499719,-8.357698854034966,-7.30251591708862,-0.7457964241100098,3.2620574218400127,6.355190440893508,-8.373611128493618,1.0604077303855353,10.471074877729032,4.790550974448349,-26.618863236941806,9.612401318849988,2.6241838001700604,-20.75858684329091,2.7435755194527887,0.12048979741096995,19.508520075100254,8.381031406907374,13.969064256303147,-2.7328897370631737,4.513064182796089,6.23558219965347,-10.519535591694073,2.3423443686225314,13.193076940936562,-11.749544248939882,-6.842847925561559,11.566146216778703,23.991348270498555,-15.49244389935069,25.04619127254865,4.274689906752357,10.47093606495484,0.3426331790719439,-1.7008167073245004,-22.340860715571385,-1.8364111509821766,-9.89626831519958
45.621103367510806,-2.0291187275973352,-60.95376090124427,44.984779265120665,69.33569690723164,-207.6554300621802,-53.73874139461312,52.863238440307065,48.74180193585288,3.6273327222205842,-20.873513648441012,-50.065829569167256,55.977151267051845,-12.604414544815455,-71.63538423588248,-26.618863236941806,189.1651498795027,-70.26867258679364,-11.30049048225417,151.67550952566077,-24.633425880548657,-0.8085705025731519,-145.72174296227647,-65.97893306713289,-102.15030018624579,22.53186820329784,-29.33056368911444,-43.17144872890323,76.97166155220373,-9.446714911793384,-103.31040747870665,81.89931680710349,47.361161180401965,-83.89741446770253,-186.10285403362295,112.24144335507704,-177.41371206840998,-29.902627980824054,-75.67604446068059,-1.6927674459385584,12.914371905454209,158.04976056238087,17.95280480598073,73.53813565296043
-17.184732904948945,0.681936941512979,22.665930364140845,-16.840566015359947,-25.55139433320964,77.13620548083824,19.963045016609627,-19.393453723444377,-17.989942993986006,-1.2845330274840032,7.667149047327674,18.780521044994074,-20.663440564959295,4.870917784342962,26.508140135149727,9.612401318849988,-70.26867258679364,26.176560445766164,3.925851666364618,-56.497335839134216,9.340437679042077,0.2993123542671064,54.394944087451854,24.7491900187088,38.05128815830074,-8.485616833373042,10.793356673711914,15.994647001250803,-28.67401456348589,3.2409232453822883,38.73077026764661,-30.36431825304474,-17.54684051557273,31.227926341457877,69.71130606077361,-41.77298784099459,65.8838476275977,11.090680547232582,28.157521928032864,0.6017208363658382,-4.828318875851093,-58.683259703812595,-6.851498036283163,-27.436034019548902
-1.8318981996204122,0.389391360162722,3.5554674560079307,-2.2006361875881484,-4.912767852365087,12.407982947039091,3.2069130728836908,-4.06856494424383,-3.353830946549913,-0.44943365059259527,1.566884243167249,2.3068874761823395,-3.837342429935964,0.04669141018622075,4.668282410754179,2.6241838001700604,-11.30049048225417,3.925851666364618,1.702484474309662,-8.482403262804924,0.7537399763421239,0.05598534971148809,7.717430061009499,3.0466820343754732,5.697454247908474,-0.913335665328472,2.1335310534404184,2.737574448766749,-4.287357780624518,1.5663253357380043,4.837273372830978,-5.116136817252643,-3.006791248273872,4.773640333207514,8.939832474639154,-6.404841120652042,10.679683186316497,1.8523242623956366,4.343632466405113,0.2058066348973463,-0.6567375701139598,-9.539356255969276,-0.38990904470681353,-3.9442211090641974
37.084786893278,-1.474739335649717,-48.92307573665565,36.344882391696885,55.159604336024394,-166.50014185918462,-43.09023620113514,41.87103873822003,38.83385157596691,2.776503949483408,-16.554399860379462,-40.53008697408595,44.60610288154006,-10.50600043865782,-57.21994205228345,-20.75858684329091,151.67550952566077,-56.497335839134216,-8.482403262804924,121.9442735491563,-20.156145443367006,-0.6447692049964189,-117.40092018201531,-53.4102167697379,-82.13245851851188,18.311533243496264,-23.30167662389894,-34.52626678727534,61.8913986722796,-7.006999077285892,-83.58908465130808,65.54274136356482,37.8757020703136,-67.40461229888184,-150.45110287616964,90.16613721859395,-142.20929390956857,-23.939455402781494,-60.777538527423616,-1.2986663405486443,10.420247425152805,126.67059903415887,14.781431969300737,59.21721085998888
-6.56535952864973,0.07675640181793716,7.997513854490812,-6.197959803013708,-8.490409982198672,27.039659696797393,7.000303741887842,-6.247299997886534,-6.038219194125235,-0.3099267417985544,2.494684453972679,6.997596333606349,-6.944729378258105,2.134953739916724,9.05672923426306,2.7435755194527887,-24.633425880548657,9.340437679042077,0.7537399763421239,-20.156145443367006,3.7097821194120137,0.09979115734125016,19.66634118537463,9.217336663475187,13.585289814957802,-3.2366893590885035,3.5529088571753467,5.511031248686061,-10.240588363989312,0.5298560424656706,14.386088555989387,-10.508652193309434,-6.043464532719074,11.092021101192028,25.756732076852774,-14.826461976590812,23.046515065864195,3.8480294981086485,9.978481844466877,0.1471827479665683,-1.7619126287718028,-20.513153744359872,-2.815017383555678,-9.890087506856485
-0.18898887741915346,0.010129485065462008,0.2605146271388397,-0.18954312776690765,-0.3019117691527845,0.8872848124448063,0.2296752874397987,-0.2317441626897048,-0.21229164721027646,-0.01662488156980295,0.09023396177978464,0.20990684869990492,-0.24316313675505288,0.04945538370943801,0.309650000125145,0.12048979741096995,-0.8085705025731519,0.2993123542671064,0.05598534971148809,-0.6447692049964189,0.09979115734125016,0.004381561555004963,0.6169799893234328,0.2771512305020408,0.43283731119828367,-0.0936846299547541,0.1277171872361206,0.18554146680402273,-0.32631205025396604,0.04648019962730493,0.4319379956414966,-0.3522081197803634,-0.20431353508527222,0.3567518874135566,0.7810390423520984,-0.47691368207900103,0.7599151881114856,0.12841686378095088,0.32193993968824275,0.008425379165877782,-0.05465320901155768,-0.6757960167878675,-0.07260654309412863,-0.31103993939567026
-36.00511436002456,1.3037016394570824,47.03933869544064,-35.12412958437997,-52.67022355318589,159.96273510455828,41.40013694309718,-39.843962728969174,-37.12436964903309,-2.5686382351299404,15.768779920694234,39.227659630588434,-42.647840670454904,10.391276486743603,54.8111404112692,19.508520075100254,-145.72174296227647,54.394944087451854,7.717430061009499,-117.40092018201531,19.66634118537463,0.6169799893234328,113.20989088259232,51.69191923130632,79.07787890038895,-17.774800505993404,22.226131666383818,33.10396394761167,-59.59199996535318,6.3093489377354075,80.86873540872543,-62.87675953836081,-36.31515226976339,64.85849032010199,145.46229204896275,-86.75187884926612,136.59418285554133,22.97207883224802,58.46568633670598,1.2041415134814661,-10.059873145078939,-121.65714581798713,-14.489057722731117,-57.08120902465064
-16.693339118931974,0.472156473463734,21.337148938338068,-16.116958551589597,-23.511079276392852,72.42614107811274,18.746365956733523,-17.64000173843345,-16.617024255372733,-1.0602463820319123,6.99822747283689,18.061358570355182,-19.095491530093476,5.01459278399622,24.648920975525943,8.381031406907374,-65.97893306713289,24.7491900187088,3.0466820343754732,-53.4102167697379,9.217336663475187,0.2771512305020408,51.69191923130632,23.799510355075018,35.98008478067173,-8.23765082531255,9.89634700828331,14.919527029187762,-27.116529987492857,2.4173805806650677,37.19816626493128,-28.37245591222288,-16.366713883723097,29.469992405717985,66.81495975371507,-39.40942851389487,61.81415355236485,10.373709703654923,26.548326092206675,0.5001334000625757,-4.605598885696321,-55.039982093587305,-6.859931646034795,-26.041039957145134
-24.986813914025497,0.9904982485764127,32.94896113187336,-24.482796142969146,-37.1382259963662,112.13471460189763,29.020670580027183,-28.1886301877185,-26.1456070921904,-1.8679868683510503,11.147573640465378,27.30449733436517,-30.033522505170836,7.083422749128742,38.52987865629069,13.969064256303147,-102.15030018624579,38.05128815830074,5.697454247908474,-82.13245851851188,13.585289814957802,0.43283731119828367,79.07787890038895,35.98008478067173,55.323033195736436,-12.336796773662705,15.689507126851016,23.2507664326179,-41.68848619417845,4.709088383083574,56.31360412826336,-44.137757608104316,-25.505214279016965,45.3993229550778,101.35244189915777,-60.73003186373072,95.77196471755498,16.122251911334974,40.93577075532071,0.8722159308799463,-7.018455306096177,-85.31062049578644,-9.96216615070627,-39.88812921208195
5.811547844354603,-0.1284125688272855,-7.296795851976703,5.563881744854563,7.933636979732599,-24.73294661669357,-6.402497833222705,5.9113047788729824,5.6199121663395575,0.3334225519927078,-2.349994819145029,-6.252589368127727,6.459538772800365,-1.8002610252669595,-8.369460194683093,-2.7328897370631737,22.53186820329784,-8.485616833373042,-0.913335665328472,18.311533243496264,-3.2366893590885035,-0.0936846299547541,-17.774800505993404,-8.23765082531255,-12.336796773662705,2.867685297927123,-3.331879314904748,-5.074847146445901,9.298801824744944,-0.7009692304086709,-12.868551021868434,9.661169140261977,5.566728158142322,-10.093748867557533,-23.0869998350817,13.495691168607209,-21.098571109766414,-3.5340877476774164,-9.08880558050183,-0.15825968401821452,1.5871947359227647,18.783497530859297,2.4276116005039112,8.94859712791549
-6.74103139701824,0.41457658747434595,9.418902527698238,-6.793516320301488,-11.037177702711693,32.198729268547794,8.33110466459995,-8.53591721107269,-7.7210858218926255,-0.6495226461222336,3.3566947292287463,7.508160360901325,-8.862681644688424,1.6909101062161218,11.251055458066995,4.513064182796089,-29.33056368911444,10.793356673711914,2.1335310534404184,-23.30167662389894,3.5529088571753467,0.1277171872361206,22.226131666383818,9.89634700828331,15.689507126851016,-3.331879314904748,4.690460828054619,6.7532745800672584,-11.8199163779124,1.838862693050371,15.522612173484086,-12.781532371903147,-7.408999423655254,12.920103341570135,28.045119349706106,-17.292186819319536,27.53796520217891,4.66113296529865,11.668171680485097,0.30068594714228786,-1.959187767332048,-24.54318830658671,-2.5287268096943603,-11.235637641311047
-10.273608005058714,0.5041964260457388,13.898004556628655,-10.191195579930232,-15.942801038936322,47.39222468963231,12.263554473849426,-12.205254902260146,-11.1920434992999,-0.863994376257135,4.813602240152023,11.320194295574268,-12.851953914080532,2.767009884910674,16.408281485446178,6.23558219965347,-43.17144872890323,15.994647001250803,2.737574448766749,-34.52626678727534,5.511031248686061,0.18554146680402273,33.10396394761167,14.919527029187762,23.2507664326179,-5.074847146445901,6.7532745800672584,9.878181000696351,-17.518884754085377,2.311558397427847,23.37183838040422,-18.72589134249207,-10.836013304557746,19.110576146013003,42.13607569929447,-25.569839212841213,40.50255198054276,6.834573096811299,17.243379993776127,0.4018914023543662,-2.9292675453702532,-36.0859687978009,-3.9910106131799328,-16.71377431971292
18.83309102610813,-0.7448458864136593,-24.827992562513245,18.450952777837873,27.97978084804367,-84.49474859632916,-21.867505206409472,21.235325874772183,19.698728692056083,1.4061390917021865,-8.397619477420362,-20.578335659132822,22.627897145476755,-5.341629571961293,-29.030625472633073,-10.519535591694073,76.97166155220373,-28.67401456348589,-4.287357780624518,61.8913986722796,-10.240588363989312,-0.32631205025396604,-59.59199996535318,-27.116529987492857,-41.68848619417845,9.298801824744944,-11.8199163779124,-17.518884754085377,31.41464462321916,-3.5424256926616344,-42.440650929547004,33.25734046604256,19.21732936983836,-34.210421101133534,-76.38304000555944,45.76248747158417,-72.16487958886664,-12.14776788127058,-30.846933406334003,-0.6567923941993737,5.289185815603394,64.28200390241206,7.510640539787191,30.05877347692631
-1.4040427360209546,0.36416629867983724,2.9592384248488015,-1.769560016175297,-4.215155597479767,10.373604696067355,2.680480352036831,-3.5318594719609977,-2.863326948274487,-0.4101844646688451,1.3579011372221348,1.8307332872949604,-3.2762436438511573,-0.06280502610917213,3.9555464518478605,2.3423443686225314,-9.446714911793384,3.2409232453822883,1.5663253357380043,-7.006999077285892,0.5298560424656706,0.04648019962730493,6.3093489377354075,2.4173805806650677,4.709088383083574,-0.7009692304086709,1.838862693050371,2.311558397427847,-3.5424256926616344,1.455482545291044,3.8557245269633222,-4.307613582705358,-2.5371723956930046,3.958152912212285,7.162736819492819,-5.312886389126986,8.936825892714863,1.5577039064658513,3.607664853882682,0.1856265278374412,-0.5316821371522282,-7.990967448809835,-0.2269376230989526,-3.234517595313595
-26.07726947587811,0.7591943427031816,33.401380997055185,-25.20068277785525,-36.86531809906144,113.40543566806437,29.353116558309818,-27.68575171406177,-26.045973159792354,-1.6782759141041268,10.98323577654734,28.232219897464137,-29.930976106069096,7.802281295068289,38.61800671344576,13.193076940936562,-103.31040747870665,38.73077026764661,4.837273372830978,-83.58908465130808,14.386088555989387,0.4319379956414966,80.86873540872543,37.19816626493128,56.31360412826336,-12.868551021868434,15.522612173484086,23.37183838040422,-42.440650929547004,3.8557245269633222,58.15659887817832,-44.43816856536736,-25.635506704794253,46.12934439434323,104.46969050636926,-61.68986900354347,96.78851818766336,16.245710377831255,41.55944956211982,0.7885276674316266,-7.202416273945443,-86.18946177108997,-10.692641027718462,-40.74547005002705
19.557769170227413,-0.9363333135009033,-26.372164580487908,19.371127340108163,30.1863670444555,-89.90530404160947,-23.26541888046284,23.08475193827715,21.19931827588309,1.6205851417888124,-9.105981895060376,-21.527797546321324,24.343173512775483,-5.303613942217945,-31.09963618280111,-11.749544248939882,81.89931680710349,-30.36431825304474,-5.116136817252643,65.54274136356482,-10.508652193309434,-0.3522081197803634,-62.87675953836081,-28.37245591222288,-44.137757608104316,9.661169140261977,-12.781532371903147,-18.72589134249207,33.25734046604256,-4.307613582705358,-44.43816856536736,35.50836312587751,20.54431279210652,-36.27166606821198,-80.1009570627133,48.52917960439183,-76.83034908284236,-12.961101435436191,-32.72558818533353,-0.7556007065033014,5.566343224747918,68.44977672780267,7.624602445446291,31.740848535482836
11.268540165490949,-0.5536995345461628,-15.246915948256936,11.179643811070628,17.492352108347873,-51.991218839355184,-13.453910526917262,13.391422708114376,12.280173652578794,0.9477229818076145,-5.280452307721972,-12.417677507752222,14.1004329656155,-3.0345220330754747,-18.003236837295997,-6.842847925561559,47.361161180401965,-17.54684051557273,-3.006791248273872,37.8757020703136,-6.043464532719074,-0.20431353508527222,-36.31515226976339,-16.366713883723097,-25.505214279016965,5.566728158142322,-7.408999423655254,-10.836013304557746,19.21732936983836,-2.5371723956930046,-25.635506704794253,20.54431279210652,11.889569326528225,-20.963992465841752,-46.220179416076604,28.04955963387277,-44.434427334780914,-7.498810630160751,-18.916017108591475,-0.4421694813774252,3.2139044006693807,39.587696523449594,4.377958643531507,18.334370583023993
-20.44073615823798,0.837695763351312,27.05384859599203,-20.064076589689186,-30.57254586491422,92.09797210678465,23.83464964998965,-23.234451912733178,-21.51478008876824,-1.5552368864263175,9.183541473530793,22.363360847189334,-24.712238668657058,5.753698631500202,31.680977331144607,11.566146216778703,-83.89741446770253,31.227926341457877,4.773640333207514,-67.40461229888184,11.092021101192028,0.3567518874135566,64.85849032010199,29.469992405717985,45.3993229550778,-10.093748867557533,12.920103341570135,19.110576146013003,-34.210421101133534,3.958152912212285,46.12934439434323,-36.27166606821198,-20.963992465841752,37.26561072883204,83.04391215038326,-49.850513493070686,78.66666223057018,13.2469602559675,33.60492493402251,0.726374533368946,-5.754185885263424,-70.07512321005271,-8.120366677812918,-32.719488958016086
-46.78041589348086,1.4256103757426752,60.151196434951764,-45.29115114016134,-66.57803735202515,204.28770985237205,52.87575550161315,-50.071542189321136,-47.01764988785006,-3.0728703272533036,19.853158583918336,50.708582472800025,-54.02630056295729,13.90152216835667,69.65298818950404,23.991348270498555,-186.10285403362295,69.71130606077361,8.939832474639154,-150.45110287616964,25.756732076852774,0.7810390423520984,145.46229204896275,66.81495975371507,101.35244189915777,-23.0869998350817,28.045119349706106,42.13607569929447,-76.38304000555944,7.162736819492819,104.46969050636926,-80.1009570627133,-46.220179416076604,83.04391215038326,187.7161416161331,-111.06073003060168,174.37374423558865,29.279756523632475,74.82537170930436,1.444255056194873,-12.94995782078801,-155.2817516644247,-19.11378725824656,-73.29991626936201
27.330545214606076,-1.1257539192851587,-36.191833711608815,26.833279745286923,40.91513877017755,-123.21237065107377,-31.886990935582272,31.100273751070528,28.79128483523683,2.084746355480245,-12.292739710766867,-29.906052200145794,33.06995300581848,-7.685077131736587,-42.39087873941204,-15.49244389935069,112.24144335507704,-41.77298784099459,-6.404841120652042,90.16613721859395,-14.826461976590812,-0.47691368207900103,-86.75187884926612,-39.40942851389487,-60.73003186373072,13.495691168607209,-17.292186819319536,-25.569839212841213,45.76248747158417,-5.312886389126986,-61.68986900354347,48.52917960439183,28.04955963387277,-49.850513493070686,-111.06073003060168,66.6874856732812,-105.24456656002106,-17.723671119110254,-44.954494643924285,-0.9734692242755346,7.696172411218081,93.7505850342446,10.85149751566842,43.765441714454504
-42.71805855655992,1.9228628502360774,57.16207285835095,-42.1534517127116,-65.08852345595044,194.75629540059384,50.39990054605682,-49.6480830196547,-45.74949043292821,-3.4190943966299803,19.600271632169775,46.90334002542322,-52.53961883235959,11.767105206990552,67.21698620655795,25.04619127254865,-177.41371206840998,65.8838476275977,10.679683186316497,-142.20929390956857,23.046515065864195,0.7599151881114856,136.59418285554133,61.81415355236485,95.77196471755498,-21.098571109766414,27.53796520217891,40.50255198054276,-72.16487958886664,8.936825892714863,96.78851818766336,-76.83034908284236,-44.434427334780914,78.66666223057018,174.37374423558865,-105.24456656002106,166.40226901466457,28.051320546908233,70.96003793875107,1.5960635052859542,-12.10360219658641,-148.23888329869408,-16.785326495665714,-68.93479683795697
-7.154740966391416,0.33776424744756395,9.630400041912786,-7.079929349471699,-11.009590508830478,32.82613521159569,8.494814534230096,-8.413694015073881,-7.732964518391341,-0.5881120700791638,3.320246021923409,7.870953012338041,-8.88043122876346,1.9474563773440117,11.349414799541119,4.274689906752357,-29.902627980824054,11.090680547232582,1.8523242623956366,-23.939455402781494,3.8480294981086485,0.12841686378095088,22.97207883224802,10.373709703654923,16.122251911334974,-3.5340877476774164,4.66113296529865,6.834573096811299,-12.14776788127058,1.5577039064658513,16.245710377831255,-12.961101435436191,-7.498810630160751,13.2469602559675,29.279756523632475,-17.723671119110254,28.051320546908233,4.732359115276578,11.951445370940666,0.2743565698268439,-2.0341824607940024,-24.990702857598407,-2.7945717172686115,-11.596327657886972
-18.404588914857662,0.7659093322174153,24.39927255406942,-18.079596009838745,-27.605020912902944,83.07268588169879,21.49911819581629,-20.991533678442295,-19.422396021607888,-1.4114892645761707,8.295794710875104,20.14657549005154,-22.308345269844146,5.1637435645037835,28.590801151192625,10.47093606495484,-75.67604446068059,28.157521928032864,4.343632466405113,-60.777538527423616,9.978481844466877,0.32193993968824275,58.46568633670598,26.548326092206675,40.93577075532071,-9.08880558050183,11.668171680485097,17.243379993776127,-30.846933406334003,3.607664853882682,41.55944956211982,-32.72558818533353,-18.916017108591475,33.60492493402251,74.82537170930436,-44.954494643924285,70.96003793875107,11.951445370940666,30.305989528492862,0.6592220756706788,-5.186026524019115,-63.212065576236654,-7.299362632846387,-29.496696729149654
-0.3176149122568647,0.045451435031863816,0.5367220512409786,-0.3533188131452144,-0.6988392992561918,1.8582426435376984,0.4806936457154659,-0.5651336459464956,-0.4814208153428188,-0.05571469285586569,0.21862016407693383,0.37887755825952973,-0.5508157500505838,0.0416395280025529,0.6812336573543263,0.3426331790719439,-1.6927674459385584,0.6017208363658382,0.2058066348973463,-1.2986663405486443,0.1471827479665683,0.008425379165877782,1.2041415134814661,0.5001334000625757,0.8722159308799463,-0.15825968401821452,0.30068594714228786,0.4018914023543662,-0.6567923941993737,0.1856265278374412,0.7885276674316266,-0.7556007065033014,-0.4421694813774252,0.726374533368946,1.444255056194873,-0.9734692242755346,1.5960635052859542,0.2743565698268439,0.6592220756706788,0.02652608806559415,-0.10435273012315603,-1.4237243904036747,-0.09198049943076764,-0.6123290806328563
3.2150106313594464,-0.10833266695135481,-4.1711208025803,3.1259792803556214,4.647251264779583,-14.176336881628945,-3.66917159893301,3.5063154119999678,3.2785526750490352,0.2211228491037392,-1.3885112410958975,-3.494951747807142,3.766383872301813,-0.9402820165755134,-4.847609190088945,-1.7008167073245004,12.914371905454209,-4.828318875851093,-0.6567375701139598,10.420247425152805,-1.7619126287718028,-0.05465320901155768,-10.059873145078939,-4.605598885696321,-7.018455306096177,1.5871947359227647,-1.959187767332048,-2.9292675453702532,5.289185815603394,-0.5316821371522282,-7.202416273945443,5.566343224747918,3.2139044006693807,-5.754185885263424,-12.94995782078801,7.696172411218081,-12.10360219658641,-2.0341824607940024,-5.186026524019115,-0.10435273012315603,0.8949745689446822,10.778635771691773,1.3028567096139132,5.070655307972959
38.03109629904525,-1.721067863577623,-50.919568390470204,37.538499782376064,58.00417783412429,-173.49950631737556,-44.899011844208374,44.25570121890039,40.76551415432122,3.053491709328502,-17.471710855250993,-41.76468340495432,46.816632361567365,-10.46249839016029,-59.888938689187114,-22.340860715571385,158.04976056238087,-58.683259703812595,-9.539356255969276,126.67059903415887,-20.513153744359872,-0.6757960167878675,-121.65714581798713,-55.039982093587305,-85.31062049578644,18.783497530859297,-24.54318830658671,-36.0859687978009,64.28200390241206,-7.990967448809835,-86.18946177108997,68.44977672780267,39.587696523449594,-70.07512321005271,-155.2817516644247,93.7505850342446,-148.23888329869408,-24.990702857598407,-63.212065576236654,-1.4237243904036747,10.778635771691773,132.06381951892408,14.933408580170827,61.39937285279575
4.925283133795691,-0.01352997482688739,-5.842708572360712,4.5941423563003285,6.067535838090706,-19.705551423377404,-5.102398060930622,4.409107493436,4.3330738052728766,0.1882964397104183,-1.7661343691367202,-5.207734853087656,4.984784135347933,-1.6678046479788924,-6.541332593800097,-1.8364111509821766,17.95280480598073,-6.851498036283163,-0.38990904470681353,14.781431969300737,-2.815017383555678,-0.07260654309412863,-14.489057722731117,-6.859931646034795,-9.96216615070627,2.4276116005039112,-2.5287268096943603,-3.9910106131799328,7.510640539787191,-0.2269376230989526,-10.692641027718462,7.624602445446291,4.377958643531507,-8.120366677812918,-19.11378725824656,10.85149751566842,-16.785326495665714,-2.7945717172686115,-7.299362632846387,-0.09198049943076764,1.3028567096139132,14.933408580170827,2.160120045766625,7.27771044467272
18.12597834155972,-0.6714533827107674,-23.73362080524463,17.700550081005563,26.617403016042655,-80.72530895807976,-20.892499127231407,20.152053966740475,18.755123773772414,1.308418359371365,-7.974735910506116,-19.762300011587225,21.545715930880736,-5.208810072554023,-27.67859600982306,-9.89626831519958,73.53813565296043,-27.436034019548902,-3.9442211090641974,59.21721085998888,-9.890087506856485,-0.31103993939567026,-57.08120902465064,-26.041039957145134,-39.88812921208195,8.94859712791549,-11.235637641311047,-16.71377431971292,30.05877347692631,-3.234517595313595,-40.74547005002705,31.740848535482836,18.334370583023993,-32.719488958016086,-73.29991626936201,43.765441714454504,-68.93479683795697,-11.596327657886972,-29.496696729149654,-0.6123290806328563,5.070655307972959,61.39937285279575,7.27771044467272,28.784458494803456
