V1,V2,V3,V4,V5,V6,V7,V8,V9,V10,V11,V12,V13,V14,V15,V16,V17,V18,V19,V20,V21,V22,V23,V24,V25,V26,V27,V28,V29,V30,V31,V32,V33,V34,V35,V36,V37,V38,V39,V40,V41,V42,V43
5.777157185298057,0.7963985307439597,-2.531035670427355,1.3485859618067895,-2.685593974861212,-1.0524745806647224,2.9247342501946667,1.7187222475344681,0.40546778937165034,0.5451677659248833,-0.30767798478489217,-1.886301195957143,-0.08571959051761756,-2.777436727409729,1.7151442763789186,-1.0391710687447935,2.1275296392735843,3.1133268625987687,0.14015761493775716,-0.4848918527114578,-3.431970314897456,1.215346423644197,0.07632088213137776,0.5137908266680948,0.6988541502550206,-0.22812306142371327,0.9639708195178197,0.0929886737139404,-0.6500156018324661,0.4198644824335355,0.4346830700661307,-3.0293745550347673,-1.0716503711994725,-0.6714643606694403,2.221889775100601,-0.24739741870669044,-0.4522309503111224,1.6457542835734418,-1.9752546993739815,1.0845351067224749,-0.8038413406845113,-1.6107642979418924,-2.5135046376778925
0.7963985307439597,0.9012680035556229,0.10324511085765505,0.15823046337199068,-0.7544849982144334,0.4928954090842903,0.06960943223287341,-0.4920479772808436,0.5559019432434166,0.3346090591774126,0.18263048468918164,-0.08942603557650754,0.2653944814442913,-0.17818619599667346,-0.4470633880090548,0.12951118311343873,1.2182653879559224,-0.4730749747427934,0.3605554457053716,-0.3072247653454963,-0.16387801817790593,0.44534813468846013,-0.08842240188274939,-1.1379510881756958,0.11648380795121287,0.20959634000125116,0.4234802300073379,-0.3842461442542862,-0.6854601469392667,0.23842648395780047,-1.363004226075291,-0.6682983645804437,-0.6653665002318501,0.09557709304263148,0.5905597705588146,0.7931177101820743,-0.13306394046486036,0.591886339305491,-0.05769902368699957,-0.18458908579517666,-0.3951872632856014,-0.4389114316697346,-0.7081088435876117
-2.531035670427355,0.10324511085765505,2.4132860539900776,-0.7010275066257144,0.5687301394234484,1.017130593545405,-1.5216161666697985,-1.9889811872836876,0.09382807046278939,-0.17265524168758814,0.14385264741777615,0.04790657001357722,0.0684222496961312,0.29462662997991107,-0.8232414450485609,1.3309916721309605,0.7338729551066453,-1.47300493629545,0.01489744855095591,-0.5977082395453587,0.6250144191399757,0.5874936314137831,-0.27597533290244014,-1.0161665947069873,-0.880614746157786,0.5493581465009417,-0.2161340270303506,-0.5420889136756112,-0.1710184369367831,-0.5375410208479386,-1.6738582843187695,1.6793675264164931,0.3622383425652208,-0.1585722133197607,-0.9269720463178622,0.0701092524780935,-0.49477946800100214,-0.2817299381363229,0.7662275784266311,0.13547020763116702,-0.37431498944698227,0.05895471628320364,0.8679279842443675
1.3485859618067895,0.15823046337199068,-0.7010275066257144,0.43862395129527054,-0.756775863256494,-0.5087130306704988,0.7419252092662031,0.23989620408934073,-0.12790334277217352,0.20480544268486195,0.06001833792635837,-0.436504369304456,-0.11282879813833213,-0.6957056327256845,0.31321713805058343,-0.39207070584102105,0.4318321585618499,1.22590619366066,-0.20448234708602542,-0.2179282104607347,-0.9025745138556539,0.35091511216269355,0.03959271028432432,0.20902897642353482,0.3168762310001425,-0.12737245213790668,0.2551923757049443,0.18364933809207623,0.07267215229055725,0.10981881248154135,0.37802010034503025,-0.5397716400569654,-0.08754827193246523,-0.24092327346214906,0.4749914729460627,-0.36427056548732534,-0.20936415052891744,0.25498835124905656,-0.5508648561786011,0.32489713549049076,-0.1629170785871564,-0.31543162977263006,-0.7284885477823232
-2.685593974861212,-0.7544849982144334,0.5687301394234484,-0.756775863256494,1.8573459792627485,0.4569309837703689,-1.2463403858610531,0.2659013502262837,-0.10412012772850797,-0.4725109368866783,-0.1229823419613334,1.227215968689769,0.10020211188344642,1.7864469925706032,-0.45536914705916615,0.20039177785311077,-1.9698254110418303,-1.9466661227401054,0.18128333287875167,0.8630528367527494,2.1268500482945503,-1.311947931417653,0.07922415489470423,0.326459457114894,-0.2755837389745193,-0.06809512831912143,-0.6726727000792598,0.05915069341955282,0.33300522024446566,-0.0772922668469113,0.47828970164441253,1.028925255667478,0.4275983230403477,0.628653408576615,-1.0589139732855188,0.4079048188297242,0.7443789884835585,-0.8788093386960835,1.055895860079898,-0.8459344298054855,0.7774486172078323,1.0390956452089624,1.5984944967373462
-1.0524745806647224,0.4928954090842903,1.017130593545405,-0.5087130306704988,0.4569309837703689,1.177731842518343,-0.8949129037332056,-0.5412232122247661,0.7298280603962437,-0.06001024636668811,-0.036396821577277305,0.4560717533419029,0.40064849710888123,0.7424781861936433,-0.6442105167107827,0.6875742462139205,0.42917209217088964,-2.2054949764070337,0.6889459763348023,0.11111566926093291,1.0444142198827384,-0.14127345851897602,-0.13071869664705224,-1.160132449069852,-0.41688477849891503,0.36635405420027245,-0.01991023779122169,-0.6282039081886662,-0.7604849454863655,0.03050604292149825,-1.6739317101619902,0.04319296009851315,-0.5031455384739413,0.42182976156824503,-0.11050224123961817,1.2508682461368799,0.22862746157985991,0.22349068261770128,0.6920968988517658,-0.5787756943729705,-0.11549841005251059,0.011526576493875245,0.4679635609128543
2.9247342501946667,0.06960943223287341,-1.5216161666697985,0.7419252092662031,-1.2463403858610531,-0.8949129037332056,1.6398342108947368,1.118119366511285,-0.08247276828603166,0.20036491220813113,-0.19640482326623548,-1.011326881278084,-0.18979373899772792,-1.4934389972007338,1.1102465966475572,-0.7034855559224004,0.659628563862066,2.1269495882355707,-0.15606180533911088,-0.1776568388201238,-1.8876249752251082,0.5141502729825292,0.08975370203033974,0.7885550479890304,0.41138453192191776,-0.24602738148422282,0.38019538455285234,0.2738818993320751,2.575529226727256e-4,0.14945339501352395,0.9142133145666946,-1.3749825390463928,-0.2725182513729776,-0.44085484143990994,0.9939221837005732,-0.5714860519271362,-0.23031371452590396,0.6323861244664054,-1.1183973670446146,0.701623461228453,-0.2738931253026477,-0.6970370496499689,-1.177848178887972
1.7187222475344681,-0.4920479772808436,-1.9889811872836876,0.23989620408934073,0.2659013502262837,-0.5412232122247661,1.118119366511285,2.419438370032456,0.1418064610285329,-0.19316815118330782,-0.49921401617426486,0.12586008683707456,0.034870341425015425,0.10475536794612554,1.0778504498395263,-0.9533173243331666,-1.2702062650624169,0.288810556206171,0.3585089078347768,1.0007227512524368,-0.05534185821727714,-1.0205895642582137,0.2560640618011703,1.2588241724724454,0.41674917805027323,-0.4484019880972472,-0.11258201185191852,0.32726250579405386,0.0053079674910475674,0.3690901707560146,1.58593787692944,-1.5221312054683447,-0.3580445011011132,0.35810659997897,0.5908155917792258,0.3029051104538742,0.8184094307435307,0.19066580104859754,-0.3783231747556432,-0.2993917791295086,0.5469924910499165,0.11687203404461485,-0.03621423491323991
0.40546778937165034,0.5559019432434166,0.09382807046278939,-0.12790334277217352,-0.10412012772850797,0.7298280603962437,-0.08247276828603166,0.1418064610285329,0.7169523440023355,0.06032239990703678,-0.11048188808453835,0.11226178385732605,0.34160897484629316,0.1902244436546305,-0.1671997328717797,0.22498984770237382,0.5915808462083625,-1.2670878733891882,0.6529136059099424,0.13699692346994738,0.3041717004652131,-0.04760052696198422,-0.05740887500788024,-0.7943611578864294,-0.11360065764350079,0.19984178512301412,0.1713557987091482,-0.4631161184258885,-0.7690985070695122,0.19140647592937868,-1.1594477133072647,-0.7446532276275872,-0.6962838740587523,0.3106123803934573,0.4168535809862253,1.096351663590227,0.23048189327113375,0.5155086913419282,0.18451608953683948,-0.3847007774199526,-0.16326496214983652,-0.253475314206539,-0.12150112444814008
0.5451677659248833,0.3346090591774126,-0.17265524168758814,0.20480544268486195,-0.4725109368866783,-0.06001024636668811,0.20036491220813113,-0.19316815118330782,0.06032239990703678,0.19781896471344074,0.14344195415601105,-0.10134793058617843,0.027212105383404,-0.20631942115198937,-0.14422578471123865,-0.11706214831874204,0.4633932987172563,0.31553156863704174,-0.02909214038887161,-0.19224313162550088,-0.2684937684793098,0.2437594033618649,-0.009589568536420312,-0.3137336752082012,0.1888809066361142,0.007017233046498722,0.21352648439816832,-0.014445575151858141,-0.11379061075666635,0.11863823926371923,-0.25763468628186065,-0.2660319024222973,-0.17369196293467076,-0.04653987488897597,0.2813271284016891,0.06363432277318389,-0.12910665818716002,0.1906231899404059,-0.16952916139905225,0.02167228173837152,-0.14986754278936992,-0.17806498238671412,-0.4622801612705807
-0.30767798478489217,0.18263048468918164,0.14385264741777615,0.06001833792635837,-0.1229823419613334,-0.036396821577277305,-0.19640482326623548,-0.49921401617426486,-0.11048188808453835,0.14344195415601105,0.23942401232549657,0.17097916085697923,-0.008766362914418117,0.17377979242340527,-0.41490677355301503,-0.03391047107683571,0.0988604571041893,0.09985051877526094,-0.1629659348868719,-0.16169803721305637,0.18170688266438584,0.08898387045316149,-0.009226248763473175,-0.3170187732598333,0.1499952845159881,0.0027117789500588313,0.07625205950179932,0.05252607716830597,0.09618766616018805,0.05514508444581771,-0.16361034138460245,0.262731924270351,0.07048891384430732,0.008752834052531551,-0.07410323122815436,-0.058236930824237476,-0.10770150957841855,-0.11803386299582375,0.07620528198691308,-0.09507143830208822,-0.01433690546585768,0.09040950953894611,-0.14272357070584085
-1.886301195957143,-0.08942603557650754,0.04790657001357722,-0.436504369304456,1.227215968689769,0.4560717533419029,-1.011326881278084,0.12586008683707456,0.11226178385732605,-0.10134793058617843,0.17097916085697923,1.4281638472384732,0.2517932203819111,1.9022506169786029,-0.924337540511591,-0.15928356281156175,-1.4903458671583023,-1.856754503170386,0.27008506236448465,0.7752036916533299,2.183394979499016,-1.2409909073280392,0.10856365596767803,-0.3670413422452537,0.2053027859177439,-0.1118223101385479,-0.31239063067533496,0.03922558087715456,0.06342667992462561,0.29831430617346094,0.01211523190432956,0.3971202707679104,-0.01731040046061382,0.8065358377479341,-0.5403589356790678,0.8829429044180291,0.7788267340325157,-0.5940178591503446,0.9388019936598161,-1.17744481184238,0.6953128287805573,0.9134597535149538,0.860046230680295
-0.08571959051761756,0.2653944814442913,0.0684222496961312,-0.11282879813833213,0.10020211188344642,0.40064849710888123,-0.18979373899772792,0.034870341425015425,0.34160897484629316,0.027212105383404,-0.008766362914418117,0.2517932203819111,0.19223185196602435,0.350417906326442,-0.23554821088589906,0.08528536263960892,0.09568952373730895,-0.8290951395598429,0.3271836920756166,0.14888758357700385,0.4416355847714392,-0.17332720390088469,-0.01437601844643132,-0.4499733030079139,-0.01597622768200938,0.08091160154329362,0.04620312497686319,-0.2090243362202092,-0.34484878562861315,0.13176055379401377,-0.5607303424835913,-0.27150068890690293,-0.3220377481393218,0.25019410746590287,0.1173032758390037,0.623542794218517,0.19814317410547952,0.15442754707307746,0.21615355525449242,-0.34032795170371627,0.010959969891075085,0.006860867247203598,0.043674622058435815
-2.777436727409729,-0.17818619599667346,0.29462662997991107,-0.6957056327256845,1.7864469925706032,0.7424781861936433,-1.4934389972007338,0.10475536794612554,0.1902244436546305,-0.20631942115198937,0.17377979242340527,1.9022506169786029,0.350417906326442,2.577381822314601,-1.2214395313187754,-0.05708856151493192,-1.995808365643464,-2.7246345049811076,0.41518900201713,1.0429759474703346,2.995853871736036,-1.6590313753394599,0.12069497396204912,-0.5040109553497484,0.13226244193820874,-0.09360918862571829,-0.47970356078135507,-0.0191596427590928,0.046720593380763585,0.32558807985733534,-0.1057437111755728,0.6612818320333494,0.0049072141935803,1.0781110752202132,-0.827746186142115,1.2195670222742803,1.0407707667307557,-0.8140382786367253,1.3452224021271106,-1.5590258106586852,0.9154851549028638,1.2308576299926455,1.3250974446522126
1.7151442763789186,-0.4470633880090548,-0.8232414450485609,0.31321713805058343,-0.45536914705916615,-0.6442105167107827,1.1102465966475572,1.0778504498395263,-0.1671997328717797,-0.14422578471123865,-0.41490677355301503,-0.924337540511591,-0.23554821088589906,-1.2214395313187754,1.255771733481174,-0.27078921374360493,0.12884170402026376,1.4642497289040843,-0.11935254257215408,-0.016172838516727097,-1.4735971370230365,0.2959071554862507,0.05034643426353996,1.1386144028203635,-0.0615286222115372,-0.15389122536114386,0.015837101386027706,0.19813586176054127,0.14738433842136814,-0.1537810301084137,1.0338936475547302,-0.6783432000645073,0.07000078797738224,-0.44022678538219995,0.41065835072540874,-0.7104257309178482,-0.1530670131650163,0.3124996513070386,-0.7656527394028287,0.7593578056018143,-0.13888026499006292,-0.454378225248204,-0.3291847446639054
-1.0391710687447935,0.12951118311343873,1.3309916721309605,-0.39207070584102105,0.20039177785311077,0.6875742462139205,-0.7034855559224004,-0.9533173243331666,0.22498984770237382,-0.11706214831874204,-0.03391047107683571,-0.15928356281156175,0.08528536263960892,-0.05708856151493192,-0.27078921374360493,0.8255329258921423,0.672864246622893,-0.9220621954792517,0.16554084642306346,-0.3445914072291913,0.11962889809852824,0.43126607665667877,-0.17684379066833403,-0.6029407955425263,-0.5886246199568457,0.3632561836230195,-0.07443539551627527,-0.42335607693457594,-0.29455051683390465,-0.3124578606686944,-1.1390868310832167,0.666047631318155,0.0381079908126857,-0.11584942256798375,-0.35249299585204025,0.19036940594377325,-0.28372753775074183,0.051281007978691145,0.34374468541601,0.1545013051630797,-0.3178752896924749,-0.14862457217057926,0.41199582415993163
2.1275296392735843,1.2182653879559224,0.7338729551066453,0.4318321585618499,-1.9698254110418303,0.42917209217088964,0.659628563862066,-1.2702062650624169,0.5915808462083625,0.4633932987172563,0.0988604571041893,-1.4903458671583023,0.09568952373730895,-1.995808365643464,0.12884170402026376,0.672864246622893,3.144559205435767,0.8435480756261986,0.1765439953105212,-1.2978380883089742,-2.164021624925871,1.9179660100716132,-0.2888465103149426,-1.3095649776350806,-0.2939230322100839,0.5135926355671298,0.7652853853302904,-0.6526197167142235,-0.9426552597024663,-0.14523747946803242,-2.1299258046082183,-0.7451077770062197,-0.6955316948264523,-0.7152663315517949,0.9972697080545632,0.12143761034993988,-1.0601016152382623,1.224921797228646,-0.7805207863626127,0.9617425459098532,-1.2638531466049445,-1.4116033002827264,-1.473499961302759
3.1133268625987687,-0.4730749747427934,-1.47300493629545,1.22590619366066,-1.9466661227401054,-2.2054949764070337,2.1269495882355707,0.288810556206171,-1.2670878733891882,0.31553156863704174,0.09985051877526094,-1.856754503170386,-0.8290951395598429,-2.7246345049811076,1.4642497289040843,-0.9220621954792517,0.8435480756261986,5.088287259904201,-1.4003103034246291,-1.015443371805986,-3.4315784174891877,1.4335168761715593,0.08842020839688121,1.7823103228923947,0.5740063428774966,-0.44230454876792635,0.39770031260046523,0.9398699131779389,1.1360542333307542,-0.25883212709199216,2.3292627070955096,-0.25757015970209696,0.7981419153617412,-1.3591807950662966,0.633376980941536,-2.7024116069365456,-1.1449578529000874,0.13880515879300687,-1.8463371508173694,1.8604760047906042,-0.4873935632743455,-0.7982997376966188,-1.6442542842799384
0.14015761493775716,0.3605554457053716,0.01489744855095591,-0.20448234708602542,0.18128333287875167,0.6889459763348023,-0.15606180533911088,0.3585089078347768,0.6529136059099424,-0.02909214038887161,-0.1629659348868719,0.27008506236448465,0.3271836920756166,0.41518900201713,-0.11935254257215408,0.16554084642306346,0.1765439953105212,-1.4003103034246291,0.6510173754181712,0.31971954845813727,0.5532733976899125,-0.29753707535154567,-0.022890981261122063,-0.5752207534297769,-0.11754036297852347,0.14057094550474838,0.053391845389850826,-0.39226847172178936,-0.6582427584111887,0.18750112806430025,-0.870098729332924,-0.6573937682943188,-0.6038998592529968,0.39285797866985506,0.280819699320074,1.076655591900103,0.3733865132796565,0.3684315850001931,0.28082014674313643,-0.4818191767207572,-0.0036254287769709576,-0.08529848090073879,0.10975967138190602
-0.4848918527114578,-0.3072247653454963,-0.5977082395453587,-0.2179282104607347,0.8630528367527494,0.11111566926093291,-0.1776568388201238,1.0007227512524368,0.13699692346994738,-0.19224313162550088,-0.16169803721305637,0.7752036916533299,0.14888758357700385,1.0429759474703346,-0.016172838516727097,-0.3445914072291913,-1.2978380883089742,-1.015443371805986,0.31971954845813727,0.8107908857846837,1.1553926321536478,-1.0534712332625673,0.14094494776732344,0.3312328829849529,0.15763958413336832,-0.19742028990684504,-0.261843838409641,0.10187548064213929,0.01603516217389044,0.2387956989637221,0.5740759266285179,-0.29737108375976795,-0.1196419874899793,0.5544014432650669,-0.13105886109265238,0.5902798505389231,0.7302190720830966,-0.25204877632419587,0.39874556833202196,-0.7063113509780763,0.5715028405665284,0.5284879596316957,0.5763749670267457
-3.431970314897456,-0.16387801817790593,0.6250144191399757,-0.9025745138556539,2.1268500482945503,1.0444142198827384,-1.8876249752251082,-0.05534185821727714,0.3041717004652131,-0.2684937684793098,0.18170688266438584,2.183394979499016,0.4416355847714392,2.995853871736036,-1.4735971370230365,0.11962889809852824,-2.164021624925871,-3.4315784174891877,0.5532733976899125,1.1553926321536478,3.5260747223930413,-1.8490747623408814,0.1011417146952925,-0.7374629306309499,0.01867358709774729,-0.023676713691233496,-0.5710988024741213,-0.13385711983195592,-0.04419970532325728,0.31937080880903757,-0.40806728809226117,0.8715190414440517,-0.01822913182600927,1.2457985902937245,-1.020099102264453,1.5115786264918487,1.167633034798087,-0.9124615205110392,1.647168054033038,-1.7984126263027584,0.9940545351844227,1.390109056239255,1.633660378695491
1.215346423644197,0.44534813468846013,0.5874936314137831,0.35091511216269355,-1.311947931417653,-0.14127345851897602,0.5141502729825292,-1.0205895642582137,-0.04760052696198422,0.2437594033618649,0.08898387045316149,-1.2409909073280392,-0.17332720390088469,-1.6590313753394599,0.2959071554862507,0.43126607665667877,1.9179660100716132,1.4335168761715593,-0.29753707535154567,-1.0534712332625673,-1.8490747623408814,1.4707166867924977,-0.18739336291480188,-0.3545022425847891,-0.2389376391057771,0.2692691132660836,0.40463627859083745,-0.19556902210960098,-0.1754329202273581,-0.30105851851920173,-0.7861086301638169,0.020941191597405904,-0.002775193044442808,-0.7734386093216811,0.3974155405821499,-0.6944424795379459,-0.9559223388263368,0.5495471943213491,-0.6903590556269328,1.0368217657640844,-0.8388711452234244,-0.8870782352168434,-0.9046575432115321
0.07632088213137776,-0.08842240188274939,-0.27597533290244014,0.03959271028432432,0.07922415489470423,-0.13071869664705224,0.08975370203033974,0.2560640618011703,-0.05740887500788024,-0.009589568536420312,-0.009226248763473175,0.10856365596767803,-0.01437601844643132,0.12069497396204912,0.05034643426353996,-0.17684379066833403,-0.2888465103149426,0.08842020839688121,-0.022890981261122063,0.14094494776732344,0.1011417146952925,-0.18739336291480188,0.04648317499552909,0.17629029723125927,0.1122612852398022,-0.08907746854159554,-0.030144751864908056,0.1013408853490901,0.0890163114255735,0.06386461025109955,0.305087536047332,-0.09403371266963859,0.019216206158537513,0.06550062931186498,0.013839288879078095,-0.020201761659712127,0.11667144448994234,-0.06620230321919875,-0.014854830216333359,-0.08463664160521128,0.12474466970978393,0.09888683479930252,0.014644865572634544
0.5137908266680948,-1.1379510881756958,-1.0161665947069873,0.20902897642353482,0.326459457114894,-1.160132449069852,0.7885550479890304,1.2588241724724454,-0.7943611578864294,-0.3137336752082012,-0.3170187732598333,-0.3670413422452537,-0.4499733030079139,-0.5040109553497484,1.1386144028203635,-0.6029407955425263,-1.3095649776350806,1.7823103228923947,-0.5752207534297769,0.3312328829849529,-0.7374629306309499,-0.3545022425847891,0.17629029723125927,1.9139302881346698,0.12122393285824873,-0.43077456938922293,-0.3474100296738679,0.6817848098263352,0.9270823115240416,-0.20216711744142743,2.3311439644519587,0.13298959077451705,0.7304788275834392,-0.33554219290613213,-0.23998403115393807,-1.34319141607421,0.0759511773355143,-0.46483684436556105,-0.5158589727342634,0.5734049503123396,0.40510379311858086,0.24011796440921063,0.27951802212949367
0.6988541502550206,0.11648380795121287,-0.880614746157786,0.3168762310001425,-0.2755837389745193,-0.41688477849891503,0.41138453192191776,0.41674917805027323,-0.11360065764350079,0.1888809066361142,0.1499952845159881,0.2053027859177439,-0.01597622768200938,0.13226244193820874,-0.0615286222115372,-0.5886246199568457,-0.2939230322100839,0.5740063428774966,-0.11754036297852347,0.15763958413336832,0.01867358709774729,-0.2389376391057771,0.1122612852398022,0.12122393285824873,0.5035007325587116,-0.2294337070024221,0.14054657993029895,0.26443157322344574,0.1424438957484555,0.2907156911125407,0.5396854651419264,-0.4696853220492367,-0.10487843601347983,0.12351382287638824,0.30168627896683353,-0.010288351028023592,0.16226359648276117,-0.005820409339606877,-0.20014647817208725,-0.20865010629275108,0.1793657475902134,0.09765277917865925,-0.4376203924557928
-0.22812306142371327,0.20959634000125116,0.5493581465009417,-0.12737245213790668,-0.06809512831912143,0.36635405420027245,-0.24602738148422282,-0.4484019880972472,0.19984178512301412,0.007017233046498722,0.0027117789500588313,-0.1118223101385479,0.08091160154329362,-0.09360918862571829,-0.15389122536114386,0.3632561836230195,0.5135926355671298,-0.44230454876792635,0.14057094550474838,-0.19742028990684504,-0.023676713691233496,0.2692691132660836,-0.08907746854159554,-0.43077456938922293,-0.2294337070024221,0.18764326358107677,0.04796764687631536,-0.24690436218303216,-0.2536511545258885,-0.09010705101055923,-0.7049556166411829,0.12407845818761948,-0.11224472354724507,-0.04101433346015078,-0.021186123287167246,0.2158300790664361,-0.1438478872898959,0.1463536956093744,0.11088345208075,0.05075683258839659,-0.2110651888031272,-0.16014763522441922,0.032692044394177326
0.9639708195178197,0.4234802300073379,-0.2161340270303506,0.2551923757049443,-0.6726727000792598,-0.01991023779122169,0.38019538455285234,-0.11258201185191852,0.1713557987091482,0.21352648439816832,0.07625205950179932,-0.31239063067533496,0.04620312497686319,-0.47970356078135507,0.015837101386027706,-0.07443539551627527,0.7652853853302904,0.39770031260046523,0.053391845389850826,-0.261843838409641,-0.5710988024741213,0.40463627859083745,-0.030144751864908056,-0.3474100296738679,0.14054657993029895,0.04796764687631536,0.2859908840601722,-0.09340773691172458,-0.25739623778440535,0.10990574135870672,-0.411729854092385,-0.5003273677378799,-0.2995325127737163,-0.11374735319527682,0.45367458986312753,0.11836052388526888,-0.1899771999741229,0.38073597439537044,-0.29863121298901585,0.1399792992925478,-0.274076674418089,-0.36623740757974427,-0.6134792730329387
0.0929886737139404,-0.3842461442542862,-0.5420889136756112,0.18364933809207623,0.05915069341955282,-0.6282039081886662,0.2738818993320751,0.32726250579405386,-0.4631161184258885,-0.014445575151858141,0.05252607716830597,0.03922558087715456,-0.2090243362202092,-0.0191596427590928,0.19813586176054127,-0.42335607693457594,-0.6526197167142235,0.9398699131779389,-0.39226847172178936,0.10187548064213929,-0.13385711983195592,-0.19556902210960098,0.1013408853490901,0.6817848098263352,0.26443157322344574,-0.24690436218303216,-0.09340773691172458,0.4056858182346288,0.5270397297760493,0.011121082849189983,1.0761189256029027,0.16625752780087874,0.36715349749389337,-0.09637241386309442,-0.12407513247263506,-0.6339791156150041,0.021343977141387603,-0.32027250043019306,-0.19153950075956533,0.11748201924219352,0.23880588534457736,0.22635145005760543,-0.0211264219744804
-0.6500156018324661,-0.6854601469392667,-0.1710184369367831,0.07267215229055725,0.33300522024446566,-0.7604849454863655,2.575529226727256e-4,0.0053079674910475674,-0.7690985070695122,-0.11379061075666635,0.09618766616018805,0.06342667992462561,-0.34484878562861315,0.046720593380763585,0.14738433842136814,-0.29455051683390465,-0.9426552597024663,1.1360542333307542,-0.6582427584111887,0.01603516217389044,-0.04419970532325728,-0.1754329202273581,0.0890163114255735,0.9270823115240416,0.1424438957484555,-0.2536511545258885,-0.25739623778440535,0.5270397297760493,0.8607820514943233,-0.17180107556531268,1.377228019771444,0.8184260983072473,0.762352899348684,-0.220790095461169,-0.5258698850997309,-1.085430808683849,-0.102898238105605,-0.6469349665784401,-0.08763152288322171,0.2647021159014127,0.30575514357360345,0.41200556785086734,0.29307559927243865
0.4198644824335355,0.23842648395780047,-0.5375410208479386,0.10981881248154135,-0.0772922668469113,0.03050604292149825,0.14945339501352395,0.3690901707560146,0.19140647592937868,0.11863823926371923,0.05514508444581771,0.29831430617346094,0.13176055379401377,0.32558807985733534,-0.1537810301084137,-0.3124578606686944,-0.14523747946803242,-0.25883212709199216,0.18750112806430025,0.2387956989637221,0.31937080880903757,-0.30105851851920173,0.06386461025109955,-0.20216711744142743,0.2907156911125407,-0.09010705101055923,0.10990574135870672,0.011121082849189983,-0.17180107556531268,0.27583293609209836,-0.03381071739848728,-0.5347007289598523,-0.3108674682581673,0.2646012890697013,0.2858525060842724,0.45916910329030536,0.2692439935901634,0.12141645029244827,0.022845184712215128,-0.3740751103370393,0.13024181744721902,0.06055906998948648,-0.22184563968172177
0.4346830700661307,-1.363004226075291,-1.6738582843187695,0.37802010034503025,0.47828970164441253,-1.6739317101619902,0.9142133145666946,1.58593787692944,-1.1594477133072647,-0.25763468628186065,-0.16361034138460245,0.01211523190432956,-0.5607303424835913,-0.1057437111755728,1.0338936475547302,-1.1390868310832167,-2.1299258046082183,2.3292627070955096,-0.870098729332924,0.5740759266285179,-0.40806728809226117,-0.7861086301638169,0.305087536047332,2.3311439644519587,0.5396854651419264,-0.7049556166411829,-0.411729854092385,1.0761189256029027,1.377228019771444,-0.03381071739848728,3.2625169814625474,0.2009502186893544,0.9641001795843206,-0.21606000821633323,-0.33384695582289187,-1.6491373256891584,0.27116156535739444,-0.8193596110424386,-0.5410440402341129,0.36102282854683654,0.7597796855421951,0.6122801766216155,0.25003515228573986
-3.0293745550347673,-0.6682983645804437,1.6793675264164931,-0.5397716400569654,1.028925255667478,0.04319296009851315,-1.3749825390463928,-1.5221312054683447,-0.7446532276275872,-0.2660319024222973,0.262731924270351,0.3971202707679104,-0.27150068890690293,0.6612818320333494,-0.6783432000645073,0.666047631318155,-0.7451077770062197,-0.25757015970209696,-0.6573937682943188,-0.29737108375976795,0.8715190414440517,0.020941191597405904,-0.09403371266963859,0.13298959077451705,-0.4696853220492367,0.12407845818761948,-0.5003273677378799,0.16625752780087874,0.8184260983072473,-0.5347007289598523,0.2009502186893544,2.2640684329095633,1.1023605336134121,-0.20068227281003778,-1.3886224103313112,-0.9498112492531129,-0.3431329328257096,-1.0393241368239525,0.6809175564179135,0.15204138611324639,0.18028137732692467,0.6760842966874483,1.1410734964913511
-1.0716503711994725,-0.6653665002318501,0.3622383425652208,-0.08754827193246523,0.4275983230403477,-0.5031455384739413,-0.2725182513729776,-0.3580445011011132,-0.6962838740587523,-0.17369196293467076,0.07048891384430732,-0.01731040046061382,-0.3220377481393218,0.0049072141935803,0.07000078797738224,0.0381079908126857,-0.6955316948264523,0.7981419153617412,-0.6038998592529968,-0.1196419874899793,-0.01822913182600927,-0.002775193044442808,0.019216206158537513,0.7304788275834392,-0.10487843601347983,-0.11224472354724507,-0.2995325127737163,0.36715349749389337,0.762352899348684,-0.3108674682581673,0.9641001795843206,1.1023605336134121,0.7994453990169578,-0.2804503275424819,-0.6813840735744873,-1.0444149733353525,-0.22070106886383456,-0.637484653332154,0.041635525951308594,0.34869336036919163,0.1824831323085174,0.35465863714481827,0.47643697264343915
-0.6714643606694403,0.09557709304263148,-0.1585722133197607,-0.24092327346214906,0.628653408576615,0.42182976156824503,-0.44085484143990994,0.35810659997897,0.3106123803934573,-0.04653987488897597,0.008752834052531551,0.8065358377479341,0.25019410746590287,1.0781110752202132,-0.44022678538219995,-0.11584942256798375,-0.7152663315517949,-1.3591807950662966,0.39285797866985506,0.5544014432650669,1.2457985902937245,-0.7734386093216811,0.06550062931186498,-0.33554219290613213,0.12351382287638824,-0.04101433346015078,-0.11374735319527682,-0.09637241386309442,-0.220790095461169,0.2646012890697013,-0.21606000821633323,-0.20068227281003778,-0.2804503275424819,0.5664321068380351,-0.07904945932346355,0.8617810599752715,0.5702968757974071,-0.12094976664411944,0.5139730856940399,-0.7830539967205119,0.36835847978151837,0.4091435611542576,0.3962146210695815
2.221889775100601,0.5905597705588146,-0.9269720463178622,0.4749914729460627,-1.0589139732855188,-0.11050224123961817,0.9939221837005732,0.5908155917792258,0.4168535809862253,0.2813271284016891,-0.07410323122815436,-0.5403589356790678,0.1173032758390037,-0.827746186142115,0.41065835072540874,-0.35249299585204025,0.9972697080545632,0.633376980941536,0.280819699320074,-0.13105886109265238,-1.020099102264453,0.3974155405821499,0.013839288879078095,-0.23998403115393807,0.30168627896683353,-0.021186123287167246,0.45367458986312753,-0.12407513247263506,-0.5258698850997309,0.2858525060842724,-0.33384695582289187,-1.3886224103313112,-0.6813840735744873,-0.07904945932346355,0.9865682928865739,0.38367616149546085,-0.0631805195730065,0.7754318228150864,-0.6184969064860903,0.1571377149165917,-0.33482331135826904,-0.6416914671137897,-1.0330047425903743
-0.24739741870669044,0.7931177101820743,0.0701092524780935,-0.36427056548732534,0.4079048188297242,1.2508682461368799,-0.5714860519271362,0.3029051104538742,1.096351663590227,0.06363432277318389,-0.058236930824237476,0.8829429044180291,0.623542794218517,1.2195670222742803,-0.7104257309178482,0.19036940594377325,0.12143761034993988,-2.7024116069365456,1.076655591900103,0.5902798505389231,1.5115786264918487,-0.6944424795379459,-0.020201761659712127,-1.34319141607421,-0.010288351028023592,0.2158300790664361,0.11836052388526888,-0.6339791156150041,-1.085430808683849,0.45916910329030536,-1.6491373256891584,-0.9498112492531129,-1.0444149733353525,0.8617810599752715,0.38367616149546085,2.0410518677122704,0.7316349247894579,0.46897509220402295,0.706692248267884,-1.1617633060534478,0.11485159922090948,0.08116624426142427,0.1866386353590647
-0.4522309503111224,-0.13306394046486036,-0.49477946800100214,-0.20936415052891744,0.7443789884835585,0.22862746157985991,-0.23031371452590396,0.8184094307435307,0.23048189327113375,-0.12910665818716002,-0.10770150957841855,0.7788267340325157,0.19814317410547952,1.0407707667307557,-0.1530670131650163,-0.28372753775074183,-1.0601016152382623,-1.1449578529000874,0.3733865132796565,0.7302190720830966,1.167633034798087,-0.9559223388263368,0.11667144448994234,0.0759511773355143,0.16226359648276117,-0.1438478872898959,-0.1899771999741229,0.021343977141387603,-0.102898238105605,0.2692439935901634,0.27116156535739444,-0.3431329328257096,-0.22070106886383456,0.5702968757974071,-0.0631805195730065,0.7316349247894579,0.6872565223630867,-0.16729948065790437,0.4214840794382258,-0.7461524407027967,0.4922975883450027,0.4631847899122782,0.472193899011373
1.6457542835734418,0.591886339305491,-0.2817299381363229,0.25498835124905656,-0.8788093386960835,0.22349068261770128,0.6323861244664054,0.19066580104859754,0.5155086913419282,0.1906231899404059,-0.11803386299582375,-0.5940178591503446,0.15442754707307746,-0.8140382786367253,0.3124996513070386,0.051281007978691145,1.224921797228646,0.13880515879300687,0.3684315850001931,-0.25204877632419587,-0.9124615205110392,0.5495471943213491,-0.06620230321919875,-0.46483684436556105,-0.005820409339606877,0.1463536956093744,0.38073597439537044,-0.32027250043019306,-0.6469349665784401,0.12141645029244827,-0.8193596110424386,-1.0393241368239525,-0.637484653332154,-0.12094976664411944,0.7754318228150864,0.46897509220402295,-0.16729948065790437,0.7680138749885064,-0.4271233412541076,0.22100904760734344,-0.4543702167165906,-0.6790767506999931,-0.7575700036840154
-1.9752546993739815,-0.05769902368699957,0.7662275784266311,-0.5508648561786011,1.055895860079898,0.6920968988517658,-1.1183973670446146,-0.3783231747556432,0.18451608953683948,-0.16952916139905225,0.07620528198691308,0.9388019936598161,0.21615355525449242,1.3452224021271106,-0.7656527394028287,0.34374468541601,-0.7805207863626127,-1.8463371508173694,0.28082014674313643,0.39874556833202196,1.647168054033038,-0.6903590556269328,-0.014854830216333359,-0.5158589727342634,-0.20014647817208725,0.11088345208075,-0.29863121298901585,-0.19153950075956533,-0.08763152288322171,0.022845184712215128,-0.5410440402341129,0.6809175564179135,0.041635525951308594,0.5139730856940399,-0.6184969064860903,0.706692248267884,0.4214840794382258,-0.4271233412541076,0.8720425547580724,-0.7496794484900002,0.34960217935569465,0.5975668320041281,0.9072655905053969
1.0845351067224749,-0.18458908579517666,0.13547020763116702,0.32489713549049076,-0.8459344298054855,-0.5787756943729705,0.701623461228453,-0.2993917791295086,-0.3847007774199526,0.02167228173837152,-0.09507143830208822,-1.17744481184238,-0.34032795170371627,-1.5590258106586852,0.7593578056018143,0.1545013051630797,0.9617425459098532,1.8604760047906042,-0.4818191767207572,-0.7063113509780763,-1.7984126263027584,1.0368217657640844,-0.08463664160521128,0.5734049503123396,-0.20865010629275108,0.05075683258839659,0.1399792992925478,0.11748201924219352,0.2647021159014127,-0.3740751103370393,0.36102282854683654,0.15204138611324639,0.34869336036919163,-0.7830539967205119,0.1571377149165917,-1.1617633060534478,-0.7461524407027967,0.22100904760734344,-0.7496794484900002,1.1119255184876888,-0.504791647673544,-0.6046859409757284,-0.5211816442297176
-0.8038413406845113,-0.3951872632856014,-0.37431498944698227,-0.1629170785871564,0.7774486172078323,-0.11549841005251059,-0.2738931253026477,0.5469924910499165,-0.16326496214983652,-0.14986754278936992,-0.01433690546585768,0.6953128287805573,0.010959969891075085,0.9154851549028638,-0.13888026499006292,-0.3178752896924749,-1.2638531466049445,-0.4873935632743455,-0.0036254287769709576,0.5715028405665284,0.9940545351844227,-0.8388711452234244,0.12474466970978393,0.40510379311858086,0.1793657475902134,-0.2110651888031272,-0.274076674418089,0.23880588534457736,0.30575514357360345,0.13024181744721902,0.7597796855421951,0.18028137732692467,0.1824831323085174,0.36835847978151837,-0.33482331135826904,0.11485159922090948,0.4922975883450027,-0.4543702167165906,0.34960217935569465,-0.504791647673544,0.5295392916752788,0.582113064845669,0.5435640167266215
-1.6107642979418924,-0.4389114316697346,0.05895471628320364,-0.31543162977263006,1.0390956452089624,0.011526576493875245,-0.6970370496499689,0.11687203404461485,-0.253475314206539,-0.17806498238671412,0.09040950953894611,0.9134597535149538,0.006860867247203598,1.2308576299926455,-0.454378225248204,-0.14862457217057926,-1.4116033002827264,-0.7982997376966188,-0.08529848090073879,0.5284879596316957,1.390109056239255,-0.8870782352168434,0.09888683479930252,0.24011796440921063,0.09765277917865925,-0.16014763522441922,-0.36623740757974427,0.22635145005760543,0.41200556785086734,0.06055906998948648,0.6122801766216155,0.6760842966874483,0.35465863714481827,0.4091435611542576,-0.6416914671137897,0.08116624426142427,0.4631847899122782,-0.6790767506999931,0.5975668320041281,-0.6046859409757284,0.582113064845669,0.7701519111042943,0.8052473324815478
-2.5135046376778925,-0.7081088435876117,0.8679279842443675,-0.7284885477823232,1.5984944967373462,0.4679635609128543,-1.177848178887972,-0.03621423491323991,-0.12150112444814008,-0.4622801612705807,-0.14272357070584085,0.860046230680295,0.043674622058435815,1.3250974446522126,-0.3291847446639054,0.41199582415993163,-1.473499961302759,-1.6442542842799384,0.10975967138190602,0.5763749670267457,1.633660378695491,-0.9046575432115321,0.014644865572634544,0.27951802212949367,-0.4376203924557928,0.032692044394177326,-0.6134792730329387,-0.0211264219744804,0.29307559927243865,-0.22184563968172177,0.25003515228573986,1.1410734964913511,0.47643697264343915,0.3962146210695815,-1.0330047425903743,0.1866386353590647,0.472193899011373,-0.7575700036840154,0.9072655905053969,-0.5211816442297176,0.5435640167266215,0.8052473324815478,1.4745131336874422
