V1,V2,V3,V4,V5,V6,V7,V8,V9,V10,V11,V12,V13,V14,V15,V16,V17,V18,V19,V20,V21,V22,V23,V24,V25,V26,V27,V28,V29,V30,V31,V32,V33,V34,V35,V36,V37,V38,V39,V40,V41,V42,V43
174.2505593083602,14.744632794679232,-716.5534264531161,-121.94372464581049,-169.61333722187433,668.1392375777536,-386.21459074663414,403.42720811817253,263.79084106061794,610.0948486310053,-292.77317642539344,1326.1646944598076,816.9787674078297,648.1168461161162,698.0972629271225,838.173716899782,-234.47655588216452,-630.7805697145135,552.775754763011,334.0557525970153,803.12473810618485,-1553.4150872730893,1305.9873819227762,56.99420762144714,214.21294276155274,166.51619957154924,-1292.2902058634165,1173.3134075205473,-264.9484813829011,353.51440925782464,1008.5617488059092,561.6377031210374,449.3469719599394,-581.2213369744076,-226.82915807613688,-677.8131032278369,152.57149286272858,-205.44782671089894,-406.7598230985282,334.2788361455798,-51.542795311486614,90.88108262062377,-1500.96573757023
14.744632794679232,2.6483013610517916,-62.01235550593727,-10.119009732449278,-14.244744756773057,56.53291982043036,-32.683820927115406,34.96427574620144,22.178555516561698,52.30843111099001,-24.66771879321342,113.0727339785054,69.00636789891206,54.63008722617155,59.601237194776026,71.68487977249971,-19.713463994428096,-54.44561300161121,47.06651627547714,28.113460293836514,68.33445961799042,-133.04209648493065,111.25110073540009,4.5303579461198105,18.607307143978534,14.98360309127437,-110.4742031292334,100.7782882661394,-23.221215457587974,30.183800285998807,85.89643129098869,47.74003129039416,37.67953487251575,-49.00565186965262,-19.82259265909872,-57.65803301207079,12.710462587061981,-16.96153760689056,-34.41788586704361,28.66332718638319,-4.279245020177446,7.411491627315612,-127.78274810779759
-716.5534264531161,-62.01235550593727,2954.2382297966296,503.1826100624999,695.8857931164342,-2751.264830174565,1591.4988250192287,-1662.545021893985,-1085.917820542511,-2513.3241775013485,1207.1303884799427,-5466.52869412963,-3365.994569747692,-2670.380349485174,-2875.4210845558955,-3453.10662698577,966.2464445998079,2600.3631728273954,-2277.0086847422585,-1375.5436134219192,-3310.1361101345224,6400.927506755222,-5381.30891700048,-233.4344058792989,-883.2350756208828,-687.4639754564919,5325.988543689503,-4835.209535953499,1089.8959479421244,-1457.6054187171173,-4153.902345601044,-2313.253331220612,-1850.770087741226,2393.048995815156,934.6025113497917,2791.7021929325697,-627.8135648205202,845.4047985095881,1675.7016632766304,-1377.977085931523,212.36037699048333,-374.0629613273339,6181.495495852432
-121.94372464581049,-10.119009732449278,503.1826100624999,86.04545433499571,118.24268957117256,-468.8846187274516,271.3691581493316,-283.2450737989174,-185.05462356940404,-428.06287298399474,205.88562430175105,-931.9487536579318,-573.8109265115181,-455.38633366659633,-489.76852654012765,-588.3022959837936,164.6816437665791,443.2108645402681,-388.0315468395816,-234.55920497660765,-564.1288179765879,1090.7400131283127,-917.2616420923641,-39.674405666821976,-150.29511835519892,-117.104534347591,907.7900888278698,-823.6821290572657,185.31261244254864,-248.74004726242998,-707.7605003099699,-394.215476623217,-315.5073859949184,407.86543415648094,158.95555204841497,475.8753129494057,-106.92304470791566,144.26439186552213,285.8848681426754,-234.77576842576346,36.221516575384946,-63.78609638544198,1053.3146817845209
-169.61333722187433,-14.244744756773057,695.8857931164342,118.24268957117256,165.4675344150123,-649.4520064315153,375.13835656301904,-391.95232492329353,-256.47256915398276,-592.8963410912704,284.2084145485725,-1287.8629405966412,-793.6805716667005,-629.5822626960892,-678.4820063407404,-814.460900618296,227.7415787452393,612.5889967451909,-537.1737918132887,-324.6901679435209,-780.0175204735928,1509.1991463343709,-1268.7342660423556,-55.66068057855037,-208.04735411120856,-161.56613921480275,1255.2275020089994,-1139.8625298868767,257.92046392130004,-343.1917102831613,-980.244937153494,-545.8331887452022,-436.62546133041656,565.0111554550238,220.4622951895224,658.739296797111,-148.3901488948629,199.7670988259409,395.177338355919,-324.6473163858337,50.063318867371635,-88.34386127949514,1458.9063576723458
668.1392375777536,56.53291982043036,-2751.264830174565,-468.8846187274516,-649.4520064315153,2564.4872229123785,-1483.0011597410962,1548.956316155945,1012.3401262428226,2341.7114945605376,-1124.4932151453738,5092.800405233298,3136.5837435048898,2488.623055775181,2679.310473824697,3217.4781413046258,-900.1469251450496,-2422.42983417939,2121.966622072588,1282.4112672139956,3083.5677607988023,-5963.951055393963,5014.320515703503,218.02206960544788,822.2541788589016,639.8927927057832,-4962.127925698945,4504.375110023809,-1015.9778704070303,1358.2083884423791,3871.2206810093985,2155.898274906257,1724.8610364365845,-2230.789793544473,-870.324229967118,-2602.086670667469,585.2397303747929,-788.6283726312533,-1562.0676711511478,1283.5136397022006,-197.9139527063836,348.75723671605505,-5761.246008863394
-386.21459074663414,-32.683820927115406,1591.4988250192287,271.3691581493316,375.13835656301904,-1483.0011597410962,857.8259844454271,-895.7936087200322,-585.387104293554,-1354.2803184500842,650.6221934143189,-2946.0179383877203,-1814.266967418537,-1439.4732768424187,-1549.508953115024,-1860.823190707585,520.7581820447815,1401.1762483422096,-1227.198909105217,-741.5925779332381,-1783.7923433160906,3449.372853710932,-2900.234470587381,-125.93278872743282,-475.6720548859396,-370.16453525520296,2870.1865186708283,-2605.3017211528204,587.1465967220153,-785.6863097095111,-2238.7285638609333,-1246.7846886945715,-997.670910517477,1290.002783576971,503.3340157184783,1504.7651971913642,-338.4263966825394,455.9893108419293,903.4104525903092,-742.4645296881049,114.48910992984119,-201.71925016999978,3331.628387891578
403.42720811817253,34.96427574620144,-1662.545021893985,-283.2450737989174,-391.95232492329353,1548.956316155945,-895.7936087200322,936.2223280529921,611.32765146398,1414.7065721207405,-679.1347212870046,3076.8338630948138,1894.387717714785,1503.1123534495832,1618.462608988213,1943.781331936911,-543.4920710631752,-1464.0656753489927,1281.875067301678,774.5848731782214,1862.5746545054878,-3603.3754044814164,3029.3035949443943,131.3475008409714,496.77870694222133,387.2245242901247,-2998.03762612948,2721.4659016245423,-614.0780350096119,820.8610738095193,2338.5404183352475,1302.3214767415213,1041.5047375961647,-1347.2854378020156,-525.8934803395734,-1572.0429114551393,353.22356959336736,-476.16763554512625,-943.7747638147453,775.4424099756071,-119.48423244389778,210.4171659719258,-3480.3519370469326
263.79084106061794,22.178555516561698,-1085.917820542511,-185.05462356940404,-256.47256915398276,1012.3401262428226,-585.387104293554,611.32765146398,399.6573196291645,924.3557210583815,-443.8879853966821,2010.1892842648772,1238.1717405172133,982.3652689476038,1057.6502273011542,1270.0301790421295,-355.36658417154865,-956.0565311064556,837.6089148960484,506.22662897259204,1217.1999472576504,-2354.0485684524087,1979.255645050357,86.14167504824628,324.57599096623517,252.45457072362223,-1958.6004615185414,1777.9627220343375,-401.01295635764006,536.0161114431774,1528.12478019355,851.0152498033768,680.938791224338,-880.6363133533424,-343.5381534797181,-1027.0895424532473,231.08304855737455,-311.33662404666416,-616.5385889663229,506.63546510597257,-78.13801960774357,137.71948735280597,-2274.167652696497
610.0948486310053,52.30843111099001,-2513.3241775013485,-428.06287298399474,-592.8963410912704,2341.7114945605376,-1354.2803184500842,1414.7065721207405,924.3557210583815,2138.7988450073894,-1027.0001159363972,4651.236771495039,2864.3852942932217,2272.483751868405,2447.0397831180235,2938.5257456141894,-822.1461240156957,-2212.4907267723192,1937.8176227382914,1170.8467854885246,2816.412241638317,-5446.845487256656,4579.281792446757,198.9714543792334,751.3307659979981,584.6648126151457,-4531.880818358617,4114.240156712767,-927.8892872057405,1240.2154039128834,3535.2687214619327,1968.744259288193,1575.088124806433,-2036.9153427685392,-795.1911412751241,-2376.017012534723,534.4224647191108,-719.7952366499824,-1426.1614203879406,1172.403705744233,-180.72182627937866,318.41640663086986,-5261.065320604982
-292.77317642539344,-24.66771879321342,1207.1303884799427,205.88562430175105,284.2084145485725,-1124.4932151453738,650.6221934143189,-679.1347212870046,-443.8879853966821,-1027.0001159363972,493.6673041246057,-2234.466463462658,-1376.1024875881167,-1091.7567934701842,-1175.0766179909865,-1411.1302705808575,395.1501781438113,1062.484525908075,-930.5800125803255,-562.2694741163559,-1353.1677165252302,2615.7394302305706,-2199.4219008649975,-95.46921185391203,-360.9098277079574,-280.6126639666484,2176.7200660262606,-1975.8705039358808,444.81721850054186,-595.750921825809,-1697.5567072931678,-945.4046195891941,-756.7638138449147,978.1501913457786,381.73376709445864,1140.8584023492704,-256.70812025356616,345.68223202659726,684.9114943701917,-563.1866886626239,86.86355703856557,-153.0579818858356,2526.101349718334
1326.1646944598076,113.0727339785054,-5466.52869412963,-931.9487536579318,-1287.8629405966412,5092.800405233298,-2946.0179383877203,3076.8338630948138,2010.1892842648772,4651.236771495039,-2234.466463462658,10118.128897111821,6230.578632664515,4943.426498203546,5321.548571102903,6390.8638838432535,-1788.3679620029043,-4812.69349646404,4214.584029799392,2546.64264112226,6126.300699788765,-11846.877204934219,9960.554750827974,432.1438451743447,1633.905649246073,1271.8655475048797,-9857.69800199111,8948.125872319746,-2016.5596449087707,2698.5057142873948,7688.439240752148,4281.777803271925,3425.991469094227,-4429.902552567609,-1728.8732117383574,-5167.747302411194,1162.0357426074077,-1565.6436537420698,-3102.4932809094953,2550.105871387916,-393.1536196915275,692.5757101592217,-11441.673902773186
816.9787674078297,69.00636789891206,-3365.994569747692,-573.8109265115181,-793.6805716667005,3136.5837435048898,-1814.266967418537,1894.387717714785,1238.1717405172133,2864.3852942932217,-1376.1024875881167,6230.578632664515,3837.287451001112,3044.4430142525275,3277.374988386311,3935.6573207703664,-1101.560721104442,-2963.136740133655,2595.4991126425807,1568.3997855982616,3772.876684428019,-7295.180315946783,6133.799821278811,266.5364804295197,1006.1832800683711,782.6268633439345,-6070.186231491376,5510.23918237549,-1241.7934055779378,1661.3642977273828,4734.935669089847,2636.9334974085255,2110.245262147827,-2728.4185885990496,-1064.670560909201,-3182.3719940644332,715.9495076243019,-964.3765291242863,-1910.4301370862465,1570.3416388623318,-242.16951805934426,426.7390169594389,-7046.309130149238
648.1168461161162,54.63008722617155,-2670.380349485174,-455.38633366659633,-629.5822626960892,2488.623055775181,-1439.4732768424187,1503.1123534495832,982.3652689476038,2272.483751868405,-1091.7567934701842,4943.426498203546,3044.4430142525275,2415.556075554838,2600.1045527596993,3122.481100270786,-873.8414261965181,-2351.113517273653,2059.2980381246175,1244.50318162223,2993.172021560213,-5788.063934058781,4866.68067341244,211.37422891419854,798.1040751482013,621.0412421066222,-4816.179298594631,4371.621112218871,-985.2313382282771,1318.401249766367,3756.710351725624,2092.1847582428813,1674.177737779293,-2164.7847377378635,-844.516892690383,-2525.1088913570816,567.9247036564276,-765.2826806995023,-1516.016548488207,1245.8313170867555,-192.13109842703037,338.53442869144357,-5590.690685486548
698.0972629271225,59.601237194776026,-2875.4210845558955,-489.76852654012765,-678.4820063407404,2679.310473824697,-1549.508953115024,1618.462608988213,1057.6502273011542,2447.0397831180235,-1175.0766179909865,5321.548571102903,3277.374988386311,2600.1045527596993,2799.7800140520576,3362.039452248258,-940.7374995549726,-2531.1825523648745,2217.128033186634,1339.642002800041,3222.4317277519635,-6231.7525250454,5239.270760992427,227.76993536273085,859.5984585889908,668.7228477575387,-5184.9531167502355,4707.121485527254,-1061.5375708205056,1418.8710376716328,4044.8391804827097,2252.5250142834034,1802.2716038120636,-2330.6041833360514,-909.7717639680241,-2718.458416774219,611.554669628991,-823.6175714833661,-1631.6978105761773,1341.350768531214,-206.7895415948565,364.38762358327745,-6019.378040854736
838.173716899782,71.68487977249971,-3453.10662698577,-588.3022959837936,-814.460900618296,3217.4781413046258,-1860.823190707585,1943.781331936911,1270.0301790421295,2938.5257456141894,-1411.1302705808575,6390.8638838432535,3935.6573207703664,3122.481100270786,3362.039452248258,4037.394986230804,-1129.5845992090922,-3039.9988981246956,2662.527157826214,1608.806114206525,3869.6552048358603,-7483.8428476045365,6291.951670055889,273.32046368591256,1032.1703490353802,803.3296509227454,-6226.803838062119,5652.700547439845,-1274.7386819787503,1704.2542779744413,4857.327267733245,2705.019874381825,2164.1569509102674,-2798.6988867905343,-1092.4110139563304,-3264.7138082298748,734.2292614724065,-989.0906344312916,-1959.7308257147824,1610.802095562919,-248.3119187290995,437.49423183401757,-7228.58749601933
-234.47655588216452,-19.713463994428096,966.2464445998079,164.6816437665791,227.7415787452393,-900.1469251450496,520.7581820447815,-543.4920710631752,-355.36658417154865,-822.1461240156957,395.1501781438113,-1788.3679620029043,-1101.560721104442,-873.8414261965181,-940.7374995549726,-1129.5845992090922,316.3951753670574,850.2417526228004,-744.883683166414,-450.0245196234804,-1083.240813568829,2093.6436319300083,-1760.4012566474305,-76.57150677998742,-288.9867046326765,-224.43778786115305,1742.1804425882838,-1581.6343985527176,356.11911038716613,-476.61171267730685,-1358.8683086859278,-756.7572093560079,-605.8648743461399,783.0175096939726,305.6728578026685,913.0931178073483,-205.61048728404597,276.67023967469567,548.0510995648102,-450.8108163636532,69.53730669596939,-122.5766881276643,2022.0379323932666
-630.7805697145135,-54.44561300161121,2600.3631728273954,443.2108645402681,612.5889967451909,-2422.42983417939,1401.1762483422096,-1464.0656753489927,-956.0565311064556,-2212.4907267723192,1062.484525908075,-4812.69349646404,-2963.136740133655,-2351.113517273653,-2531.1825523648745,-3039.9988981246956,850.2417526228004,2289.7934277267427,-2004.7909193373014,-1211.384682449643,-2913.5097162154193,5635.609589268494,-4737.969823559946,-205.33866038104333,-777.0412197944863,-605.5351815990217,4689.141792210568,-4256.415943001827,959.8493728773235,-1283.924483145845,-3657.2476049384395,-2036.7440139807827,-1629.1216580265375,2107.038406199376,822.4142506687168,2458.479279252028,-552.4562448315671,744.6746237535108,1476.03533936438,-1212.9045381302512,186.91677552776568,-329.1697231397782,5442.813931929531
552.775754763011,47.06651627547714,-2277.0086847422585,-388.0315468395816,-537.1737918132887,2121.966622072588,-1227.198909105217,1281.875067301678,837.6089148960484,1937.8176227382914,-930.5800125803255,4214.584029799392,2595.4991126425807,2059.2980381246175,2217.128033186634,2662.527157826214,-744.883683166414,-2004.7909193373014,1755.911987939897,1061.0925557966953,2551.8116190122814,-4935.388081167493,4149.452221344549,180.2746801830728,680.5415590659643,529.7204852352312,-4106.405291356034,3727.6330636653024,-840.6678681404653,1124.0165463764577,3203.3581362861228,1783.9559695417845,1427.2383938610462,-1845.802911619817,-720.2870973446604,-2153.1565626217516,484.20348681009443,-652.4335437412153,-1292.5687823903686,1062.2088745249264,-163.7609603300196,288.5345219214992,-4767.266636182978
334.0557525970153,28.113460293836514,-1375.5436134219192,-234.55920497660765,-324.6901679435209,1282.4112672139956,-741.5925779332381,774.5848731782214,506.22662897259204,1170.8467854885246,-562.2694741163559,2546.64264112226,1568.3997855982616,1244.50318162223,1339.642002800041,1608.806114206525,-450.0245196234804,-1211.384682449643,1061.0925557966953,641.3731672097562,1541.7433546789557,-2982.2226481699013,2507.4447816493116,108.97624176635794,410.99623613326077,320.0013331461506,-2481.30218185407,2252.1753761928408,-508.0015031009178,679.3482607027477,1935.7799494691221,1078.0722749623574,862.4660670510973,-1115.5544291821038,-435.03696889956797,-1301.3103215385868,292.5834845993299,-394.4800603596544,-781.3107961929828,641.7362257560176,-98.96439646017237,174.38087870812706,-2880.975845212398
803.12473810618485,68.33445961799042,-3310.1361101345224,-564.1288179765879,-780.0175204735928,3083.5677607988023,-1783.7923433160906,1862.5746545054878,1217.1999472576504,2816.412241638317,-1353.1677165252302,6126.300699788765,3772.876684428019,2993.172021560213,3222.4317277519635,3869.6552048358603,-1083.240813568829,-2913.5097162154193,2551.8116190122814,1541.7433546789557,3710.0055131443974,-7172.804057789495,6030.758790167479,261.9306489052378,989.6702878893399,769.6591573131981,-5968.466598505013,5418.215688071074,-1220.7394337936803,1633.3345686843368,4655.183049675699,2592.4816186002113,2074.782965325334,-2682.224376785634,-1047.0861089470243,-3128.531754907836,703.9065052935877,-947.7854456622688,-1877.9765177516038,1544.1941236745813,-238.0952320703379,419.53021196134483,-6927.401214635767
-1553.4150872730893,-133.04209648493065,6400.927506755222,1090.7400131283127,1509.1991463343709,-5963.951055393963,3449.372853710932,-3603.3754044814164,-2354.0485684524087,-5446.845487256656,2615.7394302305706,-11846.877204934219,-7295.180315946783,-5788.063934058781,-6231.7525250454,-7483.8428476045365,2093.6436319300083,5635.609589268494,-4935.388081167493,-2982.2226481699013,-7172.804057789495,13872.731230892188,-11663.34033244695,-506.30479544856416,-1913.105296553161,-1489.5079011791024,11542.704587737035,-10478.089285930582,2362.8261498995466,-3159.6270528056652,-9003.653253683524,-5014.134309630863,-4011.3286935426136,5187.64957511726,2024.7526032703804,6051.850541179013,-1360.7220408203764,1833.4490366096572,3633.0271244611713,-2985.858150212252,460.25939389362986,-810.8092473981487,13399.212090532072
1305.9873819227762,111.25110073540009,-5381.30891700048,-917.2616420923641,-1268.7342660423556,5014.320515703503,-2900.234470587381,3029.3035949443943,1979.255645050357,4579.281792446757,-2199.4219008649975,9960.554750827974,6133.799821278811,4866.68067341244,5239.270760992427,6291.951670055889,-1760.4012566474305,-4737.969823559946,4149.452221344549,2507.4447816493116,6030.758790167479,-11663.34033244695,9806.127055407249,425.73470995490607,1608.3214531390909,1252.0257565921734,-9704.591762170721,8809.216515748332,-1986.09600497827,2656.5632707263157,7569.796648662196,4215.676901870846,3372.831276189505,-4361.688915023062,-1702.078096958785,-5088.1339186432215,1144.1193484226433,-1541.6812129368209,-3054.6301498713674,2510.343249665353,-387.0206229761279,681.8292422974383,-11265.351798116471
56.99420762144714,4.5303579461198105,-233.4344058792989,-39.674405666821976,-55.66068057855037,218.02206960544788,-125.93278872743282,131.3475008409714,86.14167504824628,198.9714543792334,-95.46921185391203,432.1438451743447,266.5364804295197,211.37422891419854,227.76993536273085,273.32046368591256,-76.57150677998742,-205.33866038104333,180.2746801830728,108.97624176635794,261.9306489052378,-506.30479544856416,425.73470995490607,18.81717662294953,69.85335344244754,53.97793864097592,-421.12851785749757,382.47133184872445,-86.41991553348367,115.01275548458271,328.9825847083865,183.19119490398177,146.72819212747518,-189.7100427528457,-73.9845279089395,-220.9860695053195,49.93028337081865,-67.08800594039988,-132.52674261049438,108.94945462352858,-16.827529430334888,29.749865970204866,-489.5720865556617
214.21294276155274,18.607307143978534,-883.2350756208828,-150.29511835519892,-208.04735411120856,822.2541788589016,-475.6720548859396,496.77870694222133,324.57599096623517,751.3307659979981,-360.9098277079574,1633.905649246073,1006.1832800683711,798.1040751482013,859.5984585889908,1032.1703490353802,-288.9867046326765,-777.0412197944863,680.5415590659643,410.99623613326077,989.6702878893399,-1913.105296553161,1608.3214531390909,69.85335344244754,264.2385493492058,205.35851199738624,-1591.8395143136954,1445.433388187992,-325.6545372414908,435.38240361039783,1241.5289519587186,691.3567968062717,553.2988755976684,-715.1927667434985,-279.5261501669881,-834.1434910415811,187.7669935356812,-252.52769490492147,-500.53001438108873,411.98285817801707,-63.491954729838454,111.87354117560525,-1847.371778244631
166.51619957154924,14.98360309127437,-687.4639754564919,-117.104534347591,-161.56613921480275,639.8927927057832,-370.16453525520296,387.2245242901247,252.45457072362223,584.6648126151457,-280.6126639666484,1271.8655475048797,782.6268633439345,621.0412421066222,668.7228477575387,803.3296509227454,-224.43778786115305,-605.5351815990217,529.7204852352312,320.0013331461506,769.6591573131981,-1489.5079011791024,1252.0257565921734,53.97793864097592,205.35851199738624,160.5061935629222,-1239.3235193487205,1124.944605091134,-253.8551683567276,339.527906462187,966.3077686299481,538.12630685326,430.088531257556,-556.4965267028466,-217.39147594725588,-649.6918547692565,145.7302426470624,-196.58997775630823,-390.1064555093754,320.5454733425073,-49.335646775530385,86.77989404685522,-1438.1400362902439
-1292.2902058634165,-110.4742031292334,5325.988543689503,907.7900888278698,1255.2275020089994,-4962.127925698945,2870.1865186708283,-2998.03762612948,-1958.6004615185414,-4531.880818358617,2176.7200660262606,-9857.69800199111,-6070.186231491376,-4816.179298594631,-5184.9531167502355,-6226.803838062119,1742.1804425882838,4689.141792210568,-4106.405291356034,-2481.30218185407,-5968.466598505013,11542.704587737035,-9704.591762170721,-421.12851785749757,-1591.8395143136954,-1239.3235193487205,9604.310199257618,-8718.254705505979,1965.4015791866768,-2629.1365580863007,-7491.2039818948115,-4171.895438298232,-3337.753082730135,4316.225728778217,1684.5609345373307,5035.257344461791,-1132.151936757952,1525.477559064958,3022.8749763302676,-2484.471081188982,382.9968992516971,-674.6851293532718,11148.30303840926
1173.3134075205473,100.7782882661394,-4835.209535953499,-823.6821290572657,-1139.8625298868767,4504.375110023809,-2605.3017211528204,2721.4659016245423,1777.9627220343375,4114.240156712767,-1975.8705039358808,8948.125872319746,5510.23918237549,4371.621112218871,4707.121485527254,5652.700547439845,-1581.6343985527176,-4256.415943001827,3727.6330636653024,2252.1753761928408,5418.215688071074,-10478.089285930582,8809.216515748332,382.47133184872445,1445.433388187992,1124.944605091134,-8718.254705505979,7914.647253704261,-1784.4721398406462,2386.0503513546146,6800.368409032334,3787.0663407301004,3029.918462289772,-3918.0279275209855,-1529.6597887580976,-4570.4902719490365,1027.9056856634745,-1384.4562128912874,-2743.4807649713503,2255.469217245887,-347.6581429266077,612.4735571603729,-10119.984468348333
-264.9484813829011,-23.221215457587974,1089.8959479421244,185.31261244254864,257.92046392130004,-1015.9778704070303,587.1465967220153,-614.0780350096119,-401.01295635764006,-927.8892872057405,444.81721850054186,-2016.5596449087707,-1241.7934055779378,-985.2313382282771,-1061.5375708205056,-1274.7386819787503,356.11911038716613,959.8493728773235,-840.6678681404653,-508.0015031009178,-1220.7394337936803,2362.8261498995466,-1986.09600497827,-86.41991553348367,-325.6545372414908,-253.8551683567276,1965.4015791866768,-1784.4721398406462,403.62918491109684,-537.908204480759,-1533.8675132260303,-854.131072816873,-682.7553419650036,883.7171729364568,345.0474350163851,1031.0947494105772,-231.71082546440994,312.32352196847233,618.7995466107687,-508.283254564675,78.28448138553311,-137.90965354163382,2282.9391321168746
353.51440925782464,30.183800285998807,-1457.6054187171173,-248.74004726242998,-343.1917102831613,1358.2083884423791,-785.6863097095111,820.8610738095193,536.0161114431774,1240.2154039128834,-595.750921825809,2698.5057142873948,1661.3642977273828,1318.401249766367,1418.8710376716328,1704.2542779744413,-476.61171267730685,-1283.924483145845,1124.0165463764577,679.3482607027477,1633.3345686843368,-3159.6270528056652,2656.5632707263157,115.01275548458271,435.38240361039783,339.527906462187,-2629.1365580863007,2386.0503513546146,-537.908204480759,720.223162424569,2050.393015875933,1141.9417425015565,913.3814891089521,-1181.3949121672974,-460.78265076861794,-1378.5888767468766,309.63243103864227,-417.72164603850104,-827.9309663364872,679.9227655741787,-104.8066098751656,184.54586468158396,-3051.5971006930818
1008.5617488059092,85.89643129098869,-4153.902345601044,-707.7605003099699,-980.244937153494,3871.2206810093985,-2238.7285638609333,2338.5404183352475,1528.12478019355,3535.2687214619327,-1697.5567072931678,7688.439240752148,4734.935669089847,3756.710351725624,4044.8391804827097,4857.327267733245,-1358.8683086859278,-3657.2476049384395,3203.3581362861228,1935.7799494691221,4655.183049675699,-9003.653253683524,7569.796648662196,328.9825847083865,1241.5289519587186,966.3077686299481,-7491.2039818948115,6800.368409032334,-1533.8675132260303,2050.393015875933,5844.051682843962,3254.537938953828,2603.7188670020496,-3367.414624269268,-1314.0973734435604,-3928.0540649430627,883.3989252850891,-1190.2640825885123,-2357.973082838454,1937.7715730204561,-298.74592145204764,526.3877174671543,-8697.174145049694
561.6377031210374,47.74003129039416,-2313.253331220612,-394.215476623217,-545.8331887452022,2155.898274906257,-1246.7846886945715,1302.3214767415213,851.0152498033768,1968.744259288193,-945.4046195891941,4281.777803271925,2636.9334974085255,2092.1847582428813,2252.5250142834034,2705.019874381825,-756.7572093560079,-2036.7440139807827,1783.9559695417845,1078.0722749623574,2592.4816186002113,-5014.134309630863,4215.676901870846,183.19119490398177,691.3567968062717,538.12630685326,-4171.895438298232,3787.0663407301004,-854.131072816873,1141.9417425015565,3254.537938953828,1812.4608191811458,1450.0391904772196,-1875.3336042927358,-731.7547862404684,-2187.5734332930065,491.9516383716055,-662.9045410409407,-1313.2326160488742,1079.1333930089866,-166.37758397729212,293.1541402106118,-4843.4569419116515
449.3469719599394,37.67953487251575,-1850.770087741226,-315.5073859949184,-436.62546133041656,1724.8610364365845,-997.670910517477,1041.5047375961647,680.938791224338,1575.088124806433,-756.7638138449147,3425.991469094227,2110.245262147827,1674.177737779293,1802.2716038120636,2164.1569509102674,-605.8648743461399,-1629.1216580265375,1427.2383938610462,862.4660670510973,2074.782965325334,-4011.3286935426136,3372.831276189505,146.72819212747518,553.2988755976684,430.088531257556,-3337.753082730135,3029.918462289772,-682.7553419650036,913.3814891089521,2603.7188670020496,1450.0391904772196,1160.6006626301821,-1500.4438798135636,-585.4467897816971,-1749.8827773588114,393.83450662843376,-530.363785647738,-1050.436119039944,863.4894287782777,-133.19049304142086,234.76084304331062,-3874.690104230501
-581.2213369744076,-49.00565186965262,2393.048995815156,407.86543415648094,565.0111554550238,-2230.789793544473,1290.002783576971,-1347.2854378020156,-880.6363133533424,-2036.9153427685392,978.1501913457786,-4429.902552567609,-2728.4185885990496,-2164.7847377378635,-2330.6041833360514,-2798.6988867905343,783.0175096939726,2107.038406199376,-1845.802911619817,-1115.5544291821038,-2682.224376785634,5187.64957511726,-4361.688915023062,-189.7100427528457,-715.1927667434985,-556.4965267028466,4316.225728778217,-3918.0279275209855,883.7171729364568,-1181.3949121672974,-3367.414624269268,-1875.3336042927358,-1500.4438798135636,1940.5398386821596,757.0016382415184,2263.444004402133,-509.11879293973436,686.0631377723628,1358.779621119585,-1116.4352303371015,172.16825880400978,-303.4112391215167,5011.477304162554
-226.82915807613688,-19.82259265909872,934.6025113497917,158.95555204841497,220.4622951895224,-870.324229967118,503.3340157184783,-525.8934803395734,-343.5381534797181,-795.1911412751241,381.73376709445864,-1728.8732117383574,-1064.670560909201,-844.516892690383,-909.7717639680241,-1092.4110139563304,305.6728578026685,822.4142506687168,-720.2870973446604,-435.03696889956797,-1047.0861089470243,2024.7526032703804,-1702.078096958785,-73.9845279089395,-279.5261501669881,-217.39147594725588,1684.5609345373307,-1529.6597887580976,345.0474350163851,-460.78265076861794,-1314.0973734435604,-731.7547862404684,-585.4467897816971,757.0016382415184,295.85213370834333,883.0008188856561,-198.6937395532956,267.32569520765145,529.8381013160844,-435.8995365898961,67.15899797546554,-118.32988017975194,1955.4746261188507
-677.8131032278369,-57.65803301207079,2791.7021929325697,475.8753129494057,658.739296797111,-2602.086670667469,1504.7651971913642,-1572.0429114551393,-1027.0895424532473,-2376.017012534723,1140.8584023492704,-5167.747302411194,-3182.3719940644332,-2525.1088913570816,-2718.458416774219,-3264.7138082298748,913.0931178073483,2458.479279252028,-2153.1565626217516,-1301.3103215385868,-3128.531754907836,6051.850541179013,-5088.1339186432215,-220.9860695053195,-834.1434910415811,-649.6918547692565,5035.257344461791,-4570.4902719490365,1031.0947494105772,-1378.5888767468766,-3928.0540649430627,-2187.5734332930065,-1749.8827773588114,2263.444004402133,883.0008188856561,2640.5860275195782,-593.5848492273304,800.2318283227338,1585.356258142121,-1302.292867403179,200.76845245698556,-353.7016142419776,5846.010170642737
152.57149286272858,12.710462587061981,-627.8135648205202,-106.92304470791566,-148.3901488948629,585.2397303747929,-338.4263966825394,353.22356959336736,231.08304855737455,534.4224647191108,-256.70812025356616,1162.0357426074077,715.9495076243019,567.9247036564276,611.554669628991,734.2292614724065,-205.61048728404597,-552.4562448315671,484.20348681009443,292.5834845993299,703.9065052935877,-1360.7220408203764,1144.1193484226433,49.93028337081865,187.7669935356812,145.7302426470624,-1132.151936757952,1027.9056856634745,-231.71082546440994,309.63243103864227,883.3989252850891,491.9516383716055,393.83450662843376,-509.11879293973436,-198.6937395532956,-593.5848492273304,133.73089374831693,-179.93511039040573,-356.2155956656074,292.93029724717803,-45.19440891135243,79.70431479942009,-1314.5728821608418
-205.44782671089894,-16.96153760689056,845.4047985095881,144.26439186552213,199.7670988259409,-788.6283726312533,455.9893108419293,-476.16763554512625,-311.33662404666416,-719.7952366499824,345.68223202659726,-1565.6436537420698,-964.3765291242863,-765.2826806995023,-823.6175714833661,-989.0906344312916,276.67023967469567,744.6746237535108,-652.4335437412153,-394.4800603596544,-947.7854456622688,1833.4490366096572,-1541.6812129368209,-67.08800594039988,-252.52769490492147,-196.58997775630823,1525.477559064958,-1384.4562128912874,312.32352196847233,-417.72164603850104,-1190.2640825885123,-662.9045410409407,-530.363785647738,686.0631377723628,267.32569520765145,800.2318283227338,-179.93511039040573,242.7310307697066,480.5282669369502,-394.4653380818014,60.86158903705842,-107.2684916226684,1771.5216536044247
-406.7598230985282,-34.41788586704361,1675.7016632766304,285.8848681426754,395.177338355919,-1562.0676711511478,903.4104525903092,-943.7747638147453,-616.5385889663229,-1426.1614203879406,684.9114943701917,-3102.4932809094953,-1910.4301370862465,-1516.016548488207,-1631.6978105761773,-1959.7308257147824,548.0510995648102,1476.03533936438,-1292.5687823903686,-781.3107961929828,-1877.9765177516038,3633.0271244611713,-3054.6301498713674,-132.52674261049438,-500.53001438108873,-390.1064555093754,3022.8749763302676,-2743.4807649713503,618.7995466107687,-827.9309663364872,-2357.973082838454,-1313.2326160488742,-1050.436119039944,1358.779621119585,529.8381013160844,1585.356258142121,-356.2155956656074,480.5282669369502,952.0277403401044,-781.7098475319185,120.52514407877644,-212.29675201581438,3509.4259209225843
334.2788361455798,28.66332718638319,-1377.977085931523,-234.77576842576346,-324.6473163858337,1283.5136397022006,-742.4645296881049,775.4424099756071,506.63546510597257,1172.403705744233,-563.1866886626239,2550.105871387916,1570.3416388623318,1245.8313170867555,1341.350768531214,1610.802095562919,-450.8108163636532,-1212.9045381302512,1062.2088745249264,641.7362257560176,1544.1941236745813,-2985.858150212252,2510.343249665353,108.94945462352858,411.98285817801707,320.5454733425073,-2484.471081188982,2255.469217245887,-508.283254564675,679.9227655741787,1937.7715730204561,1079.1333930089866,863.4894287782777,-1116.4352303371015,-435.8995365898961,-1302.292867403179,292.93029724717803,-394.4653380818014,-781.7098475319185,642.8090792304737,-99.09325799663935,174.5695819492323,-2883.615081154888
-51.542795311486614,-4.279245020177446,212.36037699048333,36.221516575384946,50.063318867371635,-197.9139527063836,114.48910992984119,-119.48423244389778,-78.13801960774357,-180.72182627937866,86.86355703856557,-393.1536196915275,-242.16951805934426,-192.13109842703037,-206.7895415948565,-248.3119187290995,69.53730669596939,186.91677552776568,-163.7609603300196,-98.96439646017237,-238.0952320703379,460.25939389362986,-387.0206229761279,-16.827529430334888,-63.491954729838454,-49.335646775530385,382.9968992516971,-347.6581429266077,78.28448138553311,-104.8066098751656,-298.74592145204764,-166.37758397729212,-133.19049304142086,172.16825880400978,67.15899797546554,200.76845245698556,-45.19440891135243,60.86158903705842,120.52514407877644,-99.09325799663935,15.291365372963751,-26.9494886607051,444.5604708586987
90.88108262062377,7.411491627315612,-374.0629613273339,-63.78609638544198,-88.34386127949514,348.75723671605505,-201.71925016999978,210.4171659719258,137.71948735280597,318.41640663086986,-153.0579818858356,692.5757101592217,426.7390169594389,338.53442869144357,364.38762358327745,437.49423183401757,-122.5766881276643,-329.1697231397782,288.5345219214992,174.38087870812706,419.53021196134483,-810.8092473981487,681.8292422974383,29.749865970204866,111.87354117560525,86.77989404685522,-674.6851293532718,612.4735571603729,-137.90965354163382,184.54586468158396,526.3877174671543,293.1541402106118,234.76084304331062,-303.4112391215167,-118.32988017975194,-353.7016142419776,79.70431479942009,-107.2684916226684,-212.29675201581438,174.5695819492323,-26.9494886607051,47.539324396762574,-783.2964987510896
-1500.96573757023,-127.78274810779759,6181.495495852432,1053.3146817845209,1458.9063576723458,-5761.246008863394,3331.628387891578,-3480.3519370469326,-2274.167652696497,-5261.065320604982,2526.101349718334,-11441.673902773186,-7046.309130149238,-5590.690685486548,-6019.378040854736,-7228.58749601933,2022.0379323932666,5442.813931929531,-4767.266636182978,-2880.975845212398,-6927.401214635767,13399.212090532072,-11265.351798116471,-489.5720865556617,-1847.371778244631,-1438.1400362902439,11148.30303840926,-10119.984468348333,2282.9391321168746,-3051.5971006930818,-8697.174145049694,-4843.4569419116515,-3874.690104230501,5011.477304162554,1955.4746261188507,5846.010170642737,-1314.5728821608418,1771.5216536044247,3509.4259209225843,-2883.615081154888,444.5604708586987,-783.2964987510896,12943.417046613817
