V1,V2,V3,V4,V5,V6,V7,V8,V9,V10,V11,V12,V13,V14,V15,V16,V17,V18,V19,V20,V21,V22,V23,V24,V25,V26,V27,V28,V29,V30,V31,V32,V33,V34,V35,V36,V37,V38,V39,V40,V41,V42,V43
11.364757629891454,-13.239997161962282,8.217654567669657,5.623899992202219,-22.25779894915272,12.935226748504235,-0.9578503902286266,-7.473079344559314,8.756630790126453,6.335246529224063,0.17364029215198162,-11.004611749132392,10.034045054194907,4.23413864815109,11.77249907271447,5.694038817463424,-5.9708282787380496,14.941023655323894,4.806277664242621,4.72912458520742,4.226125734309683,3.0420601024178597,-0.017815927761606412,13.079552520150799,1.1331088740577013,-15.476657543775964,8.006626590615804,0.36966256613583964,-6.363383896585847,-13.136303217350921,13.242575723910177,6.615252264023625,12.085566801938132,-14.094727869101975,-2.8347317000165124,-2.7140835225452435,10.256149418259069,-6.4774092852545655,4.043803954612,-1.0194646295614045,-1.2278321337342506,6.382686951743832,-18.49205657403557
-13.239997161962282,18.670482527401987,-10.21236833757984,-6.030019897697548,25.844434493762314,-15.721263102932287,1.6224753148514808,10.450226386171385,-10.886278262729304,-7.03499164162259,1.4019810659988337,12.039433334509035,-14.443305319852133,-6.154626065894301,-14.83907604122806,-6.48275049602617,8.776586292980014,-20.074879812446127,-5.405987540384006,-5.410298358315064,-7.7174913558533556,-5.217560875380038,0.03790810459992483,-15.852833583015261,-1.9357662934401927,20.466929637357037,-9.830351544701653,-0.2764146505497749,4.949610427932462,16.608480358330826,-15.234275943296693,-7.376355582418691,-16.377311206397664,17.059868918056544,3.4944046087334515,1.9124379400020153,-13.740426985844117,7.90910394570817,-5.463440606249682,0.8405947879190662,2.1885452703669825,-8.017028369694318,20.184240943648973
8.217654567669657,-10.21236833757984,6.187095469368916,4.023912744164688,-16.179131679219495,9.657447195862085,-0.639371194635259,-5.4809880268463536,6.533734168460349,4.5071460594996315,-0.008929737106149896,-8.067063121219816,7.742118964880677,3.0954913392819225,8.989893462427174,4.137066720511047,-4.533019283518766,11.438969546930926,3.433475376248641,3.40455617617312,3.4651973444132316,2.4731832066270507,-0.06333666278901653,9.452701100761114,0.8854142069623483,-11.622159998743486,5.980285408344241,0.2797990667606709,-4.487196730101196,-9.785217899955775,9.688634253253387,4.6668776815268815,9.072371148336527,-10.369617650696593,-2.2662332745518796,-1.8435840564087236,7.94187379918833,-4.799653531162078,2.939088975400173,-0.7292898847970146,-1.1548945952218952,4.462980366963308,-13.313344796346062
5.623899992202219,-6.030019897697548,4.023912744164688,2.8980725504274196,-11.073397680543984,6.38287125316031,-0.3164787875662172,-3.288111940778831,4.25843439323395,3.1945278111660644,0.44018253230234483,-5.697096177519784,4.4988494729399715,1.7983462894796323,5.77139386179112,2.860183297173523,-2.5838560990753066,7.014015348640026,2.4022902419566763,2.351900571724744,1.5699222597668747,1.2087101154804216,-0.031532978258960176,6.302930393968659,0.42494773567449057,-7.242435238132326,3.9371698525466257,0.23512802502982397,-3.739593582894713,-6.316593967835042,6.658377487876609,3.3028260441630652,5.552901645239292,-6.901541834544729,-1.4588965206165798,-1.6027555665582236,4.868514766131628,-3.167134361797681,1.8188260264076914,-0.5814902239105093,-0.5470181023445924,2.928911103900388,-9.465184105009268
-22.25779894915272,25.844434493762314,-16.179131679219495,-11.073397680543984,43.72095284675799,-25.47940851472472,1.7263668919281807,14.335515892696776,-17.179641147848432,-12.367233729067298,-0.5037046123221326,21.842232552380256,-19.505765560385953,-8.061457669019777,-23.261471881739038,-11.241795826712146,11.565635619403567,-29.32496875093478,-9.449482529436674,-9.311251085593964,-8.092816458132615,-5.86279140507269,0.06304289960724624,-25.54027144289862,-2.2150665191851644,30.20702462848112,-15.683366412883284,-0.7264964165749894,12.792456133813301,25.648132307807405,-26.082494235396677,-12.907679851968759,-23.498344997849095,27.610685896236692,5.718639526024474,5.490278394664808,-20.22500285324362,12.729344674246484,-7.749850664362145,2.1175608504971377,2.4721206106509737,-12.27089286380255,36.49453891608995
12.935226748504235,-15.721263102932287,9.657447195862085,6.38287125316031,-25.47940851472472,15.117392451068442,-0.9643159873134948,-8.45429410936915,10.200152292124573,7.117976702307749,0.13173493316069046,-12.771913660475846,11.883432592842288,4.752087889396949,14.00844310451871,6.538165008253432,-6.9646560908793544,17.71717100901169,5.437518932239212,5.383608563740923,5.167022013584032,3.7148920635244735,-0.08922844620286144,14.84035703774687,1.3518588875225799,-18.033789732662985,9.328614150645173,0.4404335519409299,-7.277899016789537,-15.234028074779971,15.26109370803044,7.382737512779574,14.03882593644007,-16.24055378428335,-3.5351272286351096,-3.0366958614103683,12.301441857401944,-7.516140735466729,4.545173878029833,-1.199847375693087,-1.7193805670532094,6.992204242990051,-21.104586602826572
-0.9578503902286266,1.6224753148514808,-0.639371194635259,-0.3164787875662172,1.7263668919281807,-0.9643159873134948,0.357072370445438,1.2479249076648717,-0.7602900752977573,-0.4945403298945473,0.462861354585947,0.4606671470075236,-1.35039630252757,-0.8165610968744852,-0.8363354546384427,-0.38602906770198386,0.9641550556496112,-1.5282408134554035,-0.374298953774455,-0.3705762043256283,-0.9710972789670647,-0.5899231931935347,-0.054236342447891966,-1.3527692358630503,-0.25263083117380164,1.7465973971305155,-0.6454274959213925,0.042015389461736295,-0.31566960184708737,1.2839422838604488,-0.8899256462404133,-0.5741546580057966,-1.530935781544982,1.2244484293929956,0.036536687252905944,-0.1344189111238844,-0.9157695504454272,0.5429060906414753,-0.6349069680369406,-0.05534430867612676,0.07245445143852032,-0.9690697213830906,1.067918083316565
-7.473079344559314,10.450226386171385,-5.4809880268463536,-3.288111940778831,14.335515892696776,-8.45429410936915,1.2479249076648717,6.465532945597294,-5.983137995869412,-4.025576103922883,1.1277627770027614,6.1967522520273155,-8.219640172079664,-3.9191161505881658,-7.761468893676121,-3.5211170669854472,5.1934512041119785,-10.984250948388716,-3.0398964031460953,-3.015372995417071,-4.587058970372534,-3.0270248528502965,-0.07533458772389477,-9.178517517584146,-1.1552418223028837,11.593281950959573,-5.375761155474874,-0.09186256499518333,2.0706906709233954,9.324220868615416,-8.257205771049597,-4.296962878729338,-9.45323321745288,9.511463670402222,1.5542589267679672,0.8057500763646874,-7.292543942605332,4.3436477449111,-3.3873456947111076,0.30520607939734473,0.960680057155531,-5.09588042780156,10.916682910451208
8.756630790126453,-10.886278262729304,6.533734168460349,4.25843439323395,-17.179641147848432,10.200152292124573,-0.7602900752977573,-5.983137995869412,6.931642428729967,4.815986398231629,-0.09459337111652628,-8.45203987413041,8.287390697635397,3.40951408666709,9.448184539716484,4.372826511300915,-4.894472982404711,12.127681791396517,3.652018796387867,3.6151669649436493,3.764367412384732,2.666395333093549,-0.04666508266545737,10.125432242295231,0.957632080500735,-12.411454657728536,6.342061897141921,0.28555308172028515,-4.604408206020622,-10.430668835694313,10.244728592152264,5.001614344987733,9.732206313196546,-11.029541328877617,-2.320583909043381,-1.8910503504152842,8.36873610802867,-5.088844760161999,3.20857831970789,-0.7317824012079794,-1.175402469953785,4.887481562934657,-14.064358163310798
6.335246529224063,-7.03499164162259,4.5071460594996315,3.1945278111660644,-12.367233729067298,7.117976702307749,-0.4945403298945473,-4.025576103922883,4.815986398231629,3.619749771948593,0.2968553571710764,-6.153997283515976,5.33257819335785,2.266971539732087,6.411276308979857,3.137799294850697,-3.09473838383787,7.994095112504383,2.66051918176228,2.59773740625911,2.054492004753647,1.5243025208834202,-0.01917195873426457,7.178064260866719,0.5008508038622547,-8.368880708199775,4.476987819088485,0.26369893060411287,-3.8501498798325966,-7.263104621032312,7.380382789740779,3.7405262668082537,6.508971510531928,-7.8110355994807685,-1.5286302319272786,-1.6015256931193174,5.474030013050505,-3.5525295503511556,2.2229957439438937,-0.5333749897057894,-0.6124040145428902,3.4952140629144246,-10.370793397958419
0.17364029215198162,1.4019810659988337,-0.008929737106149896,0.44018253230234483,-0.5037046123221326,0.13173493316069046,0.462861354585947,1.1277627770027614,-0.09459337111652628,0.2968553571710764,1.0991293247464695,-0.9165332339863596,-1.2695126208979541,-0.833364263023726,-7.403810770039087e-4,0.19949292107395217,1.0602883165780228,-0.9569857945842787,0.13384339422964797,0.09177298315954714,-1.5378446851690757,-0.862639059804588,-0.07315529759761057,-0.3356575711497776,-0.4210570581276954,1.0423385510983825,0.06680385535375483,0.17928129935066192,-1.9217891034255021,0.33894958687343685,0.5165289952765229,0.1974823841208217,-1.1231907144119635,0.0033347900933646856,-0.20320235223650449,-0.8234062802282557,-0.4986101699417921,0.025663876026587436,-0.4806650530765529,-0.2276557631906496,0.16606890641176147,-0.6052839587532789,-1.2187839952293757
-11.004611749132392,12.039433334509035,-8.067063121219816,-5.697096177519784,21.842232552380256,-12.771913660475846,0.4606671470075236,6.1967522520273155,-8.45203987413041,-6.153997283515976,-0.9165332339863596,11.476525241328835,-8.902015107432163,-3.3228614796983686,-11.714014291779806,-5.709003368920269,5.074949832162998,-14.113999455324935,-4.731442978716498,-4.661751305939887,-3.1201910398779398,-2.415612560360067,0.1037673430241236,-12.292281482549482,-0.8951511367773322,14.294734159817025,-7.76352915095228,-0.44666288282518485,7.515259691711374,12.391555783999005,-13.21833758354709,-6.35627789869626,-10.876910999178124,13.584795040501515,3.1159061494699,3.247350971340344,-9.926430383605751,6.300660914125841,-3.3985088897506386,1.2728799758440486,1.2526116552019502,-5.465339134277887,18.767652341618803
10.034045054194907,-14.443305319852133,7.742118964880677,4.4988494729399715,-19.505765560385953,11.883432592842288,-1.35039630252757,-8.219640172079664,8.287390697635397,5.33257819335785,-1.2695126208979541,-8.902015107432163,11.23793464380684,4.886112419740283,11.217914736291148,4.8474642268388655,-6.855128718740138,15.378138692491635,4.058329177532224,4.060855473256086,6.16049105172115,4.133803884092072,-0.016245285804172838,12.097071667699248,1.5088317023705253,-15.753067639321765,7.494537973870359,0.2007820617259703,-3.3904459479630202,-12.73796322915159,11.449274990242886,5.592986583366931,12.680805032569985,-12.976992498451901,-2.5698544989121457,-1.2552800976005103,10.469728577026933,-5.996046471035317,4.294828779616315,-0.5376615063878555,-1.680965301731195,6.2438257111743125,-15.035020106381745
4.23413864815109,-6.154626065894301,3.0954913392819225,1.7983462894796323,-8.061457669019777,4.752087889396949,-0.8165610968744852,-3.9191161505881658,3.40951408666709,2.266971539732087,-0.833364263023726,-3.3228614796983686,4.886112419740283,2.4099884184063156,4.35506563351181,1.9528800489574407,-3.133177105707546,6.356640068180122,1.7038317082887933,1.6913288017796901,2.864423856531285,1.8624934738432322,0.06133870075116214,5.295304381816093,0.713621698820338,-6.766551417945336,3.0505222343193656,0.02776983229428415,-0.8312596517564069,-5.376087755813961,4.591108121778491,2.4374703719558815,5.578974043078735,-5.4147057192266255,-0.806905363331921,-0.3007761224961059,4.172383557059528,-2.463374063591474,2.042802285524001,-0.10838760785456698,-0.5457917778995308,3.0522351211872305,-5.977498836747048
11.77249907271447,-14.83907604122806,8.989893462427174,5.77139386179112,-23.261471881739038,14.00844310451871,-0.8363354546384427,-7.761468893676121,9.448184539716484,6.411276308979857,-7.403810770039087e-4,-11.714014291779806,11.217914736291148,4.35506563351181,13.141781997773235,5.971141382559855,-6.526371256417966,16.654845747777156,4.918433611289607,4.89247032663931,5.047485386630771,3.609137041916368,-0.12037641980626493,13.511168202308413,1.2943523721451864,-16.77242008666408,8.638336251748385,0.40549125067959296,-6.513026945535145,-14.09299374198687,13.981174645140284,6.6218461744680495,13.055866978313013,-14.924471018523054,-3.3952800702962382,-2.6658918611496882,11.633349006396752,-6.937815925942402,4.147648572153068,-1.0915624610436225,-1.7823948140129413,6.2450772395775,-19.161845657444204
5.694038817463424,-6.48275049602617,4.137066720511047,2.860183297173523,-11.241795826712146,6.538165008253432,-0.38602906770198386,-3.5211170669854472,4.372826511300915,3.137799294850697,0.19949292107395217,-5.709003368920269,4.8474642268388655,1.9528800489574407,5.971141382559855,2.929392115756354,-2.8936624428597497,7.451919205853152,2.454149946769122,2.423727574102972,1.9398092816283847,1.4193351705325365,-0.014596274129874876,6.525057488025241,0.5826993323905989,-7.622462844278563,3.956125151861029,0.16777235785003244,-3.3992043129262224,-6.454488843715224,6.721214677747903,3.2935697545779625,5.888680171243368,-7.029726533493717,-1.5075258602004196,-1.508080956664368,5.170262398982708,-3.264034921630389,1.894429995056624,-0.6194642612862142,-0.6147082492782027,3.0739816024475117,-9.48576545510304
-5.9708282787380496,8.776586292980014,-4.533019283518766,-2.5838560990753066,11.565635619403567,-6.9646560908793544,0.9641550556496112,5.1934512041119785,-4.894472982404711,-3.09473838383787,1.0602883165780228,5.074949832162998,-6.855128718740138,-3.133177105707546,-6.526371256417966,-2.8936624428597497,4.372234508987724,-9.256302934870158,-2.457414417738625,-2.4683997308999173,-3.965665576465292,-2.6003775841491823,-0.04940552667975942,-7.417267327251025,-1.0685119851225546,9.557268325694457,-4.312902776545861,-0.016526364966781438,1.4638122419555855,7.524121789683818,-6.681629249361228,-3.3379630531183477,-7.770487371295309,7.679118412876909,1.4036963955961301,0.6082515699503531,-6.226424185175292,3.5691609405790885,-2.6671824793953185,0.33174890857054606,0.9157566490305351,-4.011794158389631,8.768752103390757
14.941023655323894,-20.074879812446127,11.438969546930926,7.014015348640026,-29.32496875093478,17.71717100901169,-1.5282408134554035,-10.984250948388716,12.127681791396517,7.994095112504383,-0.9569857945842787,-14.113999455324935,15.378138692491635,6.356640068180122,16.654845747777156,7.451919205853152,-9.256302934870158,21.9785827957945,6.191262397955483,6.183261765415535,7.732870267930882,5.320177264255196,-0.06920877840542314,17.632543417148238,2.0051637827469047,-22.30685984278292,10.960724856781546,0.3603589871452864,-6.630822048247853,-18.29876114621021,17.403668757101173,8.364277002728695,17.658472668377012,-19.0821761112666,-4.069597254249831,-2.692144916764581,15.155802119786447,-8.870658309785577,5.774497094975996,-1.1718683609602798,-2.3335506320758,8.635168508642728,-23.451322007365928
4.806277664242621,-5.405987540384006,3.433475376248641,2.4022902419566763,-9.449482529436674,5.437518932239212,-0.374298953774455,-3.0398964031460953,3.652018796387867,2.66051918176228,0.13384339422964797,-4.731442978716498,4.058329177532224,1.7038317082887933,4.918433611289607,2.454149946769122,-2.457414417738625,6.191262397955483,2.074803681410717,2.0435281495254762,1.633580836768313,1.1855195047441662,0.005300476074356579,5.540416156469393,0.4967517045790697,-6.402786702421456,3.297806989062641,0.13069116981085158,-2.7808628951954097,-5.414493514917319,5.6186833147686155,2.8072496100668416,4.969698514700498,-5.9020920328657835,-1.1991143880993094,-1.2478415291123754,4.259217888988138,-2.7298334418112598,1.636783713726099,-0.5031938705089166,-0.45921097934242183,2.6839253113956376,-7.950583883691653
4.72912458520742,-5.410298358315064,3.40455617617312,2.351900571724744,-9.311251085593964,5.383608563740923,-0.3705762043256283,-3.015372995417071,3.6151669649436493,2.59773740625911,0.09177298315954714,-4.661751305939887,4.060855473256086,1.6913288017796901,4.89247032663931,2.423727574102972,-2.4683997308999173,6.183261765415535,2.0435281495254762,2.01781560386742,1.678170075593171,1.2088511419230814,0.004065317118568111,5.470601953561486,0.5154877321614572,-6.365384476139801,3.251334945559857,0.11873781617128139,-2.681259200668309,-5.350536149484402,5.5364318907013566,2.746400728540214,4.944111912963411,-5.824127664603742,-1.2019986858075087,-1.2090128642529312,4.26169665872224,-2.7026762139050504,1.61417578632015,-0.503029544699654,-0.4784212692278932,2.641512716141319,-7.8134348819120865
4.226125734309683,-7.7174913558533556,3.4651973444132316,1.5699222597668747,-8.092816458132615,5.167022013584032,-0.9710972789670647,-4.587058970372534,3.764367412384732,2.054492004753647,-1.5378446851690757,-3.1201910398779398,6.16049105172115,2.864423856531285,5.047485386630771,1.9398092816283847,-3.965665576465292,7.732870267930882,1.633580836768313,1.678170075593171,4.144596899573135,2.636948487099262,0.03675715546787149,5.553228236366433,1.0302899994596622,-7.909989727477291,3.2868036875741793,-0.05498057741295789,0.20366724811247908,-5.956158582268678,4.582925109806309,2.2330283990156157,6.609561373306992,-5.725343793488926,-1.0135173204666348,0.20787540730278353,5.16152508749137,-2.6721477844789883,2.2994195340427597,-0.023530825063838065,-0.9671283129886685,3.1911713456584847,-5.475041733982323
3.0420601024178597,-5.217560875380038,2.4731832066270507,1.2087101154804216,-5.86279140507269,3.7148920635244735,-0.5899231931935347,-3.0270248528502965,2.666395333093549,1.5243025208834202,-0.862639059804588,-2.415612560360067,4.133803884092072,1.8624934738432322,3.609137041916368,1.4193351705325365,-2.6003775841491823,5.320177264255196,1.1855195047441662,1.2088511419230814,2.636948487099262,1.703821824106289,0.007295167084397129,3.8733110387757383,0.6411586138853417,-5.421692827016429,2.3649216253202483,0.002576236282414736,-0.2637269457143977,-4.18141856313657,3.372938051736708,1.625698005235188,4.476144846402016,-4.0800873168333265,-0.7722293149783268,-0.019742181723741047,3.5845890206588567,-1.8986197825925082,1.5361697743125173,-0.06023086490219718,-0.6652922396320058,2.1323277152003146,-4.145412000629169
-0.017815927761606412,0.03790810459992483,-0.06333666278901653,-0.031532978258960176,0.06304289960724624,-0.08922844620286144,-0.054236342447891966,-0.07533458772389477,-0.04666508266545737,-0.01917195873426457,-0.07315529759761057,0.1037673430241236,-0.016245285804172838,0.06133870075116214,-0.12037641980626493,-0.014596274129874876,-0.04940552667975942,-0.06920877840542314,0.005300476074356579,0.004065317118568111,0.03675715546787149,0.007295167084397129,0.022199170804999398,0.03985003030765033,0.03441098014500243,0.017789803655696518,-0.07017977955471641,-0.027917921108303365,0.15837762760548452,0.06034142892828783,-0.07544193340789544,0.007699567533624794,0.012850429977860081,0.05244793461276854,0.0700432274401493,0.03768812885845139,-0.08232280883551882,0.02505229023964198,0.03098774773757626,0.005606441859299703,0.05613271850749997,0.09557024295321978,0.08558839716578599
13.079552520150799,-15.852833583015261,9.452701100761114,6.302930393968659,-25.54027144289862,14.84035703774687,-1.3527692358630503,-9.178517517584146,10.125432242295231,7.178064260866719,-0.3356575711497776,-12.292281482549482,12.097071667699248,5.295304381816093,13.511168202308413,6.525057488025241,-7.417267327251025,17.632543417148238,5.540416156469393,5.470601953561486,5.553228236366433,3.8733110387757383,0.03985003030765033,15.359832493317478,1.5501392384876262,-18.326549264328353,9.137565589114253,0.3051457455370169,-6.403125353683114,-15.24964437504416,15.059967985842029,7.589293436587392,14.458711073751315,-16.26193544865163,-3.1336407974172134,-2.7929646376560164,12.0064400763378,-7.494673813412711,4.892773494473781,-1.1161799607936187,-1.4167785365198426,7.752901920520547,-20.87953980288937
1.1331088740577013,-1.9357662934401927,0.8854142069623483,0.42494773567449057,-2.2150665191851644,1.3518588875225799,-0.25263083117380164,-1.1552418223028837,0.957632080500735,0.5008508038622547,-0.4210570581276954,-0.8951511367773322,1.5088317023705253,0.713621698820338,1.2943523721451864,0.5826993323905989,-1.0685119851225546,2.0051637827469047,0.4967517045790697,0.5154877321614572,1.0302899994596622,0.6411586138853417,0.03441098014500243,1.5501392384876262,0.3453769082446439,-2.0294040017119572,0.756009069363766,-0.06963878172551631,0.081585637962341,-1.436288086159787,1.2337549017095832,0.6004187415217513,1.6811443073598746,-1.4698976325771642,-0.2665346333007948,-0.025961133451644386,1.3411578076317134,-0.717349048398484,0.5508038105090604,-0.0995327282207907,-0.19278063110536983,0.8878811180379621,-1.5851125391122105
-15.476657543775964,20.466929637357037,-11.622159998743486,-7.242435238132326,30.20702462848112,-18.033789732662985,1.7465973971305155,11.593281950959573,-12.411454657728536,-8.368880708199775,1.0423385510983825,14.294734159817025,-15.753067639321765,-6.766551417945336,-16.77242008666408,-7.622462844278563,9.557268325694457,-22.30685984278292,-6.402786702421456,-6.365384476139801,-7.909989727477291,-5.421692827016429,0.017789803655696518,-18.326549264328353,-2.0294040017119572,22.925186133086154,-11.241569148238828,-0.3688676061666176,6.664245651983228,18.854328034951276,-17.82788401729751,-8.781141906376966,-18.23085009821968,19.65269050957771,3.9326926905439024,2.7077739984742792,-15.243154301530168,9.075774746908824,-6.124567942235418,1.105277632547415,2.1928338846674453,-9.237127718768054,24.07985617500329
8.006626590615804,-9.830351544701653,5.980285408344241,3.9371698525466257,-15.683366412883284,9.328614150645173,-0.6454274959213925,-5.375761155474874,6.342061897141921,4.476987819088485,0.06680385535375483,-7.76352915095228,7.494537973870359,3.0505222343193656,8.638336251748385,3.956125151861029,-4.312902776545861,10.960724856781546,3.297806989062641,3.251334945559857,3.2868036875741793,2.3649216253202483,-0.07017977955471641,9.137565589114253,0.756009069363766,-11.241569148238828,5.889942416566687,0.33027919671009964,-4.469236418686059,-9.592788394033144,9.395131589484484,4.591023358536464,8.793961657408408,-10.103505089699198,-2.132897482632987,-1.7626381518417615,7.574684213979295,-4.629413729289629,2.922520310596361,-0.6143193510127039,-1.0934068134933086,4.36186093722335,-12.87756656294237
0.36966256613583964,-0.2764146505497749,0.2797990667606709,0.23512802502982397,-0.7264964165749894,0.4404335519409299,0.042015389461736295,-0.09186256499518333,0.28555308172028515,0.26369893060411287,0.17928129935066192,-0.44666288282518485,0.2007820617259703,0.02776983229428415,0.40549125067959296,0.16777235785003244,-0.016526364966781438,0.3603589871452864,0.13069116981085158,0.11873781617128139,-0.05498057741295789,0.002576236282414736,-0.027917921108303365,0.3051457455370169,-0.06963878172551631,-0.3688676061666176,0.33027919671009964,0.07157381943736814,-0.5071004189069828,-0.4442090421428454,0.4817014181482498,0.22519914804897587,0.25032870473500585,-0.46755134439450474,-0.12832845485227135,-0.1608649248268251,0.2734992437263322,-0.1947335353589385,0.08376055431153354,-0.012965729997766637,-0.058632106928107136,0.07204994356775903,-0.680206285177436
-6.363383896585847,4.949610427932462,-4.487196730101196,-3.739593582894713,12.792456133813301,-7.277899016789537,-0.31566960184708737,2.0706906709233954,-4.604408206020622,-3.8501498798325966,-1.9217891034255021,7.515259691711374,-3.3904459479630202,-0.8312596517564069,-6.513026945535145,-3.3992043129262224,1.4638122419555855,-6.630822048247853,-2.7808628951954097,-2.681259200668309,0.20366724811247908,-0.2637269457143977,0.15837762760548452,-6.403125353683114,0.081585637962341,6.664245651983228,-4.469236418686059,-0.5071004189069828,6.652874265991464,6.549766880758526,-8.014606202710116,-3.812181393244322,-4.6664199400835145,7.596527868194267,1.9713505659642059,2.8189210610240876,-4.8705125788606,3.4699987834259924,-1.3280008928040483,0.9432065451411085,0.495200761866256,-2.2874238341918818,11.954180529103063
-13.136303217350921,16.608480358330826,-9.785217899955775,-6.316593967835042,25.648132307807405,-15.234028074779971,1.2839422838604488,9.324220868615416,-10.430668835694313,-7.263104621032312,0.33894958687343685,12.391555783999005,-12.73796322915159,-5.376087755813961,-14.09299374198687,-6.454488843715224,7.524121789683818,-18.29876114621021,-5.414493514917319,-5.350536149484402,-5.956158582268678,-4.18141856313657,0.06034142892828783,-15.24964437504416,-1.436288086159787,18.854328034951276,-9.592788394033144,-0.4442090421428454,6.549766880758526,15.843203454770588,-15.243251677636268,-7.524790391860952,-14.880467769756912,16.60067087373579,3.362818882829996,2.6061020036630156,-12.54880428054942,7.616443739351021,-5.010513622383788,0.9451436827261225,1.775963837450197,-7.523105380752798,20.76683443295602
13.242575723910177,-15.234275943296693,9.688634253253387,6.658377487876609,-26.082494235396677,15.26109370803044,-0.8899256462404133,-8.257205771049597,10.244728592152264,7.380382789740779,0.5165289952765229,-13.21833758354709,11.449274990242886,4.591108121778491,13.981174645140284,6.721214677747903,-6.681629249361228,17.403668757101173,5.6186833147686155,5.5364318907013566,4.582925109806309,3.372938051736708,-0.07544193340789544,15.059967985842029,1.2337549017095832,-17.82788401729751,9.395131589484484,0.4817014181482498,-8.014606202710116,-15.243251677636268,15.638287226296972,7.658285951660506,13.792004737393679,-16.444375462925713,-3.524847317378648,-3.4091684418134185,12.076502405510245,-7.587683147488505,4.486043931418325,-1.305367709504622,-1.5308448049564467,7.068574127184514,-21.915174285601402
6.615252264023625,-7.376355582418691,4.6668776815268815,3.3028260441630652,-12.907679851968759,7.382737512779574,-0.5741546580057966,-4.296962878729338,5.001614344987733,3.7405262668082537,0.1974823841208217,-6.35627789869626,5.592986583366931,2.4374703719558815,6.6218461744680495,3.2935697545779625,-3.3379630531183477,8.364277002728695,2.8072496100668416,2.746400728540214,2.2330283990156157,1.625698005235188,0.007699567533624794,7.589293436587392,0.6004187415217513,-8.781141906376966,4.591023358536464,0.22519914804897587,-3.812181393244322,-7.524790391860952,7.658285951660506,3.9110369148787307,6.855369643067831,-8.124086891278797,-1.54667816150716,-1.6408401570288058,5.699638097362942,-3.7090081972836764,2.3473217780683084,-0.5821652811470283,-0.5908653678875523,3.7671975650208855,-10.790502085790207
12.085566801938132,-16.377311206397664,9.072371148336527,5.552901645239292,-23.498344997849095,14.03882593644007,-1.530935781544982,-9.45323321745288,9.732206313196546,6.508971510531928,-1.1231907144119635,-10.876910999178124,12.680805032569985,5.578974043078735,13.055866978313013,5.888680171243368,-7.770487371295309,17.658472668377012,4.969698514700498,4.944111912963411,6.609561373306992,4.476144846402016,0.012850429977860081,14.458711073751315,1.6811443073598746,-18.23085009821968,8.793961657408408,0.25032870473500585,-4.6664199400835145,-14.880467769756912,13.792004737393679,6.855369643067831,14.598817033092782,-15.394754309101733,-2.9678348570331092,-1.8673615507716093,11.993446089118995,-7.097036954358337,4.974277552295436,-0.763749529401122,-1.7279949234954848,7.461493816169319,-18.479341404166668
-14.094727869101975,17.059868918056544,-10.369617650696593,-6.901541834544729,27.610685896236692,-16.24055378428335,1.2244484293929956,9.511463670402222,-11.029541328877617,-7.8110355994807685,0.0033347900933646856,13.584795040501515,-12.976992498451901,-5.4147057192266255,-14.924471018523054,-7.029726533493717,7.679118412876909,-19.0821761112666,-5.9020920328657835,-5.824127664603742,-5.725343793488926,-4.0800873168333265,0.05244793461276854,-16.26193544865163,-1.4698976325771642,19.65269050957771,-10.103505089699198,-0.46755134439450474,7.596527868194267,16.60067087373579,-16.444375462925713,-8.124086891278797,-15.394754309101733,17.641055038918832,3.6206885506149895,3.156906844977102,-13.127263452581841,8.115886468224314,-5.125804039364209,1.1892316173958062,1.7304530784820957,-7.907482194072668,22.723231600218725
-2.8347317000165124,3.4944046087334515,-2.2662332745518796,-1.4588965206165798,5.718639526024474,-3.5351272286351096,0.036536687252905944,1.5542589267679672,-2.320583909043381,-1.5286302319272786,-0.20320235223650449,3.1159061494699,-2.5698544989121457,-0.806905363331921,-3.3952800702962382,-1.5075258602004196,1.4036963955961301,-4.069597254249831,-1.1991143880993094,-1.2019986858075087,-1.0135173204666348,-0.7722293149783268,0.0700432274401493,-3.1336407974172134,-0.2665346333007948,3.9326926905439024,-2.132897482632987,-0.12832845485227135,1.9713505659642059,3.362818882829996,-3.524847317378648,-1.54667816150716,-2.9678348570331092,3.6206885506149895,0.9961346901339972,0.8102215801704774,-2.943121779572629,1.7116081906145608,-0.8350932933791722,0.3546951400150086,0.5214487855311463,-1.2328597755774278,4.877777193198556
-2.7140835225452435,1.9124379400020153,-1.8435840564087236,-1.6027555665582236,5.490278394664808,-3.0366958614103683,-0.1344189111238844,0.8057500763646874,-1.8910503504152842,-1.6015256931193174,-0.8234062802282557,3.247350971340344,-1.2552800976005103,-0.3007761224961059,-2.6658918611496882,-1.508080956664368,0.6082515699503531,-2.692144916764581,-1.2478415291123754,-1.2090128642529312,0.20787540730278353,-0.019742181723741047,0.03768812885845139,-2.7929646376560164,-0.025961133451644386,2.7077739984742792,-1.7626381518417615,-0.1608649248268251,2.8189210610240876,2.6061020036630156,-3.4091684418134185,-1.6408401570288058,-1.8673615507716093,3.156906844977102,0.8102215801704774,1.293089081210774,-1.9769353514579946,1.4677757673477527,-0.5026032114891428,0.49314305855442636,0.11612019391625948,-1.027038928821443,5.216510669796304
10.256149418259069,-13.740426985844117,7.94187379918833,4.868514766131628,-20.22500285324362,12.301441857401944,-0.9157695504454272,-7.292543942605332,8.36873610802867,5.474030013050505,-0.4986101699417921,-9.926430383605751,10.469728577026933,4.172383557059528,11.633349006396752,5.170262398982708,-6.226424185175292,15.155802119786447,4.259217888988138,4.26169665872224,5.16152508749137,3.5845890206588567,-0.08232280883551882,12.0064400763378,1.3411578076317134,-15.243154301530168,7.574684213979295,0.2734992437263322,-4.8705125788606,-12.54880428054942,12.076502405510245,5.699638097362942,11.993446089118995,-13.127263452581841,-2.943121779572629,-1.9769353514579946,10.534534377217874,-6.125711467238759,3.8348731280011834,-0.8755982846336315,-1.685497573928002,5.705414988309956,-16.30418987535259
-6.4774092852545655,7.90910394570817,-4.799653531162078,-3.167134361797681,12.729344674246484,-7.516140735466729,0.5429060906414753,4.3436477449111,-5.088844760161999,-3.5525295503511556,0.025663876026587436,6.300660914125841,-5.996046471035317,-2.463374063591474,-6.937815925942402,-3.264034921630389,3.5691609405790885,-8.870658309785577,-2.7298334418112598,-2.7026762139050504,-2.6721477844789883,-1.8986197825925082,0.02505229023964198,-7.494673813412711,-0.717349048398484,9.075774746908824,-4.629413729289629,-0.1947335353589385,3.4699987834259924,7.616443739351021,-7.587683147488505,-3.7090081972836764,-7.097036954358337,8.115886468224314,1.7116081906145608,1.4677757673477527,-6.125711467238759,3.7550929404907367,-2.3245916205190245,0.5884061060782092,0.8237868432671809,-3.6077239685794016,10.490579417803323
4.043803954612,-5.463440606249682,2.939088975400173,1.8188260264076914,-7.749850664362145,4.545173878029833,-0.6349069680369406,-3.3873456947111076,3.20857831970789,2.2229957439438937,-0.4806650530765529,-3.3985088897506386,4.294828779616315,2.042802285524001,4.147648572153068,1.894429995056624,-2.6671824793953185,5.774497094975996,1.636783713726099,1.61417578632015,2.2994195340427597,1.5361697743125173,0.03098774773757626,4.892773494473781,0.5508038105090604,-6.124567942235418,2.922520310596361,0.08376055431153354,-1.3280008928040483,-5.010513622383788,4.486043931418325,2.3473217780683084,4.974277552295436,-5.125804039364209,-0.8350932933791722,-0.5026032114891428,3.8348731280011834,-2.3245916205190245,1.7971029583399751,-0.15760659287254586,-0.49290510189402587,2.6921366882323188,-5.97134285312543
-1.0194646295614045,0.8405947879190662,-0.7292898847970146,-0.5814902239105093,2.1175608504971377,-1.199847375693087,-0.05534430867612676,0.30520607939734473,-0.7317824012079794,-0.5333749897057894,-0.2276557631906496,1.2728799758440486,-0.5376615063878555,-0.10838760785456698,-1.0915624610436225,-0.6194642612862142,0.33174890857054606,-1.1718683609602798,-0.5031938705089166,-0.503029544699654,-0.023530825063838065,-0.06023086490219718,0.005606441859299703,-1.1161799607936187,-0.0995327282207907,1.105277632547415,-0.6143193510127039,-0.012965729997766637,0.9432065451411085,0.9451436827261225,-1.305367709504622,-0.5821652811470283,-0.763749529401122,1.1892316173958062,0.3546951400150086,0.49314305855442636,-0.8755982846336315,0.5884061060782092,-0.15760659287254586,0.25224293300660294,0.0693948005962519,-0.3939837335199829,2.007667849351333
-1.2278321337342506,2.1885452703669825,-1.1548945952218952,-0.5470181023445924,2.4721206106509737,-1.7193805670532094,0.07245445143852032,0.960680057155531,-1.175402469953785,-0.6124040145428902,0.16606890641176147,1.2526116552019502,-1.680965301731195,-0.5457917778995308,-1.7823948140129413,-0.6147082492782027,0.9157566490305351,-2.3335506320758,-0.45921097934242183,-0.4784212692278932,-0.9671283129886685,-0.6652922396320058,0.05613271850749997,-1.4167785365198426,-0.19278063110536983,2.1928338846674453,-1.0934068134933086,-0.058632106928107136,0.495200761866256,1.775963837450197,-1.5308448049564467,-0.5908653678875523,-1.7279949234954848,1.7304530784820957,0.5214487855311463,0.11612019391625948,-1.685497573928002,0.8237868432671809,-0.49290510189402587,0.0693948005962519,0.4304890501919812,-0.5574204858275172,1.8670423173343285
6.382686951743832,-8.017028369694318,4.462980366963308,2.928911103900388,-12.27089286380255,6.992204242990051,-0.9690697213830906,-5.09588042780156,4.887481562934657,3.4952140629144246,-0.6052839587532789,-5.465339134277887,6.2438257111743125,3.0522351211872305,6.2450772395775,3.0739816024475117,-4.011794158389631,8.635168508642728,2.6839253113956376,2.641512716141319,3.1911713456584847,2.1323277152003146,0.09557024295321978,7.752901920520547,0.8878811180379621,-9.237127718768054,4.36186093722335,0.07204994356775903,-2.2874238341918818,-7.523105380752798,7.068574127184514,3.7671975650208855,7.461493816169319,-7.907482194072668,-1.2328597755774278,-1.027038928821443,5.705414988309956,-3.6077239685794016,2.6921366882323188,-0.3939837335199829,-0.5574204858275172,4.289634309631255,-9.693703183838743
-18.49205657403557,20.184240943648973,-13.313344796346062,-9.465184105009268,36.49453891608995,-21.104586602826572,1.067918083316565,10.916682910451208,-14.064358163310798,-10.370793397958419,-1.2187839952293757,18.767652341618803,-15.035020106381745,-5.977498836747048,-19.161845657444204,-9.48576545510304,8.768752103390757,-23.451322007365928,-7.950583883691653,-7.8134348819120865,-5.475041733982323,-4.145412000629169,0.08558839716578599,-20.87953980288937,-1.5851125391122105,24.07985617500329,-12.87756656294237,-0.680206285177436,11.954180529103063,20.76683443295602,-21.915174285601402,-10.790502085790207,-18.479341404166668,22.723231600218725,4.877777193198556,5.216510669796304,-16.30418987535259,10.490579417803323,-5.97134285312543,2.007667849351333,1.8670423173343285,-9.693703183838743,31.128205016958674
