V1,V2,V3,V4,V5,V6,V7,V8,V9,V10,V11,V12,V13,V14,V15,V16,V17,V18,V19,V20,V21,V22,V23,V24,V25,V26,V27,V28,V29,V30,V31,V32,V33,V34,V35,V36,V37,V38,V39,V40,V41,V42,V43,V44
68.05898402319649,-61.15486084159802,29.204339344801475,38.06806183879237,32.67861278616103,-3.7022554609684417,31.32407006143499,38.53285938774083,1.3758601543738682,6.991565389149424,74.48262441527626,32.87053433423307,-34.87151068976749,54.036454966451466,58.216097010284734,13.07698088725605,-66.42373756559789,-18.81589725170694,60.03630950442021,-72.32385038268754,-13.738042866538784,-36.640117509862904,42.9475347940913,-9.360733326204894,-11.753423891177807,30.01751589113044,18.307398955947775,-22.050027691836323,28.709623517937466,-10.102570261247374,21.387645282378635,16.779450915916378,21.57257183435014,39.24248494969468,-10.216404792543695,24.99092262232983,-41.22917236436963,-1.1522866614686742,15.643168225687488,-17.107144560989838,7.919476931579421,44.61956368170883,-47.70915542281734,-5.251284638534241
-61.15486084159802,55.8241645168176,-26.003998372835465,-33.97619006525568,-29.423099917757217,3.957053934961732,-28.053983127070826,-35.062986723674086,-0.9961258040200973,-6.585145226382397,-66.98505224896338,-29.44428265160149,31.699782508086507,-48.16714216342963,-52.82687770125783,-12.03694064186548,59.90369237543434,17.108175359715084,-54.37783243044889,65.55024122471767,12.787761079774963,32.97494378479826,-38.53106961786321,7.776445060013736,10.617414221545857,-27.730325851931465,-16.59553116887646,19.470066251284234,-26.898008650768162,9.75737244225605,-19.13284523126041,-15.003081066377012,-20.178863595433754,-35.979775534824746,8.756686263635153,-22.22548124970736,37.55529050130115,0.7797500290871971,-14.198080072764526,15.541521112764174,-7.392882823566951,-40.44055402213667,42.77267485844818,4.512858693234389
29.204339344801475,-26.003998372835465,13.079614861659921,16.608975512122676,13.88225931516968,-1.2245496570320675,13.624192507853637,16.301626657426215,0.9493663472713727,3.0348823914559806,32.0109512407263,14.011632126390193,-14.73717798620149,23.765948169408873,24.687691418994877,5.218530317011773,-28.52787174992527,-7.78833482486647,25.666789880346393,-30.65942250802567,-5.483199177294126,-15.611880824585445,18.421874513878087,-4.492520795388527,-4.914249876135919,12.518293405441197,7.90647817692002,-9.618477145886061,11.735242957223903,-3.978365349913171,8.91825561176914,7.5505352888095985,8.94351026915645,16.562883402119496,-4.864775532115445,11.251771246173721,-17.259643878097066,-0.5185948056954233,6.750376478667495,-7.244746018321922,3.5588274824197415,18.799418433860588,-20.76420544491388,-2.451940862201971
38.06806183879237,-33.97619006525568,16.608975512122676,21.542176176136383,18.092815107077552,-1.7655719715274885,17.718972006741428,21.436053784296696,0.873631929178224,3.885901956649638,41.69423730172098,18.376372475787726,-19.26696480846661,30.51034209153534,32.38199856407394,6.950646456980319,-37.12403272848147,-10.4005725068134,33.362863069102815,-40.28571816558341,-7.443821929938912,-20.463608811975618,24.101321807222714,-5.553188383788148,-6.550979625617934,16.5716241551396,10.164403203272933,-12.367907629386629,15.700625399862068,-5.280052093126119,11.931005576246147,9.565710099968097,11.81168660681226,21.76721299744481,-6.057514737833859,14.231738693255426,-22.6937227701329,-0.5018435015875876,8.898565266099666,-9.473050292626786,4.393029484538149,24.772078905253828,-26.875862233463234,-2.9773743063734672
32.67861278616103,-29.423099917757217,13.88225931516968,18.092815107077552,15.907374906738552,-1.980401777908928,14.892228062530355,18.514165560734423,0.6580547264636014,3.290692937748499,35.77774301128134,15.774637373452071,-16.895015311963764,25.822050165491508,28.03713479074255,6.610202796422672,-31.946938200632324,-9.072330208571678,29.09208969409334,-34.741157056088056,-6.752713818273724,-17.626853874924716,20.509059836374426,-4.354820270672947,-5.6526500095852885,14.423485411429407,8.883486817295442,-10.674924834072852,13.844014724354865,-5.0911642081330815,10.30786500505495,7.89003232945188,10.41267806760072,18.900153942152585,-4.656676561421219,11.865101746144015,-20.052154219755217,-0.8225456531516455,7.3406478584219474,-8.309174651182984,3.806715444235476,21.48166062739728,-22.811479782126973,-2.5789633819417626
-3.7022554609684417,3.957053934961732,-1.2245496570320675,-1.7655719715274885,-1.980401777908928,0.8891332252964288,-1.557095049296618,-2.435797872031294,0.18143815129079002,-0.4833316749466104,-4.121519510553085,-1.767043546232571,2.2134335921349204,-2.4814248578729368,-3.6775557317477126,-1.2177844659916686,3.7948552974680356,1.2715253047349029,-3.767064268959138,4.38893850635517,1.255907636900874,2.1161182728693517,-2.2419370932390654,-0.10735179150986346,0.7243344522817347,-2.2094468960040463,-1.1622845535853648,1.0292685301069462,-2.4318541269814946,1.226025817264483,-1.2384741788153604,-0.7275031950764363,-1.7876326998615373,-2.759356772243016,0.029252933167369415,-1.0591091258152858,2.827960641868253,0.07981125570156755,-0.8764094415428055,1.1410532337952208,-0.5474552189440381,-2.7759122154338343,2.4099781760186696,0.12721260448282723
31.32407006143499,-28.053983127070826,13.624192507853637,17.718972006741428,14.892228062530355,-1.557095049296618,14.654081912687165,17.759810865651897,0.5831587710577609,3.195733477650632,34.38591425041151,15.124006456887123,-15.861872999730009,25.001521983540457,26.768358863289382,5.720056998537747,-30.595497803037663,-8.6276593544084,27.515828058844185,-33.29755881578116,-6.251106071942706,-16.867083310235124,19.889032880832612,-4.475454946949545,-5.451432883353805,13.73339096356321,8.338801536956002,-10.135676949971153,13.120540406791479,-4.3941324543784805,9.91939319255383,7.825829386687693,9.78007487040636,18.058991821074816,-4.914273972662054,11.630470712841763,-18.70154745158454,-0.2841823003153877,7.473447680232825,-7.83409985819145,3.53556748830291,20.4791573396827,-22.142597444527887,-2.3851886705169707
38.53285938774083,-35.062986723674086,16.301626657426215,21.436053784296696,18.514165560734423,-2.435797872031294,17.759810865651897,22.175356806530264,0.4780531309242657,4.076619348305642,42.245794785142955,18.590021432376233,-19.942023794586,30.218728417205327,33.30820743948693,7.508925574761714,-37.70525419284322,-10.860992297770297,34.153994605508785,-41.41244560486045,-8.125092502038056,-20.811826504320493,24.395053933953953,-4.897858372714219,-6.775297809137069,17.439846571469616,10.328133062125424,-12.24185168921218,16.994852255487228,-6.018670415662288,12.24593831096148,9.351623670578299,12.619399187322708,22.65939269396224,-5.511601300491812,13.85508015696796,-23.598465796359722,-0.33457741323074563,9.097447866475868,-9.781407505880575,4.449702025697429,25.5712759594992,-26.945478668344464,-2.7729615652588495
1.3758601543738682,-0.9961258040200973,0.9493663472713727,0.873631929178224,0.6580547264636014,0.18143815129079002,0.5831587710577609,0.4780531309242657,0.49249069733210576,0.13596956685057124,1.449708225590759,0.5690624235278775,-0.6281996993624017,1.573784388137812,0.8807574929390936,0.16636622381427824,-1.3322024221646573,-0.11624686135950489,1.2227169451369906,-1.0331287836860765,0.07565849707909092,-0.6859973251384235,0.729385600692614,-0.5689896804269301,-0.07069210383325857,0.2444666634281316,0.49448334374420594,-0.6477073850851629,-0.0400850571760398,-0.023439881307785206,0.13654907090380888,0.57157652036298,0.18682187569877806,0.4863358631343779,-0.505276352119307,0.9246241758889008,-0.6404997406426497,-0.36397765144063876,0.07264555423157965,-0.2789289281680739,0.3993484821438387,0.5584712818504819,-1.081331890478693,-0.3515477168218236
6.991565389149424,-6.585145226382397,3.0348823914559806,3.885901956649638,3.290692937748499,-0.4833316749466104,3.195733477650632,4.076619348305642,0.13596956685057124,0.9322586825863973,7.6172370883279354,3.334595720291605,-3.708706791570523,5.518920053696122,6.075084948979785,1.2903040909258239,-6.857307805119127,-1.9494967894281572,6.179325843205702,-7.575452881959503,-1.4149537399030816,-3.697611938158864,4.425391654519407,-0.7997165385542191,-1.1715060516108278,3.354650807677164,1.9204258743829636,-2.1045702961810164,3.3126942081553783,-1.2131121451258149,2.0269555516359246,1.8481243306591082,2.5261219429023085,4.205150865584498,-1.059045222575655,2.611822817584484,-4.322501248516377,0.07378799865048223,1.6452404429245684,-1.761482915011781,1.0113639742844864,4.6745873864849115,-4.87118667062576,-0.4826322587240667
74.48262441527626,-66.98505224896338,32.0109512407263,41.69423730172098,35.77774301128134,-4.121519510553085,34.38591425041151,42.245794785142955,1.449708225590759,7.6172370883279354,81.67292976491913,35.93527130530996,-38.146846572514605,59.14483791181479,63.80120235651067,14.27346092462401,-72.80751970166759,-20.597244912893935,65.84399281695185,-79.23750168617984,-15.147552303272198,-40.15538125286107,47.05491824965494,-10.267298704824734,-12.911806972834649,32.822920960874086,20.02086363116787,-24.180341389252654,31.470412208277335,-11.042162939318981,23.511928741970138,18.327696463660818,23.540272175314232,43.09889248635662,-11.150313386688746,27.352744565485526,-45.07332950525227,-1.2112057313616085,17.300808466022865,-18.762438891603143,8.56563230501288,48.82739516972346,-52.338662901289865,-5.751810103700063
32.87053433423307,-29.44428265160149,14.011632126390193,18.376372475787726,15.774637373452071,-1.767043546232571,15.124006456887123,18.590021432376233,0.5690624235278775,3.334595720291605,35.93527130530996,15.953278757761806,-16.79295466574548,26.00870249905549,28.10527953375748,6.33487526651026,-32.01570218656916,-9.140819477912805,28.886971824575006,-34.92654086680612,-6.635404353861406,-17.681500132825793,20.775047339064074,-4.490353237457944,-5.69804434135125,14.497064066661185,8.79997270012088,-10.644657517625072,13.853249874787265,-4.8472596943949915,10.399728116667006,8.07488775612093,10.391648634555986,18.888613872564655,-4.916655381898159,11.994953902511803,-19.915650818472866,-0.5319364076817423,7.537049239518067,-8.247074095068145,3.737231605043191,21.603638566322907,-22.96899424515657,-2.4929028079312836
-34.87151068976749,31.699782508086507,-14.73717798620149,-19.26696480846661,-16.895015311963764,2.2134335921349204,-15.861872999730009,-19.942023794586,-0.6281996993624017,-3.708706791570523,-38.146846572514605,-16.79295466574548,18.21847435498231,-27.40061094982648,-30.054575717758958,-6.994577751198317,34.11529493972998,9.753011380885226,-31.021377707680625,37.34163309821285,7.2849574362056275,18.794767565999273,-21.943637330337356,4.435001365318772,6.045190362615487,-15.703203577634907,-9.440219175977196,11.17030950874983,-15.234652084839167,5.581222507329808,-10.925182602762296,-8.45006491740006,-11.442261725078415,-20.385011603017972,4.933141655412123,-12.577879485040251,21.52012705714474,0.6154552676128602,-7.9200472012980105,8.871316230318577,-4.179385044056491,-23.077970580919256,24.273258801012314,2.6504678466494607
54.036454966451466,-48.16714216342963,23.765948169408873,30.51034209153534,25.822050165491508,-2.4814248578729368,25.001521983540457,30.218728417205327,1.573784388137812,5.518920053696122,59.14483791181479,26.00870249905549,-27.40061094982648,43.60182937933077,45.810785029895236,10.013237484330919,-52.72268002064243,-14.582705517874125,47.534852894526196,-56.87242661790571,-10.403102629546755,-28.98988336770548,34.03208416003103,-8.040113335306518,-9.156425867189935,23.30914378665238,14.615604309542135,-17.763208595369687,21.928984119852547,-7.589340775226001,16.68226026414896,13.688264808713363,16.665470643400912,30.730579942484013,-8.6294517916768,20.437016729868077,-32.25058093484789,-1.1279246235594806,12.328217108938357,-13.453512441048746,6.46528693419836,34.955588798634665,-38.178543361779376,-4.438151078708646
58.216097010284734,-52.82687770125783,24.687691418994877,32.38199856407394,28.03713479074255,-3.6775557317477126,26.768358863289382,33.30820743948693,0.8807574929390936,6.075084948979785,63.80120235651067,28.10527953375748,-30.054575717758958,45.810785029895236,50.24183874300261,11.463746580903983,-56.964159683708424,-16.327335377103292,51.67685115142494,-62.337359734590876,-12.182669606085893,-31.45409784971414,36.7432494371956,-7.509264908749557,-10.169051423030481,26.187090792402316,15.713095159729125,-18.649686392737518,25.35193157221724,-9.097560114180812,18.427079847020583,14.201733015274272,18.953317447471086,34.116785647527145,-8.365278035972256,21.09906187563873,-35.663764761050594,-0.8105110804881899,13.551449458650518,-14.787077540847209,6.794291399818854,38.49210661236632,-40.699764353995164,-4.303413132540303
13.07698088725605,-12.03694064186548,5.218530317011773,6.950646456980319,6.610202796422672,-1.2177844659916686,5.720056998537747,7.508925574761714,0.16636622381427824,1.2903040909258239,14.27346092462401,6.33487526651026,-6.994577751198317,10.013237484330919,11.463746580903983,3.1697913759452843,-12.843265690792974,-3.7771095673701764,11.992128831851756,-14.056975914918192,-3.003439352288706,-7.134772248525822,8.036474903828264,-1.3587352703291897,-2.291373129964156,6.035003415037812,3.700323776532624,-4.24238712096096,5.900286313151217,-2.508390110291201,4.169984532343654,2.930428393521852,4.489475255719145,7.798337767245171,-1.435938113610151,4.48773712114805,-8.508591824725933,-0.6078602068921632,2.710260950202904,-3.4699382454049736,1.6022488880484083,8.782145492111356,-8.898083536391665,-0.994049442577381
-66.42373756559789,59.90369237543434,-28.52787174992527,-37.12403272848147,-31.946938200632324,3.7948552974680356,-30.595497803037663,-37.70525419284322,-1.3322024221646573,-6.857307805119127,-72.80751970166759,-32.01570218656916,34.11529493972998,-52.72268002064243,-56.964159683708424,-12.843265690792974,64.98088202846266,18.36650349280946,-58.86038348347054,70.70738810117561,13.545701827095993,35.807942498825035,-41.872516673755385,9.04796079115567,11.493542688945961,-29.406986636220868,-17.931007202411752,21.50206556546005,-28.205307177068565,10.011283282027012,-20.874895905052988,-16.33853615399123,-21.1789601758424,-38.527673806145486,9.875216769330667,-24.40473102053032,40.34127182750224,1.1369030964889624,-15.343868417835207,16.777869382497272,-7.785767047116074,-43.56355771252282,46.63795696068329,5.137827357767971
-18.81589725170694,17.108175359715084,-7.78833482486647,-10.4005725068134,-9.072330208571678,1.2715253047349029,-8.6276593544084,-10.860992297770297,-0.11624686135950489,-1.9494967894281572,-20.597244912893935,-9.140819477912805,9.753011380885226,-14.582705517874125,-16.327335377103292,-3.7771095673701764,18.36650349280946,5.401584673351465,-16.64379721509483,20.289536352873654,4.060198068397726,10.192038918221543,-11.932958112344478,2.2721941648776784,3.346155023158165,-8.583125423531737,-5.018330475729622,5.956994438234549,-8.404820459824741,3.0022345995170254,-6.080182652585567,-4.485516947448626,-6.2083968831903125,-11.096239759071377,2.579849170001904,-6.622968569470775,11.622838113495133,0.16640660070489333,-4.4215886794194725,4.79088450661625,-2.086990509321431,-12.591023056230382,13.044568119090451,1.289090799148717
60.03630950442021,-54.37783243044889,25.666789880346393,33.362863069102815,29.09208969409334,-3.767064268959138,27.515828058844185,34.153994605508785,1.2227169451369906,6.179325843205702,65.84399281695185,28.886971824575006,-31.021377707680625,47.534852894526196,51.67685115142494,11.992128831851756,-58.86038348347054,-16.64379721509483,53.61928715267255,-63.993016324968316,-12.456804216591461,-32.43225826751111,37.67536137626733,-7.954173558426024,-10.397042497313965,26.724472987291584,16.36989890994382,-19.458569378647958,25.704525658870363,-9.409369669729728,18.852551293214507,14.628403203370773,19.36192329110202,35.03695571047732,-8.645453442619075,21.974660302462013,-36.801816555114726,-1.2910289789933052,13.724787657134412,-15.307804750760239,7.158947020647545,39.44333072618857,-42.082408028699085,-4.684664307878198
-72.32385038268754,65.55024122471767,-30.65942250802567,-40.28571816558341,-34.741157056088056,4.38893850635517,-33.29755881578116,-41.41244560486045,-1.0331287836860765,-7.575452881959503,-79.23750168617984,-34.92654086680612,37.34163309821285,-56.87242661790571,-62.337359734590876,-14.056975914918192,70.70738810117561,20.289536352873654,-63.993016324968316,77.50471976900447,15.078803832176451,39.04020900413523,-45.74797289979911,9.387303201032381,12.660949659894163,-32.51004680553798,-19.38276491683256,23.09459736771354,-31.50341065561012,11.133003004462056,-22.939052147688574,-17.61045603749069,-23.479314333202222,-42.28890822489126,10.477431311641284,-26.131438961689017,44.1877494550973,0.8108121280100603,-16.91683554546295,18.3095151917186,-8.347570974253989,-47.844290903955695,50.56923324983186,5.308331055093522
-13.738042866538784,12.787761079774963,-5.483199177294126,-7.443821929938912,-6.752713818273724,1.255907636900874,-6.251106071942706,-8.125092502038056,0.07565849707909092,-1.4149537399030816,-15.147552303272198,-6.635404353861406,7.2849574362056275,-10.403102629546755,-12.182669606085893,-3.003439352288706,13.545701827095993,4.060198068397726,-12.456804216591461,15.078803832176451,3.2959876959610503,7.551776679747412,-8.68237124413991,1.3960758062785439,2.5243418020328825,-6.484419648718299,-3.7059543270164115,4.304098240742643,-6.532368088454512,2.4806097074197915,-4.577173079607799,-3.072386053537646,-4.728369790274377,-8.438996400775537,1.5608897933621024,-4.607028300484686,8.746346629842414,0.14498953035819206,-3.306478763669272,3.613634225608542,-1.4774788255514384,-9.341370504498698,9.502983699844826,0.8766247991313386
-36.640117509862904,32.97494378479826,-15.611880824585445,-20.463608811975618,-17.626853874924716,2.1161182728693517,-16.867083310235124,-20.811826504320493,-0.6859973251384235,-3.697611938158864,-40.15538125286107,-17.681500132825793,18.794767565999273,-28.98988336770548,-31.45409784971414,-7.134772248525822,35.807942498825035,10.192038918221543,-32.43225826751111,39.04020900413523,7.551776679747412,19.84114020760138,-23.118635688484225,4.971304495351589,6.381093991623508,-16.201505470304557,-9.85153897119914,11.868656162766538,-15.546435961384706,5.489583838590928,-11.638908484809482,-8.92894642736863,-11.630254733185994,-21.272183384846066,5.379778185904585,-13.355507608359387,22.272625299502007,0.6586864711770654,-8.48683188456074,9.251111102491558,-4.189733786949885,-24.057863043096322,25.684473304240356,2.788900683438865
42.9475347940913,-38.53106961786321,18.421874513878087,24.101321807222714,20.509059836374426,-2.2419370932390654,19.889032880832612,24.395053933953953,0.729385600692614,4.425391654519407,47.05491824965494,20.775047339064074,-21.943637330337356,34.03208416003103,36.7432494371956,8.036474903828264,-41.872516673755385,-11.932958112344478,37.67536137626733,-45.74797289979911,-8.68237124413991,-23.118635688484225,27.29068057448826,-5.936015597273074,-7.469115937621996,18.93265543660165,11.414277009222324,-13.881837475107957,18.20281444869928,-6.216474148855985,13.620480568408471,10.620699256318296,13.525573390929193,24.78823893165312,-6.527752053918955,15.710460073814774,-25.857794986014444,-0.4562478308278158,10.097711064038489,-10.738615647172102,4.817749327758684,28.231396385854953,-30.140695138980618,-3.2286809821998923
-9.360733326204894,7.776445060013736,-4.492520795388527,-5.553188383788148,-4.354820270672947,-0.10735179150986346,-4.475454946949545,-4.897858372714219,-0.5689896804269301,-0.7997165385542191,-10.267298704824734,-4.490353237457944,4.435001365318772,-8.040113335306518,-7.509264908749557,-1.3587352703291897,9.04796079115567,2.2721941648776784,-7.954173558426024,9.387303201032381,1.3960758062785439,4.971304495351589,-5.936015597273074,1.9974467323992713,1.5045986505731475,-3.4342067471108204,-2.449332551769148,3.3391962111827667,-2.913231941526606,0.7399558877285825,-2.8459199328046307,-2.5296064935083415,-2.2553015026479466,-4.826897678717638,1.927686839709356,-3.8773327941888738,5.069018252631897,0.335788554970194,-2.118728470947421,2.180815934641159,-1.0085782135828996,-5.670728618630203,6.850769518231512,0.9680384732237295
-11.753423891177807,10.617414221545857,-4.914249876135919,-6.550979625617934,-5.6526500095852885,0.7243344522817347,-5.451432883353805,-6.775297809137069,-0.07069210383325857,-1.1715060516108278,-12.911806972834649,-5.69804434135125,6.045190362615487,-9.156425867189935,-10.169051423030481,-2.291373129964156,11.493542688945961,3.346155023158165,-10.397042497313965,12.660949659894163,2.5243418020328825,6.381093991623508,-7.469115937621996,1.5045986505731475,2.1131589196244733,-5.2811047601452366,-3.098365981627765,3.7424656413603703,-5.1517968917403705,1.7714571732733413,-3.8504459370006727,-2.7723778943966084,-3.775185472470797,-6.896597791149248,1.6564094063061443,-4.150351750698752,7.177778903156102,0.0834872089529133,-2.8220419325757353,2.989690664006678,-1.2419354946694119,-7.8195950614656695,8.222492937181265,0.824624009172483
30.01751589113044,-27.730325851931465,12.518293405441197,16.5716241551396,14.423485411429407,-2.2094468960040463,13.73339096356321,17.439846571469616,0.2444666634281316,3.354650807677164,32.822920960874086,14.497064066661185,-15.703203577634907,23.30914378665238,26.187090792402316,6.035003415037812,-29.406986636220868,-8.583125423531737,26.724472987291584,-32.51004680553798,-6.484419648718299,-16.201505470304557,18.93265543660165,-3.4342067471108204,-5.2811047601452366,14.054308261448343,8.137565391912142,-9.296989010342244,13.805352349322591,-5.0644503403454,9.431946997410256,7.300706202354763,10.342589275792061,17.943333085264218,-4.108256919769724,10.694359702217005,-18.702074169402174,-0.14056820365833342,7.036886570076843,-7.691585044757211,3.6861929944837457,20.124413151596332,-20.827064008412826,-2.0291236697970594
18.307398955947775,-16.59553116887646,7.90647817692002,10.164403203272933,8.883486817295442,-1.1622845535853648,8.338801536956002,10.328133062125424,0.49448334374420594,1.9204258743829636,20.02086363116787,8.79997270012088,-9.440219175977196,14.615604309542135,15.713095159729125,3.700323776532624,-17.931007202411752,-5.018330475729622,16.36989890994382,-19.38276491683256,-3.7059543270164115,-9.85153897119914,11.414277009222324,-2.449332551769148,-3.098365981627765,8.137565391912142,5.0916394316676,-5.9740008628129795,7.747641083441127,-2.9346253586095217,5.602467828400164,4.578216654796297,5.942873023285577,10.634606709515337,-2.6778189925236724,6.8367280017347145,-11.2391421133633,-0.5132020518557824,4.062076755627397,-4.658366634750085,2.3303243383905676,11.962762162227751,-12.818159276715399,-1.4763636061170498
-22.050027691836323,19.470066251284234,-9.618477145886061,-12.367907629386629,-10.674924834072852,1.0292685301069462,-10.135676949971153,-12.24185168921218,-0.6477073850851629,-2.1045702961810164,-24.180341389252654,-10.644657517625072,11.17030950874983,-17.763208595369687,-18.649686392737518,-4.24238712096096,21.50206556546005,5.956994438234549,-19.458569378647958,23.09459736771354,4.304098240742643,11.868656162766538,-13.881837475107957,3.3391962111827667,3.7424656413603703,-9.296989010342244,-5.9740008628129795,7.451596701384141,-8.726124994704199,3.092020827391934,-6.927189101597517,-5.4764860492273675,-6.57012749343938,-12.452885132737922,3.4083825995060373,-8.26288140747651,13.18443338185049,0.7069588153949639,-4.94080314615299,5.505913277349434,-2.4772058607212273,-14.232697593719903,15.548405187055018,1.88322002272667
28.709623517937466,-26.898008650768162,11.735242957223903,15.700625399862068,13.844014724354865,-2.4318541269814946,13.120540406791479,16.994852255487228,-0.0400850571760398,3.3126942081553783,31.470412208277335,13.853249874787265,-15.234652084839167,21.928984119852547,25.35193157221724,5.900286313151217,-28.205307177068565,-8.404820459824741,25.704525658870363,-31.50341065561012,-6.532368088454512,-15.546435961384706,18.20281444869928,-2.913231941526606,-5.1517968917403705,13.805352349322591,7.747641083441127,-8.726124994704199,13.866274887107084,-5.1400850879624675,9.155645697986643,6.839688058480507,10.220521885696463,17.55127352494384,-3.6475977617195126,9.933917437832323,-18.136635998275825,0.11137524708387549,6.923166724963763,-7.440627100155226,3.4592009615737473,19.543223642293857,-19.83221627303229,-1.7776093629892393
-10.102570261247374,9.75737244225605,-3.978365349913171,-5.280052093126119,-5.0911642081330815,1.226025817264483,-4.3941324543784805,-6.018670415662288,-0.023439881307785206,-1.2131121451258149,-11.042162939318981,-4.8472596943949915,5.581222507329808,-7.589340775226001,-9.097560114180812,-2.508390110291201,10.011283282027012,3.0022345995170254,-9.409369669729728,11.133003004462056,2.4806097074197915,5.489583838590928,-6.216474148855985,0.7399558877285825,1.7714571732733413,-5.0644503403454,-2.9346253586095217,3.092020827391934,-5.1400850879624675,2.2721597749546167,-3.1096847436137613,-2.333799923595146,-3.89954385254051,-6.376132389168583,0.9718389657554996,-3.4240573377310097,6.7815794408797485,0.263557123516565,-2.1885178658563786,2.7408806636980576,-1.422501126186343,-6.96455951955063,6.832506384332663,0.6613140853477011
21.387645282378635,-19.13284523126041,8.91825561176914,11.931005576246147,10.30786500505495,-1.2384741788153604,9.91939319255383,12.24593831096148,0.13654907090380888,2.0269555516359246,23.511928741970138,10.399728116667006,-10.925182602762296,16.68226026414896,18.427079847020583,4.169984532343654,-20.874895905052988,-6.080182652585567,18.852551293214507,-22.939052147688574,-4.577173079607799,-11.638908484809482,13.620480568408471,-2.8459199328046307,-3.8504459370006727,9.431946997410256,5.602467828400164,-6.927189101597517,9.155645697986643,-3.1096847436137613,7.096698137869146,5.003120534983579,6.658284523352873,12.440216832079804,-3.0180374440834643,7.529125634030855,-12.982090815115313,-0.25287824210740617,5.117291243897051,-5.4129661592185405,2.126879562436808,14.175154497323609,-14.969056696097637,-1.531495943483806
16.779450915916378,-15.003081066377012,7.5505352888095985,9.565710099968097,7.89003232945188,-0.7275031950764363,7.825829386687693,9.351623670578299,0.57157652036298,1.8481243306591082,18.327696463660818,8.07488775612093,-8.45006491740006,13.688264808713363,14.201733015274272,2.930428393521852,-16.33853615399123,-4.485516947448626,14.628403203370773,-17.61045603749069,-3.072386053537646,-8.92894642736863,10.620699256318296,-2.5296064935083415,-2.7723778943966084,7.300706202354763,4.578216654796297,-5.4764860492273675,6.839688058480507,-2.333799923595146,5.003120534983579,4.537087152090286,5.275299831206849,9.552628796949891,-2.8887619726843528,6.584273375407692,-9.909432452708721,-0.2110441220498893,3.874346468042286,-4.126026242102174,2.160465389812158,10.833431228292262,-11.873028987084307,-1.3689722226061212
21.57257183435014,-20.178863595433754,8.94351026915645,11.81168660681226,10.41267806760072,-1.7876326998615373,9.78007487040636,12.619399187322708,0.18682187569877806,2.5261219429023085,23.540272175314232,10.391648634555986,-11.442261725078415,16.665470643400912,18.953317447471086,4.489475255719145,-21.1789601758424,-6.2083968831903125,19.36192329110202,-23.479314333202222,-4.728369790274377,-11.630254733185994,13.525573390929193,-2.2553015026479466,-3.775185472470797,10.342589275792061,5.942873023285577,-6.57012749343938,10.220521885696463,-3.89954385254051,6.658284523352873,5.275299831206849,7.751243045725635,13.05854323242035,-2.8586328362532756,7.683596800911358,-13.66589197705208,-0.10944306423311213,4.973520022334955,-5.5904977482010025,2.8433816007927017,14.561718854305552,-14.87196009223795,-1.4342606586098683
39.24248494969468,-35.979775534824746,16.562883402119496,21.76721299744481,18.900153942152585,-2.759356772243016,18.058991821074816,22.65939269396224,0.4863358631343779,4.205150865584498,43.09889248635662,18.888613872564655,-20.385011603017972,30.730579942484013,34.116785647527145,7.798337767245171,-38.527673806145486,-11.096239759071377,35.03695571047732,-42.28890822489126,-8.438996400775537,-21.272183384846066,24.78823893165312,-4.826897678717638,-6.896597791149248,17.943333085264218,10.634606709515337,-12.452885132737922,17.55127352494384,-6.376132389168583,12.440216832079804,9.552628796949891,13.05854323242035,23.374941117460036,-5.477765965445322,14.147878150124457,-24.202416277649018,-0.4072828472116487,9.29424919538191,-10.040193933975496,4.6410685072112985,26.078208187332372,-27.44929888535535,-2.8087530462392154
-10.216404792543695,8.756686263635153,-4.864775532115445,-6.057514737833859,-4.656676561421219,0.029252933167369415,-4.914273972662054,-5.511601300491812,-0.505276352119307,-1.059045222575655,-11.150313386688746,-4.916655381898159,4.933141655412123,-8.6294517916768,-8.365278035972256,-1.435938113610151,9.875216769330667,2.579849170001904,-8.645453442619075,10.477431311641284,1.5608897933621024,5.379778185904585,-6.527752053918955,1.927686839709356,1.6564094063061443,-4.108256919769724,-2.6778189925236724,3.4083825995060373,-3.6475977617195126,0.9718389657554996,-3.0180374440834643,-2.8887619726843528,-2.8586328362532756,-5.477765965445322,2.136781008187144,-4.241859371044235,5.655592133396254,0.06709172524609518,-2.406515349117132,2.404405722864733,-1.248194245433325,-6.380209230093229,7.37783258572568,0.9291377892410838
24.99092262232983,-22.22548124970736,11.251771246173721,14.231738693255426,11.865101746144015,-1.0591091258152858,11.630470712841763,13.85508015696796,0.9246241758889008,2.611822817584484,27.352744565485526,11.994953902511803,-12.577879485040251,20.437016729868077,21.09906187563873,4.48773712114805,-24.40473102053032,-6.622968569470775,21.974660302462013,-26.131438961689017,-4.607028300484686,-13.355507608359387,15.710460073814774,-3.8773327941888738,-4.150351750698752,10.694359702217005,6.8367280017347145,-8.26288140747651,9.933917437832323,-3.4240573377310097,7.529125634030855,6.584273375407692,7.683596800911358,14.147878150124457,-4.241859371044235,9.783720557940864,-14.777490666276762,-0.5508320613604735,5.682359609120505,-6.196530506948084,3.158302450014276,16.022196300520054,-17.745778544109886,-2.1411972162506436
-41.22917236436963,37.55529050130115,-17.259643878097066,-22.6937227701329,-20.052154219755217,2.827960641868253,-18.70154745158454,-23.598465796359722,-0.6404997406426497,-4.322501248516377,-45.07332950525227,-19.915650818472866,21.52012705714474,-32.25058093484789,-35.663764761050594,-8.508591824725933,40.34127182750224,11.622838113495133,-36.801816555114726,44.1877494550973,8.746346629842414,22.272625299502007,-25.857794986014444,5.069018252631897,7.177778903156102,-18.702074169402174,-11.2391421133633,13.18443338185049,-18.136635998275825,6.7815794408797485,-12.982090815115313,-9.909432452708721,-13.66589197705208,-24.202416277649018,5.655592133396254,-14.777490666276762,25.631810061681758,0.8383765175132895,-9.290329629309676,10.556429912506047,-4.948974375438944,-27.367300046559794,28.600269355973985,3.0737858325584946
-1.1522866614686742,0.7797500290871971,-0.5185948056954233,-0.5018435015875876,-0.8225456531516455,0.07981125570156755,-0.2841823003153877,-0.33457741323074563,-0.36397765144063876,0.07378799865048223,-1.2112057313616085,-0.5319364076817423,0.6154552676128602,-1.1279246235594806,-0.8105110804881899,-0.6078602068921632,1.1369030964889624,0.16640660070489333,-1.2910289789933052,0.8108121280100603,0.14498953035819206,0.6586864711770654,-0.4562478308278158,0.335788554970194,0.0834872089529133,-0.14056820365833342,-0.5132020518557824,0.7069588153949639,0.11137524708387549,0.263557123516565,-0.25287824210740617,-0.2110441220498893,-0.10944306423311213,-0.4072828472116487,0.06709172524609518,-0.5508320613604735,0.8383765175132895,0.7441688444606283,0.20244802404856005,0.33639551510001714,-0.24051782915042125,-0.5062432259001376,0.7547187926562225,0.349559878306576
15.643168225687488,-14.198080072764526,6.750376478667495,8.898565266099666,7.3406478584219474,-0.8764094415428055,7.473447680232825,9.097447866475868,0.07264555423157965,1.6452404429245684,17.300808466022865,7.537049239518067,-7.9200472012980105,12.328217108938357,13.551449458650518,2.710260950202904,-15.343868417835207,-4.4215886794194725,13.724787657134412,-16.91683554546295,-3.306478763669272,-8.48683188456074,10.097711064038489,-2.118728470947421,-2.8220419325757353,7.036886570076843,4.062076755627397,-4.94080314615299,6.923166724963763,-2.1885178658563786,5.117291243897051,3.874346468042286,4.973520022334955,9.29424919538191,-2.406515349117132,5.682359609120505,-9.290329629309676,0.20244802404856005,4.075708131980937,-3.92400568968492,1.621773894178322,10.371090372834038,-11.138285598243792,-1.0444231924466427
-17.107144560989838,15.541521112764174,-7.244746018321922,-9.473050292626786,-8.309174651182984,1.1410532337952208,-7.83409985819145,-9.781407505880575,-0.2789289281680739,-1.761482915011781,-18.762438891603143,-8.247074095068145,8.871316230318577,-13.453512441048746,-14.787077540847209,-3.4699382454049736,16.777869382497272,4.79088450661625,-15.307804750760239,18.3095151917186,3.613634225608542,9.251111102491558,-10.738615647172102,2.180815934641159,2.989690664006678,-7.691585044757211,-4.658366634750085,5.505913277349434,-7.440627100155226,2.7408806636980576,-5.4129661592185405,-4.126026242102174,-5.5904977482010025,-10.040193933975496,2.404405722864733,-6.196530506948084,10.556429912506047,0.33639551510001714,-3.92400568968492,4.389246576703334,-2.0213600877322615,-11.306068605858782,11.951569192745051,1.300994723514972
7.919476931579421,-7.392882823566951,3.5588274824197415,4.393029484538149,3.806715444235476,-0.5474552189440381,3.53556748830291,4.449702025697429,0.3993484821438387,1.0113639742844864,8.56563230501288,3.737231605043191,-4.179385044056491,6.46528693419836,6.794291399818854,1.6022488880484083,-7.785767047116074,-2.086990509321431,7.158947020647545,-8.347570974253989,-1.4774788255514384,-4.189733786949885,4.817749327758684,-1.0085782135828996,-1.2419354946694119,3.6861929944837457,2.3303243383905676,-2.4772058607212273,3.4592009615737473,-1.422501126186343,2.126879562436808,2.160465389812158,2.8433816007927017,4.6410685072112985,-1.248194245433325,3.158302450014276,-4.948974375438944,-0.24051782915042125,1.621773894178322,-2.0213600877322615,1.3515433474376055,5.127338923949982,-5.5287715845994585,-0.6798776592731557
44.61956368170883,-40.44055402213667,18.799418433860588,24.772078905253828,21.48166062739728,-2.7759122154338343,20.4791573396827,25.5712759594992,0.5584712818504819,4.6745873864849115,48.82739516972346,21.603638566322907,-23.077970580919256,34.955588798634665,38.49210661236632,8.782145492111356,-43.56355771252282,-12.591023056230382,39.44333072618857,-47.844290903955695,-9.341370504498698,-24.057863043096322,28.231396385854953,-5.670728618630203,-7.8195950614656695,20.124413151596332,11.962762162227751,-14.232697593719903,19.543223642293857,-6.96455951955063,14.175154497323609,10.833431228292262,14.561718854305552,26.078208187332372,-6.380209230093229,16.022196300520054,-27.367300046559794,-0.5062432259001376,10.371090372834038,-11.306068605858782,5.127338923949982,29.62445367981536,-31.074503996599457,-3.2339888334336355
-47.70915542281734,42.77267485844818,-20.76420544491388,-26.875862233463234,-22.811479782126973,2.4099781760186696,-22.142597444527887,-26.945478668344464,-1.081331890478693,-4.87118667062576,-52.338662901289865,-22.96899424515657,24.273258801012314,-38.178543361779376,-40.699764353995164,-8.898083536391665,46.63795696068329,13.044568119090451,-42.082408028699085,50.56923324983186,9.502983699844826,25.684473304240356,-30.140695138980618,6.850769518231512,8.222492937181265,-20.827064008412826,-12.818159276715399,15.548405187055018,-19.83221627303229,6.832506384332663,-14.969056696097637,-11.873028987084307,-14.87196009223795,-27.44929888535535,7.37783258572568,-17.745778544109886,28.600269355973985,0.7547187926562225,-11.138285598243792,11.951569192745051,-5.5287715845994585,-31.074503996599457,33.71324695754405,3.7598211420760297
-5.251284638534241,4.512858693234389,-2.451940862201971,-2.9773743063734672,-2.5789633819417626,0.12721260448282723,-2.3851886705169707,-2.7729615652588495,-0.3515477168218236,-0.4826322587240667,-5.751810103700063,-2.4929028079312836,2.6504678466494607,-4.438151078708646,-4.303413132540303,-0.994049442577381,5.137827357767971,1.289090799148717,-4.684664307878198,5.308331055093522,0.8766247991313386,2.788900683438865,-3.2286809821998923,0.9680384732237295,0.824624009172483,-2.0291236697970594,-1.4763636061170498,1.88322002272667,-1.7776093629892393,0.6613140853477011,-1.531495943483806,-1.3689722226061212,-1.4342606586098683,-2.8087530462392154,0.9291377892410838,-2.1411972162506436,3.0737858325584946,0.349559878306576,-1.0444231924466427,1.300994723514972,-0.6798776592731557,-3.2339888334336355,3.7598211420760297,0.5883949121974466
