V1,V2,V3,V4,V5,V6,V7,V8,V9,V10,V11,V12,V13,V14,V15,V16,V17,V18,V19,V20,V21,V22,V23,V24,V25,V26,V27,V28,V29,V30,V31,V32,V33,V34,V35,V36,V37,V38,V39,V40,V41,V42,V43,V44
834.2429711031903,-12.707276081649507,251.67662522152168,-494.96457510625345,944.2349735174021,622.2002652780204,-513.1209030272654,245.87480504590135,-8.926761736741623,770.546880428123,618.3195392175651,696.3031224509699,-1504.9504932858579,301.4459991332479,-151.173263269258,-6.989970347972274,53.79396376510375,-288.29700579365243,-758.3808533141248,-476.0859165901095,418.43547841252314,709.1599601055871,1622.7048919361032,-45.64403719045029,340.2637093801128,-486.066126382818,-110.05663505871952,-1270.395006486629,450.94451650802563,-439.31029870039106,-250.45145315690345,810.3296951388054,-480.1370288161702,-679.052177352862,-61.01646276997522,-189.43962925390895,-436.4454078601866,71.22439269600474,-494.2141984942018,309.95452147275984,-468.18673110113724,1277.8228087518257,385.66648421918177,-437.0037791757739
-12.707276081649507,1.2861478085954268,-3.960793405668119,6.32471721316266,-13.744935358850347,-8.643396282832901,6.792307475492876,-4.028993145216752,0.16276425016325044,-10.90466085172135,-9.669529073131018,-10.09708583518645,21.63370215305023,-4.987017516781375,1.2438942915973017,-0.09367423344195261,0.2309196473125309,4.256340359900144,9.69684232296235,7.7414555642997795,-5.496364201375389,-9.375977402221382,-23.27252403603769,0.6289350401973277,-4.5526874603164424,6.312552577266433,1.1828578494216837,18.088553980749904,-6.78862609956633,6.405488404411732,3.171623748895248,-11.489498770515544,6.322722587634055,8.826661285490006,0.9644593710708755,2.3277255564911075,6.733639771877509,-1.0809245982755453,6.745851003501556,-4.085378240590831,6.373158059028474,-18.540672224832726,-4.578857681520837,6.275357851281324
251.67662522152168,-3.960793405668119,76.08110493060727,-149.05260332548477,284.7278060612654,187.67513305854496,-154.57279101126977,74.19791948527562,-2.614305146731275,232.32375095963351,186.6166104913756,209.95331546122674,-453.76774900849125,91.1322851288209,-45.49363003653763,-2.1519069574299095,16.009843302914263,-86.88377834869908,-228.4812179059928,-143.6720810513912,126.16579535040323,213.70780807875778,489.28831780122573,-13.888143924267837,102.550643705167,-146.5094386691687,-33.144400456494594,-383.03307325068414,135.9123638673826,-132.37579037640694,-75.47459737092794,244.327145391472,-144.75072509267284,-204.67603081491404,-18.496627527656003,-56.97453524547135,-131.6142191819839,21.48661854043309,-148.95078718378647,93.40931222991968,-141.09300737064027,385.259638639303,116.05938470823958,-131.82108729755052
-494.96457510625345,6.32471721316266,-149.05260332548477,295.4113036210955,-561.1759142406347,-370.1765802046236,305.9665180172029,-145.58664650257487,5.390147323746548,-458.3796796206076,-366.4265446877317,-413.70948874051555,894.8156467300647,-178.13195418996114,91.06681685135047,4.33500068518091,-33.356549086587464,171.24023148815726,452.43543979201985,281.90208923311747,-249.23964274797316,-422.7278039679781,-964.692025215903,26.900589568408765,-202.70789560067718,289.73166741384756,65.90475945792011,755.4108626298113,-267.92884350366353,261.2730179765679,149.46126531669515,-481.81198749930473,286.0455528225378,404.8011274471848,35.989205841955766,113.32100696673797,258.95847330678157,-42.382086482184334,294.35026711684515,-184.7458571734515,278.76676470593986,-759.501863159665,-230.58193934073498,259.8292474505872
944.2349735174021,-13.744935358850347,284.7278060612654,-561.1759142406347,1069.329409129493,704.8216830598743,-581.6880499661615,278.0985038370342,-10.142329429309504,872.7812582332696,699.5409790843133,788.3178155517041,-1704.4907306878915,340.7914213233452,-171.8926842862916,-7.996251867270936,61.69540020866883,-326.34730553656556,-859.7299556324147,-538.5163675945698,474.0342717284727,803.7397536342035,1837.6638940417158,-51.50688923936264,385.55324880081724,-550.9424842517911,-124.85660759766824,-1438.8421522506285,510.55521317431493,-497.60772673340165,-283.9088788058768,917.6549174373672,-544.1108494456863,-769.6171217336649,-68.930812070824,-214.946818313354,-494.0067525978527,80.69713410757666,-560.0754909378273,351.28689836535057,-530.4486683496625,1447.027208006515,437.4364122532144,-495.0385834969443
622.2002652780204,-8.643396282832901,187.67513305854496,-370.1765802046236,704.8216830598743,464.9141630620019,-383.65330175145954,183.13952542492612,-6.641565123295437,575.4614527177881,460.867402903767,519.6129277099084,-1123.6469691512048,224.50084065518183,-113.77074188337556,-5.4738266352377885,41.02758901044438,-215.02158775511452,-567.2417107512947,-354.6312184658948,312.7943636932908,530.2142447394186,1211.4389764164096,-34.07085632160218,254.3031546922037,-363.5025844440308,-82.50666603027341,-948.5504636524818,336.36464419536696,-327.90089478791486,-187.3821292699373,604.9620053328435,-358.96578831210354,-507.8207506998443,-45.48209824122314,-141.83519556037757,-325.3882247052508,53.23779601496117,-369.34575677256333,231.7432074601339,-349.79765906875224,953.7771363066985,288.6373219846748,-326.3760709056975
-513.1209030272654,6.792307475492876,-154.57279101126977,305.9665180172029,-581.6880499661615,-383.65330175145954,317.0929033922195,-150.91246068847911,5.573423985810001,-475.00316827623897,-379.79573962426485,-428.6383325339843,927.4288113808685,-184.7400866320921,94.2722355630475,4.4793614770122065,-34.438038146034636,177.41594937061248,468.7271671857993,292.2374057095093,-258.1121687875751,-437.9468988521032,-999.7443650501467,27.799799915061087,-210.0015815527534,300.25017391428503,68.1603133517293,782.9367620852522,-277.61290381106676,270.8278143668784,154.7900976740316,-499.2591966798225,296.3890254883288,419.35161189983893,37.352523828480095,117.3596667567147,268.43105964591547,-43.96621437920084,305.1010434991064,-191.42933942466487,288.83412342659386,-787.1356480040466,-238.7218395026404,269.42539523505445
245.87480504590135,-4.028993145216752,74.19791948527562,-145.58664650257487,278.0985038370342,183.13952542492612,-150.91246068847911,72.62992722055147,-2.62553696704546,226.8997427722569,182.37458492647013,205.13506764715115,-443.2428097602852,88.91728800899968,-44.23412884048642,-1.9947202972242568,15.529880111801752,-84.99284676623432,-222.95810893895722,-140.52962607068915,123.14716662946502,208.6170420447101,477.90294619898236,-13.465763262904979,100.11558331708524,-142.9265140570814,-32.36763915641918,-374.0317681412905,132.97497603077662,-129.3817851406789,-73.65477178267295,238.58574432684247,-141.20565723375367,-199.73511119449904,-17.97952224640792,-55.72010089366898,-128.69367237473358,20.98112506762386,-145.38043217089827,91.15896110883429,-137.7981710159047,376.40313109417326,113.36321299270425,-128.6183519730764
-8.926761736741623,0.16276425016325044,-2.614305146731275,5.390147323746548,-10.142329429309504,-6.641565123295437,5.573423985810001,-2.62553696704546,0.20742032195691773,-8.297621465615636,-6.571922165555432,-7.490411770546281,16.1607155364992,-3.129811950493416,1.6354366457102618,0.05887537599879792,-0.6611181372947864,3.112877679600765,8.24921909414747,5.092093645593622,-4.446906621463204,-7.682450020687384,-17.44085942739881,0.3827402933835723,-3.6663559563752215,5.1924419561586355,1.1754529390246389,13.662895017590936,-4.9211685384768415,4.811904725179489,2.6957730864289666,-8.708989585508318,5.1395613402928975,7.297413331161102,0.5694220185735257,2.1223560864671773,4.692599260062268,-0.8065078048599491,5.338875136280689,-3.354663625578883,5.064626702297631,-13.763641520798195,-4.1983039263519,4.669791858239501
770.546880428123,-10.90466085172135,232.32375095963351,-458.3796796206076,872.7812582332696,575.4614527177881,-475.00316827623897,226.8997427722569,-8.297621465615636,712.621784316474,570.8192767690381,643.5534226810983,-1391.401539100575,277.96169934251196,-140.62831300412356,-6.650992236289619,50.68763696936019,-266.4041811580116,-702.263731035192,-439.33792169459156,387.2315220986871,656.4488111091716,1500.1852905096043,-42.06594058868223,314.87994139267994,-449.87781834356326,-102.1026750163486,-1174.545997766782,416.7963042697764,-406.1897821835333,-231.9876149189883,749.2157332161572,-444.29434452566113,-628.5756352109595,-56.243735370671786,-175.60021618258017,-403.09921603032,65.92788591137777,-457.25867480524005,286.9023170935069,-433.11495503209727,1181.2084096592255,357.45090481379424,-404.02503733377586
618.3195392175651,-9.669529073131018,186.6166104913756,-366.4265446877317,699.5409790843133,460.867402903767,-379.79573962426485,182.37458492647013,-6.571922165555432,570.8192767690381,458.55973649213433,516.0816947892681,-1114.899838496017,223.648343125557,-111.63127532385779,-5.1199170577414455,39.39510284260915,-213.69829438536584,-561.3717197237893,-353.10593893627885,310.00859269231245,525.0957109542883,1202.2694398608392,-34.010436823257756,251.99656104779626,-359.84476384501903,-81.50691533765644,-941.0942151982722,334.20236771186046,-325.3730778448285,-185.42452133495846,600.3775341738482,-355.55217224096145,-502.8213515275868,-45.269277333552246,-140.14744080379532,-323.51378342875057,52.69652395300449,-365.8915647500768,229.47542737859447,-346.7817006235367,946.7592953679095,285.444864292315,-323.6327466412914
696.3031224509699,-10.09708583518645,209.95331546122674,-413.70948874051555,788.3178155517041,519.6129277099084,-428.6383325339843,205.13506764715115,-7.490411770546281,643.5534226810983,516.0816947892681,581.5953963323171,-1256.5973017482045,251.42744637935047,-126.5749144965201,-5.899900785195098,45.329048410336085,-240.78837540212547,-633.8217442009526,-397.21501519333924,349.75395317411784,592.5735142381936,1355.1191062714759,-38.18795004137427,284.319834099841,-406.06624330284933,-92.13419797225396,-1060.8562695839346,376.5501355098921,-366.79387543674926,-209.36831169220002,676.8404235659908,-401.14556108447715,-567.4485280435318,-50.86893758773296,-158.3620255495906,-364.27068443307246,59.42393016109689,-412.74330264428215,258.98112659003067,-391.1357930649915,1067.014998174059,322.570552351591,-364.74476049656107
-1504.9504932858579,21.63370215305023,-453.76774900849125,894.8156467300647,-1704.4907306878915,-1123.6469691512048,927.4288113808685,-443.2428097602852,16.1607155364992,-1391.401539100575,-1114.899838496017,-1256.5973017482045,2717.1932200936535,-542.9874632180328,274.27953190789765,12.860065033314696,-98.62376799725267,520.2097859043932,1370.8001295076053,858.2506990878244,-755.8603001174215,-1281.497170825743,-2929.3991990041295,82.08480486212672,-614.7062729104133,878.394515257228,199.21393272432056,2293.591341674342,-813.8839571036732,793.2137760552324,452.7659431663331,-1462.8461310299367,867.4271231384541,1227.1075134121436,109.8775207508782,342.7931898879843,787.3675770153402,-128.68246142052843,892.8724056184217,-560.077637189604,845.6527104972096,-2306.6439221215765,-697.6213129426401,789.0934922866511
301.4459991332479,-4.987017516781375,91.1322851288209,-178.13195418996114,340.7914213233452,224.50084065518183,-184.7400866320921,88.91728800899968,-3.129811950493416,277.96169934251196,223.648343125557,251.42744637935047,-542.9874632180328,109.34724893774069,-54.12858410994975,-2.506493724610423,18.83714637703742,-104.05283729465971,-273.0739376537745,-172.21997457993186,150.92403444817762,255.51541479377147,585.6028630872407,-16.71686437718349,122.64981089821318,-175.1402584089678,-39.557994305701946,-458.3784214459742,162.7076180720096,-158.38831623753714,-90.20003807519467,292.45646606959104,-173.10162589026402,-244.70254040056466,-22.189691392433563,-68.01316743505927,-157.64229606061696,25.66311809642368,-178.11266781413383,111.67386876127755,-168.77039415982043,461.1475256179306,138.63393914285845,-157.6863319114417
-151.173263269258,1.2438942915973017,-45.49363003653763,91.06681685135047,-171.8926842862916,-113.77074188337556,94.2722355630475,-44.23412884048642,1.6354366457102618,-140.62831300412356,-111.63127532385779,-126.5749144965201,274.27953190789765,-54.12858410994975,28.68496518342669,1.5350421439644908,-10.977139230325049,52.295117123796224,139.5670619275268,85.67210095949024,-76.69141894177045,-130.19258914476572,-295.6146132017664,8.21516434851882,-62.35475639609743,89.33096928482306,20.446261701159766,231.63553510825656,-81.82799675750985,80.02547848938886,46.13295489504211,-147.6566468395217,88.11112938545804,124.76502419981283,10.968893240430276,35.0593719325167,78.96609854236166,-13.04071754316393,90.54994622214873,-56.91840728267729,85.65331218273558,-232.5743476080561,-71.24975549513368,79.75168038299562
-6.989970347972274,-0.09367423344195261,-2.1519069574299095,4.33500068518091,-7.996251867270936,-5.4738266352377885,4.4793614770122065,-1.9947202972242568,0.05887537599879792,-6.650992236289619,-5.1199170577414455,-5.899900785195098,12.860065033314696,-2.506493724610423,1.5350421439644908,0.20362604536858714,-0.656019985201623,2.390135795528042,6.7536632550598075,3.867197687682459,-3.738367194482155,-6.264635421013148,-13.870913409260233,0.44468057968958885,-2.9827806004052095,4.313521796345094,1.0371421880008596,10.869120524426485,-3.7441546588305052,3.6832429406638045,2.2730559635928627,-6.961419104573035,4.237484880763089,6.041991261023992,0.5691876734432679,1.6695759003042672,3.560424659304286,-0.6631629944314547,4.28251394767027,-2.743537241691701,4.0463696781702145,-10.83965660349341,-3.416298024488741,3.758496553655924
53.79396376510375,0.2309196473125309,16.009843302914263,-33.356549086587464,61.69540020866883,41.02758901044438,-34.438038146034636,15.529880111801752,-0.6611181372947864,50.68763696936019,39.39510284260915,45.329048410336085,-98.62376799725267,18.83714637703742,-10.977139230325049,-0.656019985201623,4.795137057721077,-18.718038986597353,-51.12834075617163,-30.09868023492496,27.786018851138884,47.410920916168685,106.26053918195142,-2.7451447058059366,22.650963119226656,-32.56315073402773,-7.5511586416958645,-83.41173297981399,29.285638923502475,-28.870174665481176,-16.884109789525414,53.168489409487066,-32.01088558519215,-45.43593653613068,-3.80270233097508,-12.96873824354952,-28.07273579143985,4.729552123818968,-32.88324521004476,20.755554370322383,-31.02995152255759,83.51960729639976,26.336941166157324,-28.70542284715892
-288.29700579365243,4.256340359900144,-86.88377834869908,171.24023148815726,-326.34730553656556,-215.02158775511452,177.41594937061248,-84.99284676623432,3.112877679600765,-266.4041811580116,-213.69829438536584,-240.78837540212547,520.2097859043932,-104.05283729465971,52.295117123796224,2.390135795528042,-18.718038986597353,99.7612146772108,262.2994974395197,164.51456269635577,-144.74666363117663,-245.21898095969652,-561.0089651692134,15.757796946760502,-117.6784043785687,168.02922671550513,38.117962149907456,439.16132154474144,-155.96334039926197,151.89332659275314,86.63166928992253,-280.1955960925332,165.9878564072238,234.8043509920422,21.0413676070951,65.5553647238241,150.8641127041592,-24.58930575181235,170.81368938486855,-107.18282576492521,161.92312669510585,-441.7755930363461,-133.53800507095286,150.94483663409105
-758.3808533141248,9.69684232296235,-228.4812179059928,452.43543979201985,-859.7299556324147,-567.2417107512947,468.7271671857993,-222.95810893895722,8.24921909414747,-702.263731035192,-561.3717197237893,-633.8217442009526,1370.8001295076053,-273.0739376537745,139.5670619275268,6.7536632550598075,-51.12834075617163,262.2994974395197,693.3072111896014,431.785008643211,-381.87498706158334,-647.6376192478555,-1478.0146026996883,41.267970905144864,-310.567229765796,443.94412506482985,100.90499121766216,1157.4165456342535,-410.3120253288908,400.23233365344663,228.9784315832827,-738.2746880950149,438.3197441722668,620.206857534166,55.25581832489599,173.47671827725108,396.6197700621282,-64.99581565469546,450.97843094722685,-283.10468486063115,427.08419398030554,-1163.5646303330336,-353.1461306355289,398.1377517140061
-476.0859165901095,7.7414555642997795,-143.6720810513912,281.90208923311747,-538.5163675945698,-354.6312184658948,292.2374057095093,-140.52962607068915,5.092093645593622,-439.33792169459156,-353.10593893627885,-397.21501519333924,858.2506990878244,-172.21997457993186,85.67210095949024,3.867197687682459,-30.09868023492496,164.51456269635577,431.785008643211,272.07855382327125,-238.4310508415011,-403.9799746599091,-925.3752461055288,26.082152268106675,-193.86550955163727,276.7733052413999,62.64789081564008,724.2924158070992,-257.4117701430609,250.51865801986096,142.6109922344873,-462.0440636931536,273.4580703951354,386.76870206898076,34.83646048212276,107.83446206935244,249.1897811718494,-40.61047090971865,281.57148112448976,-176.5209666841058,266.817252501859,-728.8191322453507,-219.51534376047604,249.12026837740672
418.43547841252314,-5.496364201375389,126.16579535040323,-249.23964274797316,474.0342717284727,312.7943636932908,-258.1121687875751,123.14716662946502,-4.446906621463204,387.2315220986871,310.00859269231245,349.75395317411784,-755.8603001174215,150.92403444817762,-76.69141894177045,-3.738367194482155,27.786018851138884,-144.74666363117663,-381.87498706158334,-238.4310508415011,210.7518210209735,356.90591241224104,815.1100935721358,-23.05126481525089,171.21380338423452,-244.61826973718033,-55.66933023242255,-638.1457617876471,226.30676975989508,-220.52350855242574,-126.23655398124963,407.1831970452658,-241.5971992073172,-341.88592839500046,-30.60387748987373,-95.45743026225496,-218.80519194612666,35.75117949545512,-248.43266564971057,155.98476447660758,-235.42223649534648,641.6682575092241,194.50264065142653,-219.39104225515518
709.1599601055871,-9.375977402221382,213.70780807875778,-422.7278039679781,803.7397536342035,530.2142447394186,-437.9468988521032,208.6170420447101,-7.682450020687384,656.4488111091716,525.0957109542883,592.5735142381936,-1281.497170825743,255.51541479377147,-130.19258914476572,-6.264635421013148,47.410920916168685,-245.21898095969652,-647.6376192478555,-403.9799746599091,356.90591241224104,605.2092725544942,1381.6389347872903,-38.67363150858759,290.22475059176054,-414.8002015556507,-94.27243609210113,-1081.8564798326952,383.68027858208296,-374.0988317406032,-213.9597287959103,690.0559449248987,-409.57685880951124,-579.549972561414,-51.68257714797913,-162.0730526098497,-370.9205265297868,60.745037414507834,-421.4384050651394,264.50409705953797,-399.1174940585928,1087.7573378773886,329.8219624255759,-372.1540364293171
1622.7048919361032,-23.27252403603769,489.28831780122573,-964.692025215903,1837.6638940417158,1211.4389764164096,-999.7443650501467,477.90294619898236,-17.44085942739881,1500.1852905096043,1202.2694398608392,1355.1191062714759,-2929.3991990041295,585.6028630872407,-295.6146132017664,-13.870913409260233,106.26053918195142,-561.0089651692134,-1478.0146026996883,-925.3752461055288,815.1100935721358,1381.6389347872903,3158.5938341345914,-88.66675404838296,662.8093474196444,-946.9927739492847,-214.7891122907601,-2472.9742963332815,877.5174470711609,-855.1510485620183,-488.15904214476996,1577.46219788127,-935.2928550648141,-1323.031247651103,-118.51613380658189,-369.4444635806378,-848.8907293566778,138.68308448492175,-962.52365547555,603.8810684622641,-911.8192002952743,2487.042270841459,752.1742490901823,-850.6080147599853
-45.64403719045029,0.6289350401973277,-13.888143924267837,26.900589568408765,-51.50688923936264,-34.07085632160218,27.799799915061087,-13.465763262904979,0.3827402933835723,-42.06594058868223,-34.010436823257756,-38.18795004137427,82.08480486212672,-16.71686437718349,8.21516434851882,0.44468057968958885,-2.7451447058059366,15.757796946760502,41.267970905144864,26.082152268106675,-23.05126481525089,-38.67363150858759,-88.66675404838296,2.7945657440022886,-18.58688253868485,26.525020520369143,6.079086015763663,69.3307330502127,-24.53053160070987,23.776186768859716,13.691030043020318,-44.309493153018316,26.288978483885824,37.14812665420913,3.4411180882792354,10.20992502212669,23.793920533718527,-3.816548547070006,26.84894080215707,-16.8880007083985,25.554012866880026,-69.73576558336126,-20.95599278346781,23.78215904933092
340.2637093801128,-4.5526874603164424,102.550643705167,-202.70789560067718,385.55324880081724,254.3031546922037,-210.0015815527534,100.11558331708524,-3.6663559563752215,314.87994139267994,251.99656104779626,284.319834099841,-614.7062729104133,122.64981089821318,-62.35475639609743,-2.9827806004052095,22.650963119226656,-117.6784043785687,-310.567229765796,-193.86550955163727,171.21380338423452,290.22475059176054,662.8093474196444,-18.58688253868485,139.20875632686813,-198.92589850086432,-45.1907649177677,-518.9843236035309,184.06309262760405,-179.44464602461568,-102.60606733782093,331.0726900261182,-196.43879508665884,-277.93547588760856,-24.826625748314736,-77.66975807452862,-177.97005297191663,29.10495846601029,-202.1082914939389,126.85266050011367,-191.43808145788822,521.8238814761603,158.15946072069403,-178.4913740079304
-486.066126382818,6.312552577266433,-146.5094386691687,289.73166741384756,-550.9424842517911,-363.5025844440308,300.25017391428503,-142.9265140570814,5.1924419561586355,-449.87781834356326,-359.84476384501903,-406.06624330284933,878.394515257228,-175.1402584089678,89.33096928482306,4.313521796345094,-32.56315073402773,168.02922671550513,443.94412506482985,276.7733052413999,-244.61826973718033,-414.8002015556507,-946.9927739492847,26.525020520369143,-198.92589850086432,284.5164223843938,64.60122863389894,741.6422143732632,-262.7805690463086,256.3670971549709,146.62172356383047,-472.94610585027993,280.86487085493263,397.3084429884577,35.49064164105163,111.06903080779233,254.16802248598927,-41.576222461374364,288.93487563991175,-181.3252191215121,273.60801387364705,-745.5143188709477,-226.04194162889564,255.19073520535028
-110.05663505871952,1.1828578494216837,-33.144400456494594,65.90475945792011,-124.85660759766824,-82.50666603027341,68.1603133517293,-32.36763915641918,1.1754529390246389,-102.1026750163486,-81.50691533765644,-92.13419797225396,199.21393272432056,-39.557994305701946,20.446261701159766,1.0371421880008596,-7.5511586416958645,38.117962149907456,100.90499121766216,62.64789081564008,-55.66933023242255,-94.27243609210113,-214.7891122907601,6.079086015763663,-45.1907649177677,64.60122863389894,14.819266149307625,168.1398582623422,-59.61662225670384,58.08172916437999,33.37643761514038,-107.27388559275397,63.781824989930264,90.33123967059481,8.012809670329638,25.308039058923747,57.55976963513124,-9.42880198177768,65.5334917920757,-41.18209206282555,62.13307232459729,-169.0444374682034,-51.512373165205155,57.79204607315119
-1270.395006486629,18.088553980749904,-383.03307325068414,755.4108626298113,-1438.8421522506285,-948.5504636524818,782.9367620852522,-374.0317681412905,13.662895017590936,-1174.545997766782,-941.0942151982722,-1060.8562695839346,2293.591341674342,-458.3784214459742,231.63553510825656,10.869120524426485,-83.41173297981399,439.16132154474144,1157.4165456342535,724.2924158070992,-638.1457617876471,-1081.8564798326952,-2472.9742963332815,69.3307330502127,-518.9843236035309,741.6422143732632,168.1398582623422,1936.3394506971485,-686.8986572709583,669.590180234125,382.22883771974375,-1235.046713849731,732.4246169351294,1035.9897607040564,92.76696767705991,289.3253890133145,664.5480761257405,-108.5632556963444,753.7666409399176,-472.88352743915016,713.9610268777835,-1947.1632140245197,-588.9955794598586,666.1072825744162
450.94451650802563,-6.78862609956633,135.9123638673826,-267.92884350366353,510.55521317431493,336.36464419536696,-277.61290381106676,132.97497603077662,-4.9211685384768415,416.7963042697764,334.20236771186046,376.5501355098921,-813.8839571036732,162.7076180720096,-81.82799675750985,-3.7441546588305052,29.285638923502475,-155.96334039926197,-410.3120253288908,-257.4117701430609,226.30676975989508,383.68027858208296,877.5174470711609,-24.53053160070987,184.06309262760405,-262.7805690463086,-59.61662225670384,-686.8986572709583,244.11043801914127,-237.6880574383825,-135.53962131100405,438.21091509133214,-259.56765650170746,-367.2689449335787,-32.84855251156252,-102.63565964997453,-236.04388075256205,38.5833148542554,-267.2720150854716,167.65401507461897,-253.22522541407713,691.0756828449446,208.85997273486095,-236.20542246784527
-439.31029870039106,6.405488404411732,-132.37579037640694,261.2730179765679,-497.60772673340165,-327.90089478791486,270.8278143668784,-129.3817851406789,4.811904725179489,-406.1897821835333,-325.3730778448285,-366.79387543674926,793.2137760552324,-158.38831623753714,80.02547848938886,3.6832429406638045,-28.870174665481176,151.89332659275314,400.23233365344663,250.51865801986096,-220.52350855242574,-374.0988317406032,-855.1510485620183,23.776186768859716,-179.44464602461568,256.3670971549709,58.08172916437999,669.590180234125,-237.6880574383825,231.7247341824862,132.1525801808539,-427.05328649782507,253.1491382917542,358.12618467642835,31.981714485133846,100.1202683002343,229.90207457959994,-37.59126023809058,260.7001672967224,-163.51284207319577,246.87201401300896,-673.4162035755465,-203.70298404859037,230.357712456868
-250.45145315690345,3.171623748895248,-75.47459737092794,149.46126531669515,-283.9088788058768,-187.3821292699373,154.7900976740316,-73.65477178267295,2.6957730864289666,-231.9876149189883,-185.42452133495846,-209.36831169220002,452.7659431663331,-90.20003807519467,46.13295489504211,2.2730559635928627,-16.884109789525414,86.63166928992253,228.9784315832827,142.6109922344873,-126.23655398124963,-213.9597287959103,-488.15904214476996,13.691030043020318,-102.60606733782093,146.62172356383047,33.37643761514038,382.22883771974375,-135.53962131100405,132.1525801808539,75.70770044898715,-243.86150877608387,144.75963775196652,204.90843711549311,18.27283859350783,57.29815956654899,130.9720967098044,-21.46601229288557,148.92487954644332,-93.50709538143032,141.03351408539095,-384.2863488296747,-116.67088558474755,131.45450988330438
810.3296951388054,-11.489498770515544,244.327145391472,-481.81198749930473,917.6549174373672,604.9620053328435,-499.2591966798225,238.58574432684247,-8.708989585508318,749.2157332161572,600.3775341738482,676.8404235659908,-1462.8461310299367,292.45646606959104,-147.6566468395217,-6.961419104573035,53.168489409487066,-280.1955960925332,-738.2746880950149,-462.0440636931536,407.1831970452658,690.0559449248987,1577.46219788127,-44.309493153018316,331.0726900261182,-472.94610585027993,-107.27388559275397,-1235.046713849731,438.21091509133214,-427.05328649782507,-243.86150877608387,787.9884651948296,-467.10960164414746,-660.7789710059893,-59.236041171200014,-184.418582968804,-423.8791349584611,69.23339542793195,-480.67160323801437,301.62143737750733,-455.3717871611716,1242.0336488390838,375.75506779030843,-424.7290574743476
-480.1370288161702,6.322722587634055,-144.75072509267284,286.0455528225378,-544.1108494456863,-358.96578831210354,296.3890254883288,-141.20565723375367,5.1395613402928975,-444.29434452566113,-355.55217224096145,-401.14556108447715,867.4271231384541,-173.10162589026402,88.11112938545804,4.237484880763089,-32.01088558519215,165.9878564072238,438.3197441722668,273.4580703951354,-241.5971992073172,-409.57685880951124,-935.2928550648141,26.288978483885824,-196.43879508665884,280.86487085493263,63.781824989930264,732.4246169351294,-259.56765650170746,253.1491382917542,144.75963775196652,-467.10960164414746,277.35707609220464,392.30948643986954,35.04605463657428,109.62883013420864,251.06057861571443,-41.0478621308426,285.263137402097,-179.0374614301763,270.2004234957723,-736.2958430876877,-223.1482835030682,251.96885252281436
-679.052177352862,8.826661285490006,-204.67603081491404,404.8011274471848,-769.6171217336649,-507.8207506998443,419.35161189983893,-199.73511119449904,7.297413331161102,-628.5756352109595,-502.8213515275868,-567.4485280435318,1227.1075134121436,-244.70254040056466,124.76502419981283,6.041991261023992,-45.43593653613068,234.8043509920422,620.206857534166,386.76870206898076,-341.88592839500046,-579.549972561414,-1323.031247651103,37.14812665420913,-277.93547588760856,397.3084429884577,90.33123967059481,1035.9897607040564,-367.2689449335787,358.12618467642835,204.90843711549311,-660.7789710059893,392.30948643986954,555.1089471080212,49.53838021165901,155.19159556921844,355.1187721199761,-58.108569539307055,403.5649017340397,-253.3034951555334,382.22447288228534,-1041.5501878148389,-315.8543651707753,356.369654330364
-61.01646276997522,0.9644593710708755,-18.496627527656003,35.989205841955766,-68.930812070824,-45.48209824122314,37.352523828480095,-17.97952224640792,0.5694220185735257,-56.243735370671786,-45.269277333552246,-50.86893758773296,109.8775207508782,-22.189691392433563,10.968893240430276,0.5691876734432679,-3.80270233097508,21.0413676070951,55.25581832489599,34.83646048212276,-30.60387748987373,-51.68257714797913,-118.51613380658189,3.4411180882792354,-24.826625748314736,35.49064164105163,8.012809670329638,92.76696767705991,-32.84855251156252,31.981714485133846,18.27283859350783,-59.236041171200014,35.04605463657428,49.53838021165901,4.59619859499881,13.67943000701674,31.856174421945642,-5.192495838395528,36.026448549009174,-22.60340865903598,34.131469006327144,-93.289210609754,-28.02661598901864,31.92798432475567
-189.43962925390895,2.3277255564911075,-56.97453524547135,113.32100696673797,-214.946818313354,-141.83519556037757,117.3596667567147,-55.72010089366898,2.1223560864671773,-175.60021618258017,-140.14744080379532,-158.3620255495906,342.7931898879843,-68.01316743505927,35.0593719325167,1.6695759003042672,-12.96873824354952,65.5553647238241,173.47671827725108,107.83446206935244,-95.45743026225496,-162.0730526098497,-369.4444635806378,10.20992502212669,-77.66975807452862,111.06903080779233,25.308039058923747,289.3253890133145,-102.63565964997453,100.1202683002343,57.29815956654899,-184.418582968804,109.62883013420864,155.19159556921844,13.67943000701674,43.60829635044582,99.12854913862816,-16.278156010701647,112.8371637676462,-70.8223606863431,106.83963692663147,-290.88165685195753,-88.4603822846966,99.53827051188593
-436.4454078601866,6.733639771877509,-131.6142191819839,258.95847330678157,-494.0067525978527,-325.3882247052508,268.43105964591547,-128.69367237473358,4.692599260062268,-403.09921603032,-323.51378342875057,-364.27068443307246,787.3675770153402,-157.64229606061696,78.96609854236166,3.560424659304286,-28.07273579143985,150.8641127041592,396.6197700621282,249.1897811718494,-218.80519194612666,-370.9205265297868,-848.8907293566778,23.793920533718527,-177.97005297191663,254.16802248598927,57.55976963513124,664.5480761257405,-236.04388075256205,229.90207457959994,130.9720967098044,-423.8791349584611,251.06057861571443,355.1187721199761,31.856174421945642,99.12854913862816,228.45548634381788,-37.243531330907956,258.53387846045683,-162.09371220087328,244.90496647008882,-668.543513663562,-201.78040886232023,228.60042879674563
71.22439269600474,-1.0809245982755453,21.48661854043309,-42.382086482184334,80.69713410757666,53.23779601496117,-43.96621437920084,20.98112506762386,-0.8065078048599491,65.92788591137777,52.69652395300449,59.42393016109689,-128.68246142052843,25.66311809642368,-13.04071754316393,-0.6631629944314547,4.729552123818968,-24.58930575181235,-64.99581565469546,-40.61047090971865,35.75117949545512,60.745037414507834,138.68308448492175,-3.816548547070006,29.10495846601029,-41.576222461374364,-9.42880198177768,-108.5632556963444,38.5833148542554,-37.59126023809058,-21.46601229288557,69.23339542793195,-41.0478621308426,-58.108569539307055,-5.192495838395528,-16.278156010701647,-37.243531330907956,6.203359199183972,-42.303266195725115,26.549319093651096,-40.02129433367048,109.21408662243527,33.022929645536614,-37.39301355150571
-494.2141984942018,6.745851003501556,-148.95078718378647,294.35026711684515,-560.0754909378273,-369.34575677256333,305.1010434991064,-145.38043217089827,5.338875136280689,-457.25867480524005,-365.8915647500768,-412.74330264428215,892.8724056184217,-178.11266781413383,90.54994622214873,4.28251394767027,-32.88324521004476,170.81368938486855,450.97843094722685,281.57148112448976,-248.43266564971057,-421.4384050651394,-962.52365547555,26.84894080215707,-202.1082914939389,288.93487563991175,65.5334917920757,753.7666409399176,-267.2720150854716,260.7001672967224,148.92487954644332,-480.67160323801437,285.263137402097,403.5649017340397,36.026448549009174,112.8371637676462,258.53387846045683,-42.303266195725115,293.6591034472256,-184.2096594128338,277.9900655024177,-757.8459388303935,-229.5729158401429,259.41026745671013
309.95452147275984,-4.085378240590831,93.40931222991968,-184.7458571734515,351.28689836535057,231.7432074601339,-191.42933942466487,91.15896110883429,-3.354663625578883,286.9023170935069,229.47542737859447,258.98112659003067,-560.077637189604,111.67386876127755,-56.91840728267729,-2.743537241691701,20.755554370322383,-107.18282576492521,-283.10468486063115,-176.5209666841058,155.98476447660758,264.50409705953797,603.8810684622641,-16.8880007083985,126.85266050011367,-181.3252191215121,-41.18209206282555,-472.88352743915016,167.65401507461897,-163.51284207319577,-93.50709538143032,301.62143737750733,-179.0374614301763,-253.3034951555334,-22.60340865903598,-70.8223606863431,-162.09371220087328,26.549319093651096,-184.2096594128338,115.62763369131788,-174.45505309767037,475.41887499234434,144.1569140365868,-162.67022511088328
-468.18673110113724,6.373158059028474,-141.09300737064027,278.76676470593986,-530.4486683496625,-349.79765906875224,288.83412342659386,-137.7981710159047,5.064626702297631,-433.11495503209727,-346.7817006235367,-391.1357930649915,845.6527104972096,-168.77039415982043,85.65331218273558,4.0463696781702145,-31.02995152255759,161.92312669510585,427.08419398030554,266.817252501859,-235.42223649534648,-399.1174940585928,-911.8192002952743,25.554012866880026,-191.43808145788822,273.60801387364705,62.13307232459729,713.9610268777835,-253.22522541407713,246.87201401300896,141.03351408539095,-455.3717871611716,270.2004234957723,382.22447288228534,34.131469006327144,106.83963692663147,244.90496647008882,-40.02129433367048,277.9900655024177,-174.45505309767037,263.3763931083907,-717.8983647942001,-217.46125933712102,245.55781178167416
1277.8228087518257,-18.540672224832726,385.259638639303,-759.501863159665,1447.027208006515,953.7771363066985,-787.1356480040466,376.40313109417326,-13.763641520798195,1181.2084096592255,946.7592953679095,1067.014998174059,-2306.6439221215765,461.1475256179306,-232.5743476080561,-10.83965660349341,83.51960729639976,-441.7755930363461,-1163.5646303330336,-728.8191322453507,641.6682575092241,1087.7573378773886,2487.042270841459,-69.73576558336126,521.8238814761603,-745.5143188709477,-169.0444374682034,-1947.1632140245197,691.0756828449446,-673.4162035755465,-384.2863488296747,1242.0336488390838,-736.2958430876877,-1041.5501878148389,-93.289210609754,-290.88165685195753,-668.543513663562,109.21408662243527,-757.8459388303935,475.41887499234434,-717.8983647942001,1958.3626305562057,592.1356548709633,-669.7558180868444
385.66648421918177,-4.578857681520837,116.05938470823958,-230.58193934073498,437.4364122532144,288.6373219846748,-238.7218395026404,113.36321299270425,-4.1983039263519,357.45090481379424,285.444864292315,322.570552351591,-697.6213129426401,138.63393914285845,-71.24975549513368,-3.416298024488741,26.336941166157324,-133.53800507095286,-353.1461306355289,-219.51534376047604,194.50264065142653,329.8219624255759,752.1742490901823,-20.95599278346781,158.15946072069403,-226.04194162889564,-51.512373165205155,-588.9955794598586,208.85997273486095,-203.70298404859037,-116.67088558474755,375.75506779030843,-223.1482835030682,-315.8543651707753,-28.02661598901864,-88.4603822846966,-201.78040886232023,33.022929645536614,-229.5729158401429,144.1569140365868,-217.46125933712102,592.1356548709633,180.15799285609882,-202.51705922064758
-437.0037791757739,6.275357851281324,-131.82108729755052,259.8292474505872,-495.0385834969443,-326.3760709056975,269.42539523505445,-128.6183519730764,4.669791858239501,-404.02503733377586,-323.6327466412914,-364.74476049656107,789.0934922866511,-157.6863319114417,79.75168038299562,3.758496553655924,-28.70542284715892,150.94483663409105,398.1377517140061,249.12026837740672,-219.39104225515518,-372.1540364293171,-850.6080147599853,23.78215904933092,-178.4913740079304,255.19073520535028,57.79204607315119,666.1072825744162,-236.20542246784527,230.357712456868,131.45450988330438,-424.7290574743476,251.96885252281436,356.369654330364,31.92798432475567,99.53827051188593,228.60042879674563,-37.39301355150571,259.41026745671013,-162.67022511088328,245.55781178167416,-669.7558180868444,-202.51705922064758,229.32258316891935
