V1,V2,V3,V4,V5,V6,V7,V8,V9,V10,V11,V12,V13,V14,V15,V16,V17,V18,V19,V20,V21,V22,V23,V24,V25,V26,V27,V28,V29,V30,V31,V32,V33,V34,V35,V36,V37,V38,V39,V40,V41,V42,V43,V44
1.4741037413823603,-0.41252647182641317,-0.9303178816311345,0.07982536607914482,2.312712886006049,0.4085813820621419,-0.5452381604335982,-1.0987847891748141,0.37406507251851573,0.6167827584007487,0.12954467008718135,1.5769580783305361,-1.55227633729617,3.1967258879025966,0.5353201174672522,0.09398438884773437,-0.27133916120920193,0.6421751329670962,-0.45006737972065203,-0.27375937091035085,-0.2537554583602063,2.548219798773626,1.3535291300928445,-1.2572342784334887,0.24174806271484758,-0.87892754356713,0.8630275190436371,-0.5720554821239453,0.1615524074631171,0.5685397532844162,-0.25883950563325736,1.303013670592523,-0.8319876026402261,0.17223625447208143,-0.6035208694700067,0.2428379068340548,0.06561211074149126,0.705620502708722,-0.7685244047118317,0.2358761197933129,0.41806650928841654,2.755300249354388,-0.2218992201896259,-0.13824215021463704
-0.41252647182641317,0.2942900825607178,0.8210888268935249,-0.4316690291395607,-0.9003660540822859,0.1716328122612522,-0.005800961592589575,0.9417778647318007,-0.2723411460542553,0.12280126301456387,0.3711609317074995,-0.5829068843702616,-0.03116513187957791,-2.0148157125662136,-0.486694098247891,-0.05308817506158834,0.2292173889404983,-0.6620982445248443,-0.23779708332935187,-0.1557384264370821,0.47487755073521903,-1.2581698726679524,0.2522700089071632,0.8407086979161261,0.07930585735404537,0.23641024437560568,-0.6844947102679007,-0.555698347434717,0.2036085255149561,-0.722310374550451,0.011418716390716722,-0.32831532868368296,0.20518072138962276,-0.6286116643269429,0.39308558723046544,-0.32456460567450957,-0.37419888794413725,-0.46248200118415167,0.1626189110408827,0.060901782688437336,-0.6556039824823334,-0.9790331776553307,0.44242753675168933,-0.23222204971188692
-0.9303178816311345,0.8210888268935249,2.633569374040442,-1.4530922397037302,-2.4282697082634956,0.7664196195516426,-0.18662532379665867,2.9696903932886056,-0.801466743617975,0.7312414460422719,1.3329578859127,-1.512630427014889,-0.6516241595833493,-5.9532105904186094,-1.5278909270827874,-0.23340785976470196,0.7170824608853104,-2.111411808921834,-1.0444820203302665,-0.6638766933707697,1.641736917772899,-3.5179531269981745,1.3883198129339753,2.534700962437929,0.3844916257738541,0.5987090699219516,-2.1072935387866885,-2.0958943404357515,0.8564973214646419,-2.3431665305242637,-0.1256469756123984,-0.6168395659275123,0.5174397151808002,-2.1304932726185752,1.095139776531509,-0.9943917625352378,-1.26809029619947,-1.2774143335831536,0.34070832760839564,0.31823785214877526,-2.08797708250258,-2.4719258383811584,1.478364635820604,-0.8402678700229061
0.07982536607914482,-0.4316690291395607,-1.4530922397037302,0.9909939745894766,0.7771834658702345,-0.6844414556295669,0.34796393964732775,-1.6319743034822543,0.41840080157887893,-0.722861562273459,-0.9820441847045144,0.4407843613878737,1.0510052767062725,2.914744204804062,0.8565383020352334,0.10204854444683566,-0.3929044122577955,1.2212167445044197,0.885388570082604,0.5595478592502751,-1.0269452763141447,1.470535206047042,-1.4805829199305018,-1.2731530286870139,-0.3549876936103973,-0.054915017187761664,1.132599199465567,1.6960980320614267,-0.6344787623648844,1.4095903647557513,0.16510337788443505,-0.047805359312832134,-0.012677627519647095,1.4207612221270165,-0.5511091307929216,0.6170178090168846,0.8632557994758613,0.6462418415623619,0.06913395132208348,-0.3068177384681943,1.3127527677941135,0.6590410263740714,-0.9441382140867919,0.6437663681199165
2.312712886006049,-0.9003660540822859,-2.4282697082634956,0.7771834658702345,4.093181583892766,0.1590538444810846,-0.610380754814975,-2.797006725796427,0.8476819387985912,0.4317943514931586,-0.45670110226240973,2.7196219647114517,-1.6731337081375404,6.859276677741647,1.3983610507816449,0.23948833869780292,-0.6825129373935852,1.8088616715292924,-0.07732953615262116,-0.03571837853145767,-1.1003377271530068,4.89244254664831,1.0701261473345975,-2.791062206125745,0.12497641475908784,-1.4100253810455885,2.0865904884474595,0.24500179870553915,-0.20700164057086928,1.821575806797431,-0.26097301411061596,1.9384742171915843,-1.31354995711755,1.2141578270227908,-1.2713236448139806,0.7669015670145232,0.673719304425837,1.483285936744467,-1.1442590375741293,0.14847922173098477,1.5010277353700177,4.666728316793907,-0.9753995117653944,0.2134722112560384
0.4085813820621419,0.1716328122612522,0.7664196195516426,-0.6844414556295669,0.1590538444810846,0.629404068051156,-0.4172861402490393,0.8322768182440019,-0.18745636288779516,0.7303827483389302,0.7484397348793472,0.18016513094617784,-1.2545432903780491,-1.0863867163887286,-0.4470114572616376,-0.06140232692780648,0.19827394387063227,-0.6731770254938579,-0.7917193599527964,-0.5009228698090775,0.6716635750867691,-0.24882564820510536,1.5002079437372668,0.5258522724534528,0.3354487212889102,-0.22224436163434805,-0.5459473553946969,-1.3951387930923753,0.5219556914899438,-0.8416207208644295,-0.21528504060009052,0.46689014389376887,-0.23505497720294016,-0.9717585256253732,0.1945109768938507,-0.3553311353184692,-0.6014706256660836,-0.22587901310860586,-0.29050342109588434,0.297253471741887,-0.8016829751190879,0.3959254641949341,0.6077449340099425,-0.5090639238401427
-0.5452381604335982,-0.005800961592589575,-0.18662532379665867,0.34796393964732775,-0.610380754814975,-0.4172861402490393,0.3485887209919156,-0.19395318881408705,0.008951292090981269,-0.5121150139455086,-0.4244522779760436,-0.4474376007790703,1.003292746062879,-0.1343061296633928,0.11893961475251784,-0.004989697414969938,-0.043759364695063266,0.21845207857122928,0.5092657407346473,0.3138771583892004,-0.2886839652945016,-0.43153559773351097,-1.092056542108275,0.007901654910052902,-0.22915433205692845,0.3290744729047856,0.09369383142267229,0.8727932535613024,-0.3009968631439201,0.31226346894039875,0.1590336037432498,-0.5182486262950133,0.3277806469028151,0.47230682466884594,0.021885905193891334,0.1457451492841742,0.3022697455775708,-0.023730812731390726,0.32597291691899766,-0.21005180270383503,0.34189573979973525,-0.8253393217515967,-0.27590400429462775,0.2972753480762128
-1.0987847891748141,0.9417778647318007,2.9696903932886056,-1.6319743034822543,-2.797006725796427,0.8322768182440019,-0.19395318881408705,3.3656107830547755,-0.9013555811236139,0.7796284529591511,1.4844346237907076,-1.7557002785201872,-0.6565418347023032,-6.792020735877013,-1.7331067688056159,-0.2451371406150912,0.812446224855599,-2.395489821559964,-1.1379534331585233,-0.7156676116541574,1.8344708056081696,-4.044440845009815,1.494126841461677,2.8781744682796853,0.41777735962943274,0.6868851004063853,-2.388026429602021,-2.328633559759664,0.9393420547729778,-2.6348868904558054,-0.1150492087198173,-0.766668509667073,0.5906587654584653,-2.3842966898909883,1.2597597668722615,-1.1359311943983974,-1.4179862343977312,-1.4727432348777456,0.41263171827313816,0.3465805083337364,-2.364617498197056,-2.8738295106020035,1.667139755621191,-0.9291188197539799
0.37406507251851573,-0.2723411460542553,-0.801466743617975,0.41840080157887893,0.8476819387985912,-0.18745636288779516,0.008951292090981269,-0.9013555811236139,0.2717252704057156,-0.1491863316208202,-0.36913283585755946,0.5380679973367639,0.07555990478558569,1.9043214946054374,0.4632691569267795,0.0728057769310767,-0.21988614204200885,0.6271408174313,0.257166100175001,0.1777590895175079,-0.47444284042133916,1.1728799013040734,-0.281899496278607,-0.8071143351627085,-0.08583651505236235,-0.23429477354451236,0.6579561003881437,0.5500226531715566,-0.217409008221672,0.7075057887037856,0.011223973208537692,0.2665478794836298,-0.20818685731719802,0.6204297832144245,-0.36109377239772605,0.29743491584624654,0.3698108009166529,0.4213698897528115,-0.14236088580458722,-0.06392879879033347,0.620887953434336,0.9042750905136476,-0.4237829139469694,0.2372279275152189
0.6167827584007487,0.12280126301456387,0.7312414460422719,-0.722861562273459,0.4317943514931586,0.7303827483389302,-0.5121150139455086,0.7796284529591511,-0.1491863316208202,0.8777796554544813,0.8196082538206898,0.37757059769342527,-1.5360047161093064,-0.7951923516947285,-0.4217007792223479,-0.06774851331122658,0.18358974679135204,-0.6561097332615651,-0.917250372523769,-0.5733061871876998,0.7066410410630982,0.03352319014687378,1.7866245292769098,0.42197787493898775,0.3953831595211056,-0.33227222328914346,-0.4875633198265808,-1.5641235037622465,0.5990968767437386,-0.840351234406929,-0.27641281667210515,0.670402309095804,-0.33856746518042463,-1.0235768060350525,0.1244680549776339,-0.34524675502824037,-0.6355915363105175,-0.14173693372125235,-0.39581105476140793,0.35470077549070317,-0.8043117850960217,0.755563729883075,0.6325857394594316,-0.5591212958826484
0.12954467008718135,0.3711609317074995,1.3329578859127,-0.9820441847045144,-0.45670110226240973,0.7484397348793472,-0.4244522779760436,1.4844346237907076,-0.36913283585755946,0.8196082538206898,1.0052422705038293,-0.21850075702644237,-1.2794645352647187,-2.471427182334062,-0.7833693651325583,-0.0963555717537395,0.35600642309750535,-1.1335393064283834,-0.9576984548058576,-0.6061505396167393,1.0002481095379758,-1.1126113661766002,1.6819439527242521,1.1025649577409233,0.3921701647987888,-0.06302275076362983,-1.0159755778069157,-1.7818182080305152,0.6658315991286258,-1.337560393855232,-0.20855619122059876,0.24209707646799797,-0.0975015561589026,-1.4034922221044366,0.4629583786026,-0.579942659003648,-0.8582492109652677,-0.5420415763214562,-0.17793283695320108,0.342415392738995,-1.2541273227537022,-0.27017426170417413,0.9155321949332643,-0.6671669401847004
1.5769580783305361,-0.5829068843702616,-1.512630427014889,0.4407843613878737,2.7196219647114517,0.18016513094617784,-0.4474376007790703,-1.7557002785201872,0.5380679973367639,0.37757059769342527,-0.21850075702644237,1.8206523135631418,-1.2527411938991577,4.421520916364046,0.8763288694464417,0.14042547391676152,-0.4291601131315513,1.1241616241004002,-0.14762200864269878,-0.08672299233494049,-0.6451440198214089,3.214775291727008,0.8808527864383989,-1.7849627655558142,0.12267037648616835,-0.9482381104007144,1.318568325168206,0.010806340370036183,-0.06936472876365689,1.1079712662157684,-0.20663530829323484,1.3494627681527402,-0.8836731974349812,0.6936435374197769,-0.8277077401592119,0.4759608316816407,0.37845121318571273,0.9677635714773466,-0.7886103026193664,0.13350137392888448,0.9117498385596634,3.134409784774827,-0.5785956650110797,0.08354426584809391
-1.55227633729617,-0.03116513187957791,-0.6516241595833493,1.0510052767062725,-1.6731337081375404,-1.2545432903780491,1.003292746062879,-0.6565418347023032,0.07555990478558569,-1.5360047161093064,-1.2794645352647187,-1.2527411938991577,2.9563847708504154,-0.21027387788904775,0.38794514039624245,0.032388795239140296,-0.1506861291195642,0.6839584566247585,1.5362884176075988,0.9674562152144435,-0.9138146886728603,-1.1553793428327488,-3.224113641046572,-0.07314331778793635,-0.6820896001359109,0.9000568109798144,0.34729820822206187,2.588722474282941,-0.9243660895017553,1.0008537000967948,0.49464284962480914,-1.5344696136632978,0.8926338991169344,1.452974971795127,0.04814033716245422,0.42727669992720313,0.9263259043209204,-0.0573671823331774,0.9388335125675242,-0.6178039541142003,1.0359603230767651,-2.313931681407242,-0.8373614605220533,0.9027615920785502
3.1967258879025966,-2.0148157125662136,-5.9532105904186094,2.914744204804062,6.859276677741647,-1.0863867163887286,-0.1343061296633928,-6.792020735877013,1.9043214946054374,-0.7951923516947285,-2.471427182334062,4.421520916364046,-0.21027387788904775,14.590393341119377,3.4755319852375197,0.490875822019258,-1.6465831530914812,4.715998334533968,1.5728771802840567,1.0042775032670757,-3.393764664361905,9.251424200212186,-1.4070420911894417,-6.094014375663327,-0.5090761202233846,-1.9442848358014366,4.902092745669597,3.561080668020884,-1.469386654707064,5.076056004622302,-0.04375310644388492,2.485010499573884,-1.7334459713173673,4.300500951958893,-2.734545965057375,2.1987629879464685,2.529310890991476,3.1997902488057437,-1.3755397211366391,-0.38879345484863576,4.4896278045735,7.399705456752077,-3.087317576366663,1.503000146362618
0.5353201174672522,-0.486694098247891,-1.5278909270827874,0.8565383020352334,1.3983610507816449,-0.4470114572616376,0.11893961475251784,-1.7331067688056159,0.4632691569267795,-0.4217007792223479,-0.7833693651325583,0.8763288694464417,0.38794514039624245,3.4755319852375197,0.8946927627078067,0.12098180524509258,-0.41866932128561396,1.2391024106927746,0.6069728598208382,0.38127196956160697,-0.9519873892899476,2.0516870804160496,-0.8207366488873484,-1.4737364533715875,-0.22494208346781072,-0.3307951417899702,1.2287265929725617,1.2417286341391298,-0.4926140126699523,1.3662620167358113,0.0631329043854479,0.37109841012944467,-0.28077831899721706,1.24745837142171,-0.648580474057577,0.5932917860788772,0.7433457580226553,0.7590305609993017,-0.19289534221837523,-0.18742159233294492,1.2335635245270604,1.4308209988074971,-0.8690558330596547,0.49255279666375684
0.09398438884773437,-0.05308817506158834,-0.23340785976470196,0.10204854444683566,0.23948833869780292,-0.06140232692780648,-0.004989697414969938,-0.2451371406150912,0.0728057769310767,-0.06774851331122658,-0.0963555717537395,0.14042547391676152,0.032388795239140296,0.490875822019258,0.12098180524509258,0.047906545647557315,-0.059536612374117386,0.16147271204345817,0.08885577380911816,0.06290729747279321,-0.14572744028187806,0.2958661781619191,-0.08895184103535195,-0.21927138432069657,-0.029759204932597042,-0.0858476135253697,0.17542541514377635,0.13287212093092005,-0.08342310774936225,0.19295299819715447,0.02873819358897518,0.03411963718503521,-0.08356052351401252,0.16504236834345568,-0.07210298792335436,0.05721986578238884,0.09541820456826093,0.07930398172316287,-0.04219382381782191,-0.02210433032335897,0.14218212562916924,0.2307834321154104,-0.10946017042522936,0.06235339293738071
-0.27133916120920193,0.2292173889404983,0.7170824608853104,-0.3929044122577955,-0.6825129373935852,0.19827394387063227,-0.043759364695063266,0.812446224855599,-0.21988614204200885,0.18358974679135204,0.35600642309750535,-0.4291601131315513,-0.1506861291195642,-1.6465831530914812,-0.41866932128561396,-0.059536612374117386,0.19670205993522244,-0.5774075596872739,-0.27134141613976426,-0.17133875376876195,0.4415057234114374,-0.9832558135594828,0.35173145857938865,0.6975562800331765,0.09891577810294201,0.16932503162694398,-0.5779686177815415,-0.556879437241731,0.22403807088982347,-0.6362014741398057,-0.026075374275118114,-0.19009980625405656,0.1458875728573198,-0.5744690513441347,0.3061147225752298,-0.2739822236150975,-0.3414080420287745,-0.35782473046298185,0.10199698363193374,0.08134381761768321,-0.5702430442370668,-0.7040823182546908,0.40096916355037265,-0.2233647843566812
0.6421751329670962,-0.6620982445248443,-2.111411808921834,1.2212167445044197,1.8088616715292924,-0.6731770254938579,0.21845207857122928,-2.395489821559964,0.6271408174313,-0.6561097332615651,-1.1335393064283834,1.1241616241004002,0.6839584566247585,4.715998334533968,1.2391024106927746,0.16147271204345817,-0.5774075596872739,1.7270868808833124,0.9063117620806591,0.5647405139561691,-1.3423861757608553,2.729603463761754,-1.2920538971253435,-2.00549506337907,-0.3432480450737539,-0.3965649041929608,1.6879748470871057,1.829806415302509,-0.7199175042114708,1.908247101437566,0.11024258004232616,0.4274757996457996,-0.3280985035416555,1.7712164838501818,-0.8795510293027409,0.8329305545828315,1.0583757952760593,1.0300822380774837,-0.21396178265254656,-0.29028810239207975,1.7355073632553601,1.8176593817555076,-1.2299038379637157,0.7147299140190492
-0.45006737972065203,-0.23779708332935187,-1.0444820203302665,0.885388570082604,-0.07732953615262116,-0.7917193599527964,0.5092657407346473,-1.1379534331585233,0.257166100175001,-0.917250372523769,-0.9576984548058576,-0.14762200864269878,1.5362884176075988,1.5728771802840567,0.6069728598208382,0.08885577380911816,-0.27134141613976426,0.9063117620806591,1.0024401142168633,0.6312626482124084,-0.8854522258173503,0.45619704519566423,-1.8686854940052677,-0.7466641586807514,-0.4224502724133089,0.23634305731842215,0.7506408468100024,1.7673914917430054,-0.6722980962871284,1.1160046540418551,0.26960695646606764,-0.5382706512845578,0.2545900572426054,1.261365767002674,-0.27730864572732056,0.46818962159538285,0.7771808609265575,0.32141470530167,0.330449006066088,-0.3743011955346674,1.0528859667035666,-0.3665812982554239,-0.7983903139785837,0.6465657786407334
-0.27375937091035085,-0.1557384264370821,-0.6638766933707697,0.5595478592502751,-0.03571837853145767,-0.5009228698090775,0.3138771583892004,-0.7156676116541574,0.1777590895175079,-0.5733061871876998,-0.6061505396167393,-0.08672299233494049,0.9674562152144435,1.0042775032670757,0.38127196956160697,0.06290729747279321,-0.17133875376876195,0.5647405139561691,0.6312626482124084,0.40831428670130526,-0.5601938227756545,0.2970776489832527,-1.1676863518201661,-0.48085553838454675,-0.26334579273840675,0.13768011739796016,0.48006127108147484,1.1106123273265651,-0.4206969140932651,0.7133305966333134,0.17052938597069012,-0.34174719363606937,0.14825860815910655,0.8026719833874814,-0.1794627963352875,0.29193094282551624,0.49624006014889055,0.20714918375542926,0.20992329512028615,-0.23005563981240829,0.6637532649301632,-0.21249714133360417,-0.49823165748129494,0.41483872136953015
-0.2537554583602063,0.47487755073521903,1.641736917772899,-1.0269452763141447,-1.1003377271530068,0.6716635750867691,-0.2886839652945016,1.8344708056081696,-0.47444284042133916,0.7066410410630982,1.0002481095379758,-0.6451440198214089,-0.9138146886728603,-3.393764664361905,-0.9519873892899476,-0.14572744028187806,0.4415057234114374,-1.3423861757608553,-0.8854522258173503,-0.5601938227756545,1.1169940309223982,-1.8171299181996152,1.389129827653252,1.4761501359972435,0.34724406167090166,0.1862565885490806,-1.278567747394455,-1.6759906302402534,0.6674979600259302,-1.5335181691132702,-0.16740128502704268,-0.07098138645042636,0.1415324006163697,-1.491896140424698,0.6178516317338159,-0.6471724600611614,-0.8982205777988508,-0.7195588979888551,0.027886504235541527,0.2973547082382106,-1.3879636799897033,-1.0038581889337466,1.0049980488361934,-0.6473159862940412
2.548219798773626,-1.2581698726679524,-3.5179531269981745,1.470535206047042,4.89244254664831,-0.24882564820510536,-0.43153559773351097,-4.044440845009815,1.1728799013040734,0.03352319014687378,-1.1126113661766002,3.214775291727008,-1.1553793428327488,9.251424200212186,2.0516870804160496,0.2958661781619191,-0.9832558135594828,2.729603463761754,0.45619704519566423,0.2970776489832527,-1.8171299181996152,6.22046012894573,0.23163259763461475,-3.807983881262041,-0.0835219296193938,-1.5333179614509829,2.963547489709434,1.3455184348212197,-0.602441459112808,2.847009928453665,-0.20056880862660154,2.096161647972113,-1.3977594369523585,2.2029698957190815,-1.7387191190058944,1.236507624452057,1.2713853330388127,2.0352797570735524,-1.189366839758945,-0.029827591010063048,2.4673303984713293,5.456290719198512,-1.6518396781279436,0.6338632234495541
1.3535291300928445,0.2522700089071632,1.3883198129339753,-1.4805829199305018,1.0701261473345975,1.5002079437372668,-1.092056542108275,1.494126841461677,-0.281899496278607,1.7866245292769098,1.6819439527242521,0.8808527864383989,-3.224113641046572,-1.4070420911894417,-0.8207366488873484,-0.08895184103535195,0.35173145857938865,-1.2920538971253435,-1.8686854940052677,-1.1676863518201661,1.389129827653252,0.23163259763461475,3.7121859353350355,0.7611384081631617,0.8107693466274164,-0.7749908334311224,-0.9296090100551712,-3.2465280377154215,1.1896155058367504,-1.6643440840925323,-0.5418057516481282,1.4063719036116578,-0.7911211146194258,-2.073909742254068,0.24765533727369482,-0.7175551043225055,-1.2961860997258894,-0.2888707239882261,-0.8714909169784109,0.729196724581956,-1.6418886892873927,1.7226149408788822,1.2737113178564405,-1.1530839154717814
-1.2572342784334887,0.8407086979161261,2.534700962437929,-1.2731530286870139,-2.791062206125745,0.5258522724534528,0.007901654910052902,2.8781744682796853,-0.8071143351627085,0.42197787493898775,1.1025649577409233,-1.7849627655558142,-0.07314331778793635,-6.094014375663327,-1.4737364533715875,-0.21927138432069657,0.6975562800331765,-2.00549506337907,-0.7466641586807514,-0.48085553838454675,1.4761501359972435,-3.807983881262041,0.7611384081631617,2.559529469868937,0.25056737704645526,0.7778238461040999,-2.0725892569839885,-1.622155774737909,0.6713535905140067,-2.1828493907653006,-0.016938584708655852,-0.9447787932383457,0.692028686036453,-1.8798401711361568,1.1355709922118347,-0.9343123033039875,-1.1092127051374172,-1.3267881497879763,0.5263384135170529,0.19522830520344975,-1.9262345004475014,-2.9771720420713663,1.3336583670718603,-0.679571571745548
0.24174806271484758,0.07930585735404537,0.3844916257738541,-0.3549876936103973,0.12497641475908784,0.3354487212889102,-0.22915433205692845,0.41777735962943274,-0.08583651505236235,0.3953831595211056,0.3921701647987888,0.12267037648616835,-0.6820896001359109,-0.5090761202233846,-0.22494208346781072,-0.029759204932597042,0.09891577810294201,-0.3432480450737539,-0.4224502724133089,-0.26334579273840675,0.34724406167090166,-0.0835219296193938,0.8107693466274164,0.25056737704645526,0.1807988272254163,-0.1332127881169849,-0.26839322545581207,-0.7386136724684355,0.27819584238505496,-0.4269805295325877,-0.1182558183545916,0.2669517172045076,-0.1390633492181876,-0.5018099250445675,0.08833679354005985,-0.18133760086723746,-0.31062773386231035,-0.10256126487649089,-0.16347808223183255,0.1618626336548034,-0.41033884422794553,0.25979913303163055,0.31555209801140743,-0.26542286585986574
-0.87892754356713,0.23641024437560568,0.5987090699219516,-0.054915017187761664,-1.4100253810455885,-0.22224436163434805,0.3290744729047856,0.6868851004063853,-0.23429477354451236,-0.33227222328914346,-0.06302275076362983,-0.9482381104007144,0.9000568109798144,-1.9442848358014366,-0.3307951417899702,-0.0858476135253697,0.16932503162694398,-0.3965649041929608,0.23634305731842215,0.13768011739796016,0.1862565885490806,-1.5333179614509829,-0.7749908334311224,0.7778238461040999,-0.1332127881169849,0.5508399468629411,-0.5353551278975087,0.3284458556398645,-0.06336254765691327,-0.36859915351164685,0.12819307288097156,-0.7432063607682814,0.5264294561009484,-0.12689676594978683,0.34806468213883573,-0.13349733331067493,-0.051557962839052396,-0.40241348270082655,0.4619069464861752,-0.13318362196804906,-0.24898812946335702,-1.6520414500266767,0.14292729300306248,0.0716033489940657
0.8630275190436371,-0.6844947102679007,-2.1072935387866885,1.132599199465567,2.0865904884474595,-0.5459473553946969,0.09369383142267229,-2.388026429602021,0.6579561003881437,-0.4875633198265808,-1.0159755778069157,1.318568325168206,0.34729820822206187,4.902092745669597,1.2287265929725617,0.17542541514377635,-0.5779686177815415,1.6879748470871057,0.7506408468100024,0.48006127108147484,-1.278567747394455,2.963547489709434,-0.9296090100551712,-2.0725892569839885,-0.26839322545581207,-0.5353551278975087,1.7072848359991661,1.5662704614665792,-0.6291797807556383,1.8594119040040662,0.05815878795950859,0.6184015125967848,-0.46592883101327653,1.6601424448308757,-0.915629606858905,0.8000770031534669,0.9865394478199163,1.070437928512174,-0.3324455685812055,-0.21781614585973927,1.6607284991705296,2.177333473096664,-1.1599508504851421,0.6369124601046409
-0.5720554821239453,-0.555698347434717,-2.0958943404357515,1.6960980320614267,0.24500179870553915,-1.3951387930923753,0.8727932535613024,-2.328633559759664,0.5500226531715566,-1.5641235037622465,-1.7818182080305152,0.010806340370036183,2.588722474282941,3.561080668020884,1.2417286341391298,0.13287212093092005,-0.556879437241731,1.829806415302509,1.7673914917430054,1.1106123273265651,-1.6759906302402534,1.3455184348212197,-3.2465280377154215,-1.622155774737909,-0.7386136724684355,0.3284458556398645,1.5662704614665792,3.2456793933954233,-1.189801391468272,2.1928862066601345,0.41428522855161243,-0.7120735596351638,0.3797088747470293,2.403368938247976,-0.6729911687461136,0.9633737603946613,1.479101976897932,0.7902332024690917,0.4909708305566788,-0.652101780710656,2.0966556044023172,-0.1766314994715336,-1.5469598006445526,1.1927494782701715
0.1615524074631171,0.2036085255149561,0.8564973214646419,-0.6344787623648844,-0.20700164057086928,0.5219556914899438,-0.3009968631439201,0.9393420547729778,-0.217409008221672,0.5990968767437386,0.6658315991286258,-0.06936472876365689,-0.9243660895017553,-1.469386654707064,-0.4926140126699523,-0.08342310774936225,0.22403807088982347,-0.7199175042114708,-0.6722980962871284,-0.4206969140932651,0.6674979600259302,-0.602441459112808,1.1896155058367504,0.6713535905140067,0.27819584238505496,-0.06336254765691327,-0.6291797807556383,-1.189801391468272,0.47441348272338424,-0.8565752241640496,-0.1741385740087364,0.25102670138505856,-0.08018354818872214,-0.9138110502748155,0.25240405235443064,-0.35250896009487975,-0.5565435674496132,-0.2914932079036695,-0.1449721785783701,0.24510893034908024,-0.7867747296765157,-0.03727140652021729,0.5947934572849087,-0.4406064661398013
0.5685397532844162,-0.722310374550451,-2.3431665305242637,1.4095903647557513,1.821575806797431,-0.8416207208644295,0.31226346894039875,-2.6348868904558054,0.7075057887037856,-0.840351234406929,-1.337560393855232,1.1079712662157684,1.0008537000967948,5.076056004622302,1.3662620167358113,0.19295299819715447,-0.6362014741398057,1.908247101437566,1.1160046540418551,0.7133305966333134,-1.5335181691132702,2.847009928453665,-1.6643440840925323,-2.1828493907653006,-0.4269805295325877,-0.36859915351164685,1.8594119040040662,2.1928862066601345,-0.8565752241640496,2.160486928819158,0.16859872517544758,0.3123881521623478,-0.2981361497090944,2.0490571525293233,-0.9460822514110045,0.9258902859211152,1.231665051442275,1.1054793777519465,-0.14416630809814254,-0.3593671447104423,1.9568444135130798,1.7786427764094792,-1.3905050088137272,0.8617942883294913
-0.25883950563325736,0.011418716390716722,-0.1256469756123984,0.16510337788443505,-0.26097301411061596,-0.21528504060009052,0.1590336037432498,-0.1150492087198173,0.011223973208537692,-0.27641281667210515,-0.20855619122059876,-0.20663530829323484,0.49464284962480914,-0.04375310644388492,0.0631329043854479,0.02873819358897518,-0.026075374275118114,0.11024258004232616,0.26960695646606764,0.17052938597069012,-0.16740128502704268,-0.20056880862660154,-0.5418057516481282,-0.016938584708655852,-0.1182558183545916,0.12819307288097156,0.05815878795950859,0.41428522855161243,-0.1741385740087364,0.16859872517544758,0.10299881586494661,-0.2813506798182643,0.12306506475545968,0.23846885310469368,0.027837763422484913,0.05264836606882938,0.14934421997949537,-0.036643078349162986,0.14932548732106948,-0.10674851028201937,0.1517708412892318,-0.3868542847222786,-0.13645211016278627,0.14674276227909475
1.303013670592523,-0.32831532868368296,-0.6168395659275123,-0.047805359312832134,1.9384742171915843,0.46689014389376887,-0.5182486262950133,-0.766668509667073,0.2665478794836298,0.670402309095804,0.24209707646799797,1.3494627681527402,-1.5344696136632978,2.485010499573884,0.37109841012944467,0.03411963718503521,-0.19009980625405656,0.4274757996457996,-0.5382706512845578,-0.34174719363606937,-0.07098138645042636,2.096161647972113,1.4063719036116578,-0.9447787932383457,0.2669517172045076,-0.7432063607682814,0.6184015125967848,-0.7120735596351638,0.25102670138505856,0.3123881521623478,-0.2813506798182643,1.2124344760299104,-0.7003801777568387,-0.03573778683393716,-0.48988561779916473,0.16358147382892493,-0.054871211285166935,0.5785459949783183,-0.6922566435293965,0.2518158972530771,0.2289145867541378,2.3707155330692085,-0.08331063357058216,-0.2117868933385334
-0.8319876026402261,0.20518072138962276,0.5174397151808002,-0.012677627519647095,-1.31354995711755,-0.23505497720294016,0.3277806469028151,0.5906587654584653,-0.20818685731719802,-0.33856746518042463,-0.0975015561589026,-0.8836731974349812,0.8926338991169344,-1.7334459713173673,-0.28077831899721706,-0.08356052351401252,0.1458875728573198,-0.3280985035416555,0.2545900572426054,0.14825860815910655,0.1415324006163697,-1.3977594369523585,-0.7911211146194258,0.692028686036453,-0.1390633492181876,0.5264294561009484,-0.46592883101327653,0.3797088747470293,-0.08018354818872214,-0.2981361497090944,0.12306506475545968,-0.7003801777568387,0.506105365305312,-0.06693969984727643,0.3056076650436544,-0.09887709245324329,-0.016179883365301084,-0.35194419416741934,0.4417753929921257,-0.13747938885746563,-0.18200994636596185,-1.5438499748870131,0.09873433812890368,0.09191026189834908
0.17223625447208143,-0.6286116643269429,-2.1304932726185752,1.4207612221270165,1.2141578270227908,-0.9717585256253732,0.47230682466884594,-2.3842966898909883,0.6204297832144245,-1.0235768060350525,-1.4034922221044366,0.6936435374197769,1.452974971795127,4.300500951958893,1.24745837142171,0.16504236834345568,-0.5744690513441347,1.7712164838501818,1.261365767002674,0.8026719833874814,-1.491896140424698,2.2029698957190815,-2.073909742254068,-1.8798401711361568,-0.5018099250445675,-0.12689676594978683,1.6601424448308757,2.403368938247976,-0.9138110502748155,2.0490571525293233,0.23846885310469368,-0.03573778683393716,-0.06693969984727643,2.047093547370969,-0.8047052758026965,0.8834585440286825,1.2416240675889687,0.9410941960086132,0.06849101071069763,-0.43112209258783596,1.888658862278795,1.0532655423325235,-1.3593296377026391,0.9203402168824799
-0.6035208694700067,0.39308558723046544,1.095139776531509,-0.5511091307929216,-1.2713236448139806,0.1945109768938507,0.021885905193891334,1.2597597668722615,-0.36109377239772605,0.1244680549776339,0.4629583786026,-0.8277077401592119,0.04814033716245422,-2.734545965057375,-0.648580474057577,-0.07210298792335436,0.3061147225752298,-0.8795510293027409,-0.27730864572732056,-0.1794627963352875,0.6178516317338159,-1.7387191190058944,0.24765533727369482,1.1355709922118347,0.08833679354005985,0.34806468213883573,-0.915629606858905,-0.6729911687461136,0.25240405235443064,-0.9460822514110045,0.027837763422484913,-0.48988561779916473,0.3056076650436544,-0.8047052758026965,0.5300273330783571,-0.42538885339864524,-0.4762983845413362,-0.6234474416372561,0.25157848833976165,0.06610682939740305,-0.8543945368676107,-1.3927964216300703,0.5756124322086542,-0.2839711548500476
0.2428379068340548,-0.32456460567450957,-0.9943917625352378,0.6170178090168846,0.7669015670145232,-0.3553311353184692,0.1457451492841742,-1.1359311943983974,0.29743491584624654,-0.34524675502824037,-0.579942659003648,0.4759608316816407,0.42727669992720313,2.1987629879464685,0.5932917860788772,0.05721986578238884,-0.2739822236150975,0.8329305545828315,0.46818962159538285,0.29193094282551624,-0.6471724600611614,1.236507624452057,-0.7175551043225055,-0.9343123033039875,-0.18133760086723746,-0.13349733331067493,0.8000770031534669,0.9633737603946613,-0.35250896009487975,0.9258902859211152,0.05264836606882938,0.16358147382892493,-0.09887709245324329,0.8834585440286825,-0.42538885339864524,0.41981328385515954,0.5325130119658007,0.5012840002494527,-0.058425674824749294,-0.15504566703322487,0.8652093277178351,0.7636149235385008,-0.6069857843657886,0.3705285420089098
0.06561211074149126,-0.37419888794413725,-1.26809029619947,0.8632557994758613,0.673719304425837,-0.6014706256660836,0.3022697455775708,-1.4179862343977312,0.3698108009166529,-0.6355915363105175,-0.8582492109652677,0.37845121318571273,0.9263259043209204,2.529310890991476,0.7433457580226553,0.09541820456826093,-0.3414080420287745,1.0583757952760593,0.7771808609265575,0.49624006014889055,-0.8982205777988508,1.2713853330388127,-1.2961860997258894,-1.1092127051374172,-0.31062773386231035,-0.051557962839052396,0.9865394478199163,1.479101976897932,-0.5565435674496132,1.231665051442275,0.14934421997949537,-0.054871211285166935,-0.016179883365301084,1.2416240675889687,-0.4762983845413362,0.5325130119658007,0.7552287638936898,0.5574655458394715,0.06448824068963858,-0.2673392809019082,1.1397038643208401,0.5671929099747484,-0.8199550685795409,0.5653420229833792
0.705620502708722,-0.46248200118415167,-1.2774143335831536,0.6462418415623619,1.483285936744467,-0.22587901310860586,-0.023730812731390726,-1.4727432348777456,0.4213698897528115,-0.14173693372125235,-0.5420415763214562,0.9677635714773466,-0.0573671823331774,3.1997902488057437,0.7590305609993017,0.07930398172316287,-0.35782473046298185,1.0300822380774837,0.32141470530167,0.20714918375542926,-0.7195588979888551,2.0352797570735524,-0.2888707239882261,-1.3267881497879763,-0.10256126487649089,-0.40241348270082655,1.070437928512174,0.7902332024690917,-0.2914932079036695,1.1054793777519465,-0.036643078349162986,0.5785459949783183,-0.35194419416741934,0.9410941960086132,-0.6234474416372561,0.5012840002494527,0.5574655458394715,0.7342453790978813,-0.2933335663168342,-0.07691286204067621,1.0032220331326172,1.6287528007141607,-0.6741675315140131,0.33213120416912567
-0.7685244047118317,0.1626189110408827,0.34070832760839564,0.06913395132208348,-1.1442590375741293,-0.29050342109588434,0.32597291691899766,0.41263171827313816,-0.14236088580458722,-0.39581105476140793,-0.17793283695320108,-0.7886103026193664,0.9388335125675242,-1.3755397211366391,-0.19289534221837523,-0.04219382381782191,0.10199698363193374,-0.21396178265254656,0.330449006066088,0.20992329512028615,0.027886504235541527,-1.189366839758945,-0.8714909169784109,0.5263384135170529,-0.16347808223183255,0.4619069464861752,-0.3324455685812055,0.4909708305566788,-0.1449721785783701,-0.14416630809814254,0.14932548732106948,-0.6922566435293965,0.4417753929921257,0.06849101071069763,0.25157848833976165,-0.058425674824749294,0.06448824068963858,-0.2933335663168342,0.4207737329608762,-0.15379489115708755,-0.07374339687344288,-1.3823290372530717,0.018264656727323577,0.14969887013210903
0.2358761197933129,0.060901782688437336,0.31823785214877526,-0.3068177384681943,0.14847922173098477,0.297253471741887,-0.21005180270383503,0.3465805083337364,-0.06392879879033347,0.35470077549070317,0.342415392738995,0.13350137392888448,-0.6178039541142003,-0.38879345484863576,-0.18742159233294492,-0.02210433032335897,0.08134381761768321,-0.29028810239207975,-0.3743011955346674,-0.23005563981240829,0.2973547082382106,-0.029827591010063048,0.729196724581956,0.19522830520344975,0.1618626336548034,-0.13318362196804906,-0.21781614585973927,-0.652101780710656,0.24510893034908024,-0.3593671447104423,-0.10674851028201937,0.2518158972530771,-0.13747938885746563,-0.43112209258783596,0.06610682939740305,-0.15504566703322487,-0.2673392809019082,-0.07691286204067621,-0.15379489115708755,0.14680306439550736,-0.35028801205617865,0.2746231529134966,0.2727036887070268,-0.23081217651878064
0.41806650928841654,-0.6556039824823334,-2.08797708250258,1.3127527677941135,1.5010277353700177,-0.8016829751190879,0.34189573979973525,-2.364617498197056,0.620887953434336,-0.8043117850960217,-1.2541273227537022,0.9117498385596634,1.0359603230767651,4.4896278045735,1.2335635245270604,0.14218212562916924,-0.5702430442370668,1.7355073632553601,1.0528859667035666,0.6637532649301632,-1.3879636799897033,2.4673303984713293,-1.6418886892873927,-1.9262345004475014,-0.41033884422794553,-0.24898812946335702,1.6607284991705296,2.0966556044023172,-0.7867747296765157,1.9568444135130798,0.1517708412892318,0.2289145867541378,-0.18200994636596185,1.888658862278795,-0.8543945368676107,0.8652093277178351,1.1397038643208401,1.0032220331326172,-0.07374339687344288,-0.35028801205617865,1.8101948657219473,1.447032883809375,-1.2823644551178355,0.8084693584413338
2.755300249354388,-0.9790331776553307,-2.4719258383811584,0.6590410263740714,4.666728316793907,0.3959254641949341,-0.8253393217515967,-2.8738295106020035,0.9042750905136476,0.755563729883075,-0.27017426170417413,3.134409784774827,-2.313931681407242,7.399705456752077,1.4308209988074971,0.2307834321154104,-0.7040823182546908,1.8176593817555076,-0.3665812982554239,-0.21249714133360417,-1.0038581889337466,5.456290719198512,1.7226149408788822,-2.9771720420713663,0.25979913303163055,-1.6520414500266767,2.177333473096664,-0.1766314994715336,-0.03727140652021729,1.7786427764094792,-0.3868542847222786,2.3707155330692085,-1.5438499748870131,1.0532655423325235,-1.3927964216300703,0.7636149235385008,0.5671929099747484,1.6287528007141607,-1.3823290372530717,0.2746231529134966,1.447032883809375,5.416196197999091,-0.8983021265249279,0.07768188567338265
-0.2218992201896259,0.44242753675168933,1.478364635820604,-0.9441382140867919,-0.9753995117653944,0.6077449340099425,-0.27590400429462775,1.667139755621191,-0.4237829139469694,0.6325857394594316,0.9155321949332643,-0.5785956650110797,-0.8373614605220533,-3.087317576366663,-0.8690558330596547,-0.10946017042522936,0.40096916355037265,-1.2299038379637157,-0.7983903139785837,-0.49823165748129494,1.0049980488361934,-1.6518396781279436,1.2737113178564405,1.3336583670718603,0.31555209801140743,0.14292729300306248,-1.1599508504851421,-1.5469598006445526,0.5947934572849087,-1.3905050088137272,-0.13645211016278627,-0.08331063357058216,0.09873433812890368,-1.3593296377026391,0.5756124322086542,-0.6069857843657886,-0.8199550685795409,-0.6741675315140131,0.018264656727323577,0.2727036887070268,-1.2823644551178355,-0.8983021265249279,0.9221169821435194,-0.5899080606249221
-0.13824215021463704,-0.23222204971188692,-0.8402678700229061,0.6437663681199165,0.2134722112560384,-0.5090639238401427,0.2972753480762128,-0.9291188197539799,0.2372279275152189,-0.5591212958826484,-0.6671669401847004,0.08354426584809391,0.9027615920785502,1.503000146362618,0.49255279666375684,0.06235339293738071,-0.2233647843566812,0.7147299140190492,0.6465657786407334,0.41483872136953015,-0.6473159862940412,0.6338632234495541,-1.1530839154717814,-0.679571571745548,-0.26542286585986574,0.0716033489940657,0.6369124601046409,1.1927494782701715,-0.4406064661398013,0.8617942883294913,0.14674276227909475,-0.2117868933385334,0.09191026189834908,0.9203402168824799,-0.2839711548500476,0.3705285420089098,0.5653420229833792,0.33213120416912567,0.14969887013210903,-0.23081217651878064,0.8084693584413338,0.07768188567338265,-0.5899080606249221,0.44874765091933816
