V1,V2,V3,V4,V5,V6,V7,V8,V9,V10,V11,V12,V13,V14,V15,V16,V17,V18,V19,V20,V21,V22,V23,V24,V25,V26,V27,V28,V29,V30,V31,V32,V33,V34,V35,V36,V37,V38,V39,V40,V41,V42,V43,V44
33.643526228013364,10.80620195763903,-26.505064925692686,10.230232535640507,12.46712185514855,25.856222011605592,-9.027941096924936,1.275729994717818,-10.31956994623682,-6.692851260428064,-3.8563259828997785,38.96353147412815,-15.589463073096702,-3.1386734524521476,4.994753215358472,18.69612928466581,4.323942677615383,-21.138761720144288,-23.243080638888234,-24.131061588747418,10.880081992959754,-10.78451497988953,16.765620813226636,2.7794622150142216,-6.51308693807617,14.488906357584987,-7.651617012797265,4.36682322159171,-5.006651152410243,10.689850384941142,17.065082838561207,-10.231857245627586,10.449743265005985,-30.514473022502898,-3.7462589709448393,-19.449480922875384,-31.741406777633667,-6.746175353267564,-33.360116273209606,2.6554974201662023,-5.382762398912302,33.4547005872806,18.98055366176742,7.388614172587634
10.80620195763903,3.628946227471831,-8.370405575182714,3.475996479959629,3.8830875493203028,8.446968537388896,-2.7922512731107147,0.31751788748515564,-3.207792563120623,-2.2664043412971577,-1.21414820973898,12.53643589976776,-4.826264078754204,-0.8338942402012066,1.5366842685495505,5.91722163998355,1.3442176285509997,-6.717446318381461,-7.462432126670474,-7.6359955473971866,3.6298375722884737,-3.560369783918645,5.314756715606665,0.7048978091630554,-2.101121660047794,4.542395381707252,-2.468536408757265,1.413104526914427,-1.9383718521075575,3.6503779725825005,5.494759227307704,-3.261966351968607,3.2520784340738427,-9.91238849486259,-1.365194185275453,-6.098546368912072,-10.076028589750234,-2.2445890897076186,-10.716887240334065,0.9031279554366345,-1.7073188345774615,10.565605233419353,5.987688588429767,2.3374895683494348
-26.505064925692686,-8.370405575182714,23.476624036019505,-7.321308539744232,-9.878266401851574,-19.81699814154328,8.131987993448869,-1.3339808654187992,9.39895750320569,5.519397904805264,4.449569509721111,-31.53182601530542,12.772114386634751,4.806532717748612,-4.459665909546732,-16.232097344170803,-4.258389796023719,17.75844611888496,19.082328227502497,20.016998843648963,-7.874545134395151,8.702432386228613,-12.667779287470536,-3.9936543598430974,5.586436033436668,-13.171719298121547,6.421091614463983,-5.00315884398318,2.3600150404101132,-7.6822753375563675,-14.115327507283528,9.51675873774421,-9.986287377533131,24.21812922325288,1.69204546956326,17.43222304192377,26.801258656568457,5.155841982001725,27.496088250114365,-1.984327282352474,4.29063262030208,-27.64170735789134,-16.84975957942573,-6.84395486440117
10.230232535640507,3.475996479959629,-7.321308539744232,3.7258282248192973,3.540774410950532,8.112288395468527,-2.236046037082085,0.12948699669665673,-2.6789469231668748,-2.284468149189532,-0.8475253888142759,11.67205109269659,-4.161840269727281,-0.04114514757313032,1.4180978148949142,5.24147379961237,0.9547148290303856,-6.02403375977838,-6.6970898355408846,-6.955832126549392,3.566252929363129,-3.4859591751091505,4.9021423114572755,0.10509629690108742,-1.9698908731189417,3.9496344911151913,-2.1827069871077596,1.195037327619209,-2.4404754359101157,3.8526494174182657,5.140140772752911,-2.849301027882348,2.717957563051636,-9.239220782070692,-1.6988353586362244,-5.142384316667194,-9.044783572803235,-2.2009817488220422,-9.807381548760334,0.8297409981561827,-1.4787607082373466,9.526971454161565,5.039489509520716,2.0379850155318793
12.46712185514855,3.8830875493203028,-9.878266401851574,3.540774410950532,4.811355648226065,9.48815304300631,-3.4929778740948163,0.5334071104454747,-3.8823622938422813,-2.2830490537314567,-1.4123654184992211,14.414507497011712,-6.055501987886406,-1.2424285750646322,1.851487955350118,6.952226225886567,1.6705179449200638,-7.854383517435214,-8.690015554406546,-8.99477841833823,3.950716323802501,-3.7576660642157194,6.407322614971565,1.152406359906968,-2.3443259689978855,5.34034135633032,-2.8184025656360894,1.4620549953852584,-1.5456647608056364,3.7297871222312877,6.2319569861767405,-3.6881171877913106,3.8522255610781286,-11.24811948422762,-1.2601804151407208,-7.312976718227114,-11.809796689330092,-2.4029336870274838,-12.359713864346437,0.9862191897496735,-2.0488103417508343,12.622978595831983,7.1451773299589485,2.700156434743875
25.856222011605592,8.446968537388896,-19.81699814154328,8.112288395468527,9.48815304300631,20.078502280315433,-6.692916805093731,0.8599279709113278,-7.638954968388217,-5.1750660075325685,-2.700396506837751,29.808521991190602,-11.773776542273373,-1.9008756013204702,3.6872772183474796,14.043054164630881,3.1559026842716587,-16.007058633077996,-17.73883910511212,-18.284368619513344,8.584618221657939,-8.320337821040729,12.936747314967649,1.692493033865752,-4.9304369865965,10.747221395499642,-5.826919974607473,3.079243990166673,-4.352951607442368,8.491464418510066,13.006427128963798,-7.596446244603957,7.64290516640848,-23.5136273226737,-3.2126574195762694,-14.480627413467806,-23.9970009331338,-5.267029915134209,-25.43102198209696,2.091380063226332,-4.12142980802118,25.35675169164901,14.187471182590631,5.46809749384221
-9.027941096924936,-2.7922512731107147,8.131987993448869,-2.236046037082085,-3.4929778740948163,-6.692916805093731,2.9797280769872843,-0.5532919901264617,3.3187266576048273,1.7109725346883904,1.5425229054815213,-10.809413999398231,4.674332005568025,1.892257417295816,-1.519577367202398,-5.631592211138023,-1.554659483398496,6.156563939439045,6.662892385983467,6.929661644070338,-2.644947688299288,2.7947089378729566,-4.522127027459086,-1.5875918520500745,1.8527117591821782,-4.5329982665165005,2.238354510497551,-1.6013774211918255,0.48403049383337976,-2.3627739983509874,-4.75069779590798,3.2021132785189503,-3.479304373797399,8.28656710499584,0.4034367082532144,6.167584150802114,9.311558841226923,1.6956022018183272,9.477751195423952,-0.7379429853230003,1.5546433001151283,-9.682488084447519,-5.996365021786056,-2.322544470945106
1.275729994717818,0.31751788748515564,-1.3339808654187992,0.12948699669665673,0.5334071104454747,0.8599279709113278,-0.5532919901264617,0.21731668573670535,-0.622710749914644,-0.16906703347493168,-0.2828489361679406,1.5554162528901931,-0.8287988449342641,-0.6191239695170512,0.25492599029344737,0.93631938007423,0.3138474469488953,-1.03018814417669,-1.026392440525223,-1.1306780667645613,0.2975177819871575,-0.41569124081967773,0.7010355172061188,0.48963286054338334,-0.27300039511994245,0.8171222326485662,-0.3783889728106991,0.2568108652113514,0.23754305580028193,0.11596223073042246,0.70125148093403,-0.5552738960423491,0.6630697900745491,-1.1792722632746553,0.13332508341514626,-1.11229040227895,-1.5299896248497755,-0.21300154111353906,-1.4163945122255819,0.08241486573818133,-0.28441223093145024,1.5266860428844204,1.0623778113133004,0.39379261245675534
-10.31956994623682,-3.207792563120623,9.39895750320569,-2.6789469231668748,-3.8823622938422813,-7.638954968388217,3.3187266576048273,-0.622710749914644,3.827868590722789,2.1041639158751253,1.8498938015223476,-12.341894089135586,5.124193003558388,2.227985721840849,-1.7798385179400609,-6.489056055141923,-1.7720909505672635,7.075368306095911,7.5427272185612155,7.9409242646595155,-2.985746815755909,3.396999005761923,-4.9592194415602036,-1.822767750033992,2.200431919414542,-5.325133097120378,2.5653807885824773,-2.035757017394216,0.6349245262120713,-2.8052380814608564,-5.54465220227111,3.8410315351711084,-4.08207742781136,9.45567931082165,0.46901080547012003,7.05838147935523,10.668651350450904,1.979224558147237,10.828457170818858,-0.759351929143804,1.7221598809611796,-10.941021972547675,-6.81249409237416,-2.7514423885989356
-6.692851260428064,-2.2664043412971577,5.519397904805264,-2.284468149189532,-2.2830490537314567,-5.1750660075325685,1.7109725346883904,-0.16906703347493168,2.1041639158751253,1.6199915639664455,0.9724885501463899,-7.86282186965398,2.7750034039283085,0.6893307059775943,-1.0687674071603928,-3.8508560872732223,-0.8654513814264312,4.257562912132702,4.585711122047133,4.8202439811335704,-2.151004189061577,2.4162807486920133,-2.9917111611073537,-0.5564709636971902,1.4390122575693487,-3.0987327143429777,1.5458961898330792,-1.2696309885468149,1.220626222355378,-2.3668085807035055,-3.584418465666181,2.321342572187548,-2.2810544312866905,6.1181640968726745,0.7801696452181609,3.9421508174186664,6.4111548822068345,1.421065491252325,6.756147174216475,-0.49535490435532176,0.9696389189902921,-6.5281260460228605,-3.804789637423889,-1.6406719241596492
-3.8563259828997785,-1.21414820973898,4.449569509721111,-0.8475253888142759,-1.4123654184992211,-2.700396506837751,1.5425229054815213,-0.2828489361679406,1.8498938015223476,0.9724885501463899,1.2507263952646226,-4.911112861450443,1.9404396813717963,1.5872595298310292,-0.8370295607388043,-2.9426072378599324,-0.9633759469602189,3.0054613000761154,3.0808433918507077,3.271648116554243,-0.8866651500469678,1.4097564823967375,-1.5472981806400297,-1.2464734196610794,1.0139786189492053,-2.6102233116163656,1.0880847021702222,-1.4056154350453662,-0.1704924019159326,-0.9144196215229728,-2.3522618180222143,2.005157949905272,-2.136895527318168,3.6254301746641238,-0.2095988089486644,3.3375332240358246,4.570333632891422,0.7140314547595278,4.487175204444158,-0.2310813539776957,0.6214274347357706,-4.4543942164734895,-3.1628454622632,-1.4219916363291611
38.96353147412815,12.53643589976776,-31.53182601530542,11.67205109269659,14.414507497011712,29.808521991190602,-10.809413999398231,1.5554162528901931,-12.341894089135586,-7.86282186965398,-4.911112861450443,45.51851440556186,-18.253083601321446,-4.34365578625401,5.974962044293444,22.165361842181266,5.247155698704011,-24.83371339654071,-27.199695607154812,-28.27982131337421,12.441400878603007,-12.535104551615463,19.270978660881184,3.785360110544884,-7.692910669908469,17.32700605604115,-9.00696876785586,5.590240454536821,-5.371875958239045,12.193802483992307,19.972337966245664,-12.281189245326766,12.698354858500247,-35.44882701360444,-3.962179368383546,-23.231000195451752,-37.39718531805749,-7.7859053074547715,-39.112917573483095,3.150061842605033,-6.248776953752918,39.21019739707159,22.657958290518803,8.882064470141968
-15.589463073096702,-4.826264078754204,12.772114386634751,-4.161840269727281,-6.055501987886406,-11.773776542273373,4.674332005568025,-0.8287988449342641,5.124193003558388,2.7750034039283085,1.9404396813717963,-18.253083601321446,7.919928798146263,2.1334827638088174,-2.397828876489715,-8.999966412296827,-2.2528333273924805,10.095533273233263,11.111023093245391,11.511770457002607,-4.8716370041005534,4.663690834061086,-8.132446408405329,-1.8991636376021939,2.959576771270082,-6.973604641252406,3.6588981598259394,-1.960471076332292,1.5013528008734445,-4.362570491170126,-7.847599839169455,4.776232272852898,-5.164654480029763,14.16493781749839,1.2696737656969375,9.638210442924409,15.225932105878167,2.974957514803099,15.751748721127152,-1.3297484595328746,2.667228498145789,-16.1619058841701,-9.442854185501732,-3.5015399751746616
-3.1386734524521476,-0.8338942402012066,4.806532717748612,-0.04114514757313032,-1.2424285750646322,-1.9008756013204702,1.892257417295816,-0.6191239695170512,2.227985721840849,0.6893307059775943,1.5872595298310292,-4.34365578625401,2.1334827638088174,2.8059837131112007,-0.881426103555291,-3.151643472183298,-1.2752217847835308,3.1407330799559197,2.997741311585049,3.280568779006574,-0.39922422674101576,1.2375651655824698,-1.2769864979540846,-2.138815307139472,0.9716003845069963,-3.0093655391086984,1.1758685933689135,-1.6446491490768258,-1.2520806643982234,-0.05090426729519971,-2.16925210524125,2.2822164668341434,-2.6167448391358756,3.1013315635022964,-0.9521306085063912,3.899724585023395,4.742780500933111,0.48931300899664604,4.238701310285208,-0.14522615623769647,0.695779709542675,-4.366007017787482,-3.673712432539517,-1.5820356780086637
4.994753215358472,1.5366842685495505,-4.459665909546732,1.4180978148949142,1.851487955350118,3.6872772183474796,-1.519577367202398,0.25492599029344737,-1.7798385179400609,-1.0687674071603928,-0.8370295607388043,5.974962044293444,-2.397828876489715,-0.881426103555291,0.9081185128393022,3.095990941165537,0.7581678746782359,-3.3459737783305235,-3.5338788143404933,-3.8092264082100584,1.446779411107427,-1.6532705322131827,2.3466998403132378,0.7698084907395366,-1.0782056569688396,2.5343208671598076,-1.189191405568924,1.013298714125343,-0.42330470214421984,1.4523838193867855,2.6794743428008396,-1.813325873592525,1.9473739053706776,-4.498834403229299,-0.30589374867079344,-3.2985754042715003,-5.091120389224744,-0.9638489214771063,-5.182781321800953,0.37978298886654627,-0.774830706595242,5.2362021990888605,3.168459913179043,1.31870526982711
18.69612928466581,5.91722163998355,-16.232097344170803,5.24147379961237,6.952226225886567,14.043054164630881,-5.631592211138023,0.93631938007423,-6.489056055141923,-3.8508560872732223,-2.9426072378599324,22.165361842181266,-8.999966412296827,-3.151643472183298,3.095990941165537,11.29086270637329,2.8904933942703495,-12.416685254590604,-13.374369725053375,-14.030718581841446,5.651525291863335,-6.125193562942381,9.03924310935052,2.6356402317600005,-3.883877383299982,9.09232986239569,-4.497073717728936,3.3225846623701205,-1.8279166171588805,5.471670294422852,9.872159016082012,-6.526210005201437,6.860232290476535,-17.07160275346748,-1.325606870697419,-12.069642215339005,-18.737313814649745,-3.661769117639676,-19.2664212326717,1.4438880141841812,-3.0363541398925658,19.368652336322764,11.693912142663779,4.692584917187715
4.323942677615383,1.3442176285509997,-4.258389796023719,0.9547148290303856,1.6705179449200638,3.1559026842716587,-1.554659483398496,0.3138474469488953,-1.7720909505672635,-0.8654513814264312,-0.9633759469602189,5.247155698704011,-2.2528333273924805,-1.2752217847835308,0.7581678746782359,2.8904933942703495,0.9100850963409887,-3.1168645619481157,-3.3234328041904413,-3.432348313614439,1.1788333876700965,-1.4102111526629986,2.0622578870918318,1.0058173344955248,-0.9536261127983536,2.4173597159340887,-1.140457419729325,0.9808038122147978,-0.02905909148962174,1.0416601504569885,2.3835714785385114,-1.77575368889341,1.8834666572613807,-4.036562811981549,-0.02190098766766857,-3.2456173336316945,-4.678673504981687,-0.8011299830491765,-4.693375522548643,0.295478587539685,-0.763631309492272,4.76242848411394,3.1230450738597626,1.263726463064055
-21.138761720144288,-6.717446318381461,17.75844611888496,-6.02403375977838,-7.854383517435214,-16.007058633077996,6.156563939439045,-1.03018814417669,7.075368306095911,4.257562912132702,3.0054613000761154,-24.83371339654071,10.095533273233263,3.1407330799559197,-3.3459737783305235,-12.416685254590604,-3.1168645619481157,13.831124157133285,14.984463819851433,15.64790738962113,-6.55124643223375,6.898663351036747,-10.379653020873256,-2.623532655408924,4.272644174741797,-9.893053168803618,5.023995423729033,-3.353798676594446,2.359533967287227,-6.293630602440441,-11.002416279639654,7.061775989231515,-7.352842415695067,19.29282651972674,1.7488829348981023,13.202540670260609,20.789127813329088,4.179631931036455,21.498701023394528,-1.6288676803276123,3.4634473257935268,-21.602732765571538,-12.819704439364257,-5.074654863338942
-23.243080638888234,-7.462432126670474,19.082328227502497,-6.6970898355408846,-8.690015554406546,-17.73883910511212,6.662892385983467,-1.026392440525223,7.5427272185612155,4.585711122047133,3.0808433918507077,-27.199695607154812,11.111023093245391,2.997741311585049,-3.5338788143404933,-13.374369725053375,-3.3234328041904413,14.984463819851433,16.451324293445786,16.99010659241871,-7.361684631796452,7.408141952862934,-11.599390503354336,-2.5435630662297677,4.575762871240902,-10.477229040182044,5.459200108245345,-3.3382499200874274,2.8837798790134017,-7.042432294009159,-11.930073787619012,7.429533140382447,-7.708270738407534,21.245679160356676,2.1522244261889822,14.161340893179647,22.523692496321868,4.603074352610941,23.483706288606356,-1.8721484185208792,3.823571440691281,-23.610600310128486,-13.82937220290624,-5.359136474432444
-24.131061588747418,-7.6359955473971866,20.016998843648963,-6.955832126549392,-8.99477841833823,-18.284368619513344,6.929661644070338,-1.1306780667645613,7.9409242646595155,4.8202439811335704,3.271648116554243,-28.27982131337421,11.511770457002607,3.280568779006574,-3.8092264082100584,-14.030718581841446,-3.432348313614439,15.64790738962113,16.99010659241871,17.777846595265657,-7.513885457001032,7.795384320105511,-11.916323685670612,-2.804885709210796,4.828472875483018,-11.1106887489803,5.6637181093053055,-3.6753573420630445,2.8217701208994703,-7.2451518204928576,-12.478146253110818,7.877774929726383,-8.228107497669518,21.937062243932477,2.1175453105308613,14.843077356811257,23.55313894899231,4.7615960396214545,24.408446981623346,-1.8848365345030857,3.9240914127734703,-24.579717448757684,-14.4293244452989,-5.682901241922788
10.880081992959754,3.6298375722884737,-7.874545134395151,3.566252929363129,3.950716323802501,8.584618221657939,-2.644947688299288,0.2975177819871575,-2.985746815755909,-2.151004189061577,-0.8866651500469678,12.441400878603007,-4.8716370041005534,-0.39922422674101576,1.446779411107427,5.651525291863335,1.1788333876700965,-6.55124643223375,-7.361684631796452,-7.513885457001032,3.781631829055873,-3.479086286648593,5.551642953682831,0.3874834140113749,-1.9944522293579203,4.203404129266718,-2.40621036698003,1.0243171539466385,-2.1609603402703246,3.730440481588694,5.355839602097542,-2.934924605727086,2.9107878293533025,-9.91642800034892,-1.5896878002986625,-5.7343644731657895,-9.803158644072921,-2.2661812709174547,-10.526249176397016,0.9397818290228243,-1.7372746623957163,10.442350052266974,5.670905492075832,2.1172790279034706
-10.78451497988953,-3.560369783918645,8.702432386228613,-3.4859591751091505,-3.7576660642157194,-8.320337821040729,2.7947089378729566,-0.41569124081967773,3.396999005761923,2.4162807486920133,1.4097564823967375,-12.535104551615463,4.663690834061086,1.2375651655824698,-1.6532705322131827,-6.125193562942381,-1.4102111526629986,6.898663351036747,7.408141952862934,7.795384320105511,-3.479086286648593,3.849992778505451,-5.042630499297079,-0.9695843710932551,2.234342926849631,-4.9159908489553965,2.519814131167727,-1.7623706811506767,1.7666540757739913,-3.5960818437963873,-5.68073828923972,3.6183975785760514,-3.577572339589676,9.853316984836725,1.1955746089132293,6.331319984447646,10.30530640527972,2.2675804303062628,10.777974793265122,-0.7682037338820442,1.669992756985852,-10.528978975275209,-6.119634360248276,-2.5378605330183177
16.765620813226636,5.314756715606665,-12.667779287470536,4.9021423114572755,6.407322614971565,12.936747314967649,-4.522127027459086,0.7010355172061188,-4.9592194415602036,-2.9917111611073537,-1.5472981806400297,19.270978660881184,-8.132446408405329,-1.2769864979540846,2.3466998403132378,9.03924310935052,2.0622578870918318,-10.379653020873256,-11.599390503354336,-11.916323685670612,5.551642953682831,-5.042630499297079,8.837429874726745,1.2146287909873221,-3.0332400189631885,6.788697490391323,-3.7721868050341016,1.5605687096442826,-2.4318873072543274,5.134639168693837,8.218427683687649,-4.609532589953156,4.820729813291797,-15.189027024710349,-1.9543703040549576,-9.429997246127188,-15.57560538723991,-3.305603571500464,-16.426230530433582,1.4378040413768032,-2.8091724341318915,16.71953090738897,9.299524462358125,3.375633485877539
2.7794622150142216,0.7048978091630554,-3.9936543598430974,0.10509629690108742,1.152406359906968,1.692493033865752,-1.5875918520500745,0.48963286054338334,-1.822767750033992,-0.5564709636971902,-1.2464734196610794,3.785360110544884,-1.8991636376021939,-2.138815307139472,0.7698084907395366,2.6356402317600005,1.0058173344955248,-2.623532655408924,-2.5435630662297677,-2.804885709210796,0.3874834140113749,-0.9695843710932551,1.2146287909873221,1.6932070698457287,-0.8009857038439055,2.4542219400265135,-0.9561804566902234,1.287644687667485,0.9836355250152651,0.10512917502076682,1.8190120063648472,-1.8077115620341542,2.134140753687316,-2.6543077860103232,0.7176881385160884,-3.2243627892295574,-4.006254161523441,-0.41350370556248656,-3.622798206801725,0.1679826631022818,-0.583857098910105,3.814201517250598,3.0424284506234636,1.2891089099602426
-6.51308693807617,-2.101121660047794,5.586436033436668,-1.9698908731189417,-2.3443259689978855,-4.9304369865965,1.8527117591821782,-0.27300039511994245,2.200431919414542,1.4390122575693487,1.0139786189492053,-7.692910669908469,2.959576771270082,0.9716003845069963,-1.0782056569688396,-3.883877383299982,-0.9536261127983536,4.272644174741797,4.575762871240902,4.828472875483018,-1.9944522293579203,2.234342926849631,-3.0332400189631885,-0.8009857038439055,1.3841444064837658,-3.1475639286733017,1.5442269375139255,-1.2202664886983992,0.81653906945309,-2.0471680971314568,-3.4744635430608524,2.3031098222196675,-2.3548088172378554,5.937365502610326,0.5562416608446947,4.090033685417945,6.4388194931979665,1.3121483223519446,6.662479301411292,-0.4754535296113815,1.0092970076867094,-6.602566898650905,-3.9436033586202073,-1.6406248574426416
14.488906357584987,4.542395381707252,-13.171719298121547,3.9496344911151913,5.34034135633032,10.747221395499642,-4.5329982665165005,0.8171222326485662,-5.325133097120378,-3.0987327143429777,-2.6102233116163656,17.32700605604115,-6.973604641252406,-3.0093655391086984,2.5343208671598076,9.09232986239569,2.4173597159340887,-9.893053168803618,-10.477229040182044,-11.1106887489803,4.203404129266718,-4.9159908489553965,6.788697490391323,2.4542219400265135,-3.1475639286733017,7.509145158650047,-3.5772611962073575,2.999400200900281,-1.0870861398156244,4.1085224311340145,7.8512993639597575,-5.4674499728861825,5.751774474497653,-13.247994652152636,-0.7488251934971684,-9.812526326974055,-14.92205845669772,-2.8260778584277264,-15.169082280747496,1.0352911902027853,-2.3459131440469827,15.209348824365854,9.438101109531097,3.906131391946042
-7.651617012797265,-2.468536408757265,6.421091614463983,-2.1827069871077596,-2.8184025656360894,-5.826919974607473,2.238354510497551,-0.3783889728106991,2.5653807885824773,1.5458961898330792,1.0880847021702222,-9.00696876785586,3.6588981598259394,1.1758685933689135,-1.189191405568924,-4.497073717728936,-1.140457419729325,5.023995423729033,5.459200108245345,5.6637181093053055,-2.40621036698003,2.519814131167727,-3.7721868050341016,-0.9561804566902234,1.5442269375139255,-3.5772611962073575,1.8446620032884058,-1.2042766706573973,0.8803925859041909,-2.285066345867378,-3.985613593328025,2.56112411096642,-2.6603691802728404,7.03278496814779,0.6383687292737137,4.79253002769732,7.541361077467505,1.5307339171577985,7.807701258501748,-0.6089072524577972,1.2730921143556988,-7.808075602870842,-4.671145600227019,-1.8299418507551226
4.36682322159171,1.413104526914427,-5.00315884398318,1.195037327619209,1.4620549953852584,3.079243990166673,-1.6013774211918255,0.2568108652113514,-2.035757017394216,-1.2696309885468149,-1.4056154350453662,5.590240454536821,-1.960471076332292,-1.6446491490768258,1.013298714125343,3.3225846623701205,0.9808038122147978,-3.353798676594446,-3.3382499200874274,-3.6753573420630445,1.0243171539466385,-1.7623706811506767,1.5605687096442826,1.287644687667485,-1.2202664886983992,2.999400200900281,-1.2042766706573973,1.762965444634007,-0.034866168862487945,1.2344760291258872,2.7390301490976294,-2.3449683477821237,2.460388491280217,-4.06003276041709,0.1273988487595326,-3.6672597363901405,-5.13170994009487,-0.8628251940858491,-5.048483969210697,0.24953203275202943,-0.6156127067826329,4.884176022964404,3.4418609174930266,1.654074847913493
-5.006651152410243,-1.9383718521075575,2.3600150404101132,-2.4404754359101157,-1.5456647608056364,-4.352951607442368,0.48403049383337976,0.23754305580028193,0.6349245262120713,1.220626222355378,-0.1704924019159326,-5.371875958239045,1.5013528008734445,-1.2520806643982234,-0.42330470214421984,-1.8279166171588805,-0.02905909148962174,2.359533967287227,2.8837798790134017,2.8217701208994703,-2.1609603402703246,1.7666540757739913,-2.4318873072543274,0.9836355250152651,0.81653906945309,-1.0870861398156244,0.8803925859041909,-0.034866168862487945,2.320694911893623,-2.5352632363058145,-2.2863859297970905,0.8018569267066852,-0.48106614150086213,4.5242820901416625,1.5878332923993828,1.4052333895307152,3.48848409438819,1.235045701355799,4.268059218903394,-0.4702110639231396,0.6204548523438319,-3.855034462579972,-1.4679027714849466,-0.5561869857604128
10.689850384941142,3.6503779725825005,-7.6822753375563675,3.8526494174182657,3.7297871222312877,8.491464418510066,-2.3627739983509874,0.11596223073042246,-2.8052380814608564,-2.3668085807035055,-0.9144196215229728,12.193802483992307,-4.362570491170126,-0.05090426729519971,1.4523838193867855,5.471670294422852,1.0416601504569885,-6.293630602440441,-7.042432294009159,-7.2451518204928576,3.730440481588694,-3.5960818437963873,5.134639168693837,0.10512917502076682,-2.0471680971314568,4.1085224311340145,-2.285066345867378,1.2344760291258872,-2.5352632363058145,4.023168115394252,5.359479378048696,-2.9754100538137638,2.8109540711014733,-9.683844420438335,-1.7713185624941783,-5.391977842294704,-9.434366096754912,-2.288292010220754,-10.260574034847313,0.8578484272033086,-1.555373487734325,9.977167498462299,5.289342850082718,2.1322490192759918
17.065082838561207,5.494759227307704,-14.115327507283528,5.140140772752911,6.2319569861767405,13.006427128963798,-4.75069779590798,0.70125148093403,-5.54465220227111,-3.584418465666181,-2.3522618180222143,19.972337966245664,-7.847599839169455,-2.16925210524125,2.6794743428008396,9.872159016082012,2.3835714785385114,-11.002416279639654,-11.930073787619012,-12.478146253110818,5.355839602097542,-5.68073828923972,8.218427683687649,1.8190120063648472,-3.4744635430608524,7.8512993639597575,-3.985613593328025,2.7390301490976294,-2.2863859297970905,5.359479378048696,8.901671995616864,-5.660982966009469,5.783593757906535,-15.537875979100443,-1.6340356672339698,-10.357739522079674,-16.53995447785708,-3.4296129007754677,-17.225304129238474,1.2868780064348917,-2.7006888849841153,17.162843926236782,10.046055161038307,4.0499524687439346
-10.231857245627586,-3.261966351968607,9.51675873774421,-2.849301027882348,-3.6881171877913106,-7.596446244603957,3.2021132785189503,-0.5552738960423491,3.8410315351711084,2.321342572187548,2.005157949905272,-12.281189245326766,4.776232272852898,2.2822164668341434,-1.813325873592525,-6.526210005201437,-1.77575368889341,7.061775989231515,7.429533140382447,7.877774929726383,-2.934924605727086,3.6183975785760514,-4.609532589953156,-1.8077115620341542,2.3031098222196675,-5.4674499728861825,2.56112411096642,-2.3449683477821237,0.8018569267066852,-2.9754100538137638,-5.660982966009469,4.069232473810984,-4.199060708813288,9.406120537073237,0.4937633091253926,7.044767154022235,10.630391043093793,2.0263196586497996,10.801404086177293,-0.6792220070988189,1.6251303399166352,-10.703983070640819,-6.745468860662142,-2.8738719352471604
10.449743265005985,3.2520784340738427,-9.986287377533131,2.717957563051636,3.8522255610781286,7.64290516640848,-3.479304373797399,0.6630697900745491,-4.08207742781136,-2.2810544312866905,-2.136895527318168,12.698354858500247,-5.164654480029763,-2.6167448391358756,1.9473739053706776,6.860232290476535,1.8834666572613807,-7.352842415695067,-7.708270738407534,-8.228107497669518,2.9107878293533025,-3.577572339589676,4.820729813291797,2.134140753687316,-2.3548088172378554,5.751774474497653,-2.6603691802728404,2.460388491280217,-0.48106614150086213,2.8109540711014733,5.783593757906535,-4.199060708813288,4.510052928190823,-9.590256943503416,-0.29287495863740076,-7.498112284107692,-11.142878918316038,-2.013690972138404,-11.200132353869616,0.7707720527850034,-1.7058559122027255,11.248596956574705,7.197757673612694,3.0084268746328617
-30.514473022502898,-9.91238849486259,24.21812922325288,-9.239220782070692,-11.24811948422762,-23.5136273226737,8.28656710499584,-1.1792722632746553,9.45567931082165,6.1181640968726745,3.6254301746641238,-35.44882701360444,14.16493781749839,3.1013315635022964,-4.498834403229299,-17.07160275346748,-4.036562811981549,19.29282651972674,21.245679160356676,21.937062243932477,-9.91642800034892,9.853316984836725,-15.189027024710349,-2.6543077860103232,5.937365502610326,-13.247994652152636,7.03278496814779,-4.06003276041709,4.5242820901416625,-9.683844420438335,-15.537875979100443,9.406120537073237,-9.590256943503416,27.84259289412057,3.329860657778348,17.832421559029484,28.948671620091496,6.157081412888284,30.423652094883593,-2.453275791986915,4.931086181181095,-30.402100151442216,-17.43127406072872,-6.765258135497345
-3.7462589709448393,-1.365194185275453,1.69204546956326,-1.6988353586362244,-1.2601804151407208,-3.2126574195762694,0.4034367082532144,0.13332508341514626,0.46901080547012003,0.7801696452181609,-0.2095988089486644,-3.962179368383546,1.2696737656969375,-0.9521306085063912,-0.30589374867079344,-1.325606870697419,-0.02190098766766857,1.7488829348981023,2.1522244261889822,2.1175453105308613,-1.5896878002986625,1.1955746089132293,-1.9543703040549576,0.7176881385160884,0.5562416608446947,-0.7488251934971684,0.6383687292737137,0.1273988487595326,1.5878332923993828,-1.7713185624941783,-1.6340356672339698,0.4937633091253926,-0.29287495863740076,3.329860657778348,1.1522092229842318,1.0369385212493343,2.579235564782116,0.8736872116423762,3.129493215479268,-0.34219079230561505,0.49912824089552615,-2.9593982140462716,-1.0850246550823675,-0.3580814908971538
-19.449480922875384,-6.098546368912072,17.43222304192377,-5.142384316667194,-7.312976718227114,-14.480627413467806,6.167584150802114,-1.11229040227895,7.05838147935523,3.9421508174186664,3.3375332240358246,-23.231000195451752,9.638210442924409,3.899724585023395,-3.2985754042715003,-12.069642215339005,-3.2456173336316945,13.202540670260609,14.161340893179647,14.843077356811257,-5.7343644731657895,6.331319984447646,-9.429997246127188,-3.2243627892295574,4.090033685417945,-9.812526326974055,4.79253002769732,-3.6672597363901405,1.4052333895307152,-5.391977842294704,-10.357739522079674,7.044767154022235,-7.498112284107692,17.832421559029484,1.0369385212493343,13.090948740824054,19.92399465312732,3.750748194235084,20.321660524246223,-1.500413450480735,3.2404250515363535,-20.527128226552097,-12.663174768862849,-5.073615765955102
-31.741406777633667,-10.076028589750234,26.801258656568457,-9.044783572803235,-11.809796689330092,-23.9970009331338,9.311558841226923,-1.5299896248497755,10.668651350450904,6.4111548822068345,4.570333632891422,-37.39718531805749,15.225932105878167,4.742780500933111,-5.091120389224744,-18.737313814649745,-4.678673504981687,20.789127813329088,22.523692496321868,23.55313894899231,-9.803158644072921,10.30530640527972,-15.57560538723991,-4.006254161523441,6.4388194931979665,-14.92205845669772,7.541361077467505,-5.13170994009487,3.48848409438819,-9.434366096754912,-16.53995447785708,10.630391043093793,-11.142878918316038,28.948671620091496,2.579235564782116,19.92399465312732,31.325776639153958,6.255907517663847,32.375038947530754,-2.501392136728924,5.1778738164519265,-32.56187679502569,-19.356632593125806,-7.658289490082023
-6.746175353267564,-2.2445890897076186,5.155841982001725,-2.2009817488220422,-2.4029336870274838,-5.267029915134209,1.6956022018183272,-0.21300154111353906,1.979224558147237,1.421065491252325,0.7140314547595278,-7.7859053074547715,2.974957514803099,0.48931300899664604,-0.9638489214771063,-3.661769117639676,-0.8011299830491765,4.179631931036455,4.603074352610941,4.7615960396214545,-2.2661812709174547,2.2675804303062628,-3.305603571500464,-0.41350370556248656,1.3121483223519446,-2.8260778584277264,1.5307339171577985,-0.8628251940858491,1.235045701355799,-2.288292010220754,-3.4296129007754677,2.0263196586497996,-2.013690972138404,6.157081412888284,0.8736872116423762,3.750748194235084,6.255907517663847,1.412337515675404,6.638962422792102,-0.5430650545681347,1.059471030644086,-6.536510879016097,-3.6705145339956253,-1.446334338451783
-33.360116273209606,-10.716887240334065,27.496088250114365,-9.807381548760334,-12.359713864346437,-25.43102198209696,9.477751195423952,-1.4163945122255819,10.828457170818858,6.756147174216475,4.487175204444158,-39.112917573483095,15.751748721127152,4.238701310285208,-5.182781321800953,-19.2664212326717,-4.693375522548643,21.498701023394528,23.483706288606356,24.408446981623346,-10.526249176397016,10.777974793265122,-16.426230530433582,-3.622798206801725,6.662479301411292,-15.169082280747496,7.807701258501748,-5.048483969210697,4.268059218903394,-10.260574034847313,-17.225304129238474,10.801404086177293,-11.200132353869616,30.423652094883593,3.129493215479268,20.321660524246223,32.375038947530754,6.638962422792102,33.735163572970805,-2.672148935752107,5.388847604034812,-33.81937638059669,-19.79672492848799,-7.7890745602660765
2.6554974201662023,0.9031279554366345,-1.984327282352474,0.8297409981561827,0.9862191897496735,2.091380063226332,-0.7379429853230003,0.08241486573818133,-0.759351929143804,-0.49535490435532176,-0.2310813539776957,3.150061842605033,-1.3297484595328746,-0.14522615623769647,0.37978298886654627,1.4438880141841812,0.295478587539685,-1.6288676803276123,-1.8721484185208792,-1.8848365345030857,0.9397818290228243,-0.7682037338820442,1.4378040413768032,0.1679826631022818,-0.4754535296113815,1.0352911902027853,-0.6089072524577972,0.24953203275202943,-0.4702110639231396,0.8578484272033086,1.2868780064348917,-0.6792220070988189,0.7707720527850034,-2.453275791986915,-0.34219079230561505,-1.500413450480735,-2.501392136728924,-0.5430650545681347,-2.672148935752107,0.3286417524914333,-0.44575825834942173,2.688769841773823,1.519024870352578,0.5154164015745886
-5.382762398912302,-1.7073188345774615,4.29063262030208,-1.4787607082373466,-2.0488103417508343,-4.12142980802118,1.5546433001151283,-0.28441223093145024,1.7221598809611796,0.9696389189902921,0.6214274347357706,-6.248776953752918,2.667228498145789,0.695779709542675,-0.774830706595242,-3.0363541398925658,-0.763631309492272,3.4634473257935268,3.823571440691281,3.9240914127734703,-1.7372746623957163,1.669992756985852,-2.8091724341318915,-0.583857098910105,1.0092970076867094,-2.3459131440469827,1.2730921143556988,-0.6156127067826329,0.6204548523438319,-1.555373487734325,-2.7006888849841153,1.6251303399166352,-1.7058559122027255,4.931086181181095,0.49912824089552615,3.2404250515363535,5.1778738164519265,1.059471030644086,5.388847604034812,-0.44575825834942173,0.9354507896839532,-5.469014588097285,-3.1813099744321875,-1.1726953135719702
33.4547005872806,10.565605233419353,-27.64170735789134,9.526971454161565,12.622978595831983,25.35675169164901,-9.682488084447519,1.5266860428844204,-10.941021972547675,-6.5281260460228605,-4.4543942164734895,39.21019739707159,-16.1619058841701,-4.366007017787482,5.2362021990888605,19.368652336322764,4.76242848411394,-21.602732765571538,-23.610600310128486,-24.579717448757684,10.442350052266974,-10.528978975275209,16.71953090738897,3.814201517250598,-6.602566898650905,15.209348824365854,-7.808075602870842,4.884176022964404,-3.855034462579972,9.977167498462299,17.162843926236782,-10.703983070640819,11.248596956574705,-30.402100151442216,-2.9593982140462716,-20.527128226552097,-32.56187679502569,-6.536510879016097,-33.81937638059669,2.688769841773823,-5.469014588097285,34.21595351649022,19.996072582467928,7.778311531234807
18.98055366176742,5.987688588429767,-16.84975957942573,5.039489509520716,7.1451773299589485,14.187471182590631,-5.996365021786056,1.0623778113133004,-6.81249409237416,-3.804789637423889,-3.1628454622632,22.657958290518803,-9.442854185501732,-3.673712432539517,3.168459913179043,11.693912142663779,3.1230450738597626,-12.819704439364257,-13.82937220290624,-14.4293244452989,5.670905492075832,-6.119634360248276,9.299524462358125,3.0424284506234636,-3.9436033586202073,9.438101109531097,-4.671145600227019,3.4418609174930266,-1.4679027714849466,5.289342850082718,10.046055161038307,-6.745468860662142,7.197757673612694,-17.43127406072872,-1.0850246550823675,-12.663174768862849,-19.356632593125806,-3.6705145339956253,-19.79672492848799,1.519024870352578,-3.1813099744321875,19.996072582467928,12.298954035986505,4.861434657418983
7.388614172587634,2.3374895683494348,-6.84395486440117,2.0379850155318793,2.700156434743875,5.46809749384221,-2.322544470945106,0.39379261245675534,-2.7514423885989356,-1.6406719241596492,-1.4219916363291611,8.882064470141968,-3.5015399751746616,-1.5820356780086637,1.31870526982711,4.692584917187715,1.263726463064055,-5.074654863338942,-5.359136474432444,-5.682901241922788,2.1172790279034706,-2.5378605330183177,3.375633485877539,1.2891089099602426,-1.6406248574426416,3.906131391946042,-1.8299418507551226,1.654074847913493,-0.5561869857604128,2.1322490192759918,4.0499524687439346,-2.8738719352471604,3.0084268746328617,-6.765258135497345,-0.3580814908971538,-5.073615765955102,-7.658289490082023,-1.446334338451783,-7.7890745602660765,0.5154164015745886,-1.1726953135719702,7.778311531234807,4.861434657418983,2.0650533948226695
