V1,V2,V3,V4,V5,V6,V7,V8,V9,V10,V11,V12,V13,V14,V15,V16,V17,V18,V19,V20,V21,V22,V23,V24,V25,V26,V27,V28,V29,V30,V31,V32,V33,V34,V35,V36,V37,V38,V39,V40,V41,V42,V43,V44
1.4390936169228454,-0.7909138090938226,-0.8634599288770716,0.8251538303753879,1.0397323597989014,-1.0331150791008887,1.0393224447527611,-2.8657641237046327,-2.638842834111609,1.3091434688043262,0.1438153627055571,-1.397017655238808,-0.005486355380396656,1.410444518659408,1.5129154995476215,2.991626320892011,0.6706150196641932,0.6904232225552488,-0.5538833331360445,-1.2926085396986926,0.37039455059830995,-0.6605960992862252,2.288054860528579,-0.1404531786963484,-1.5560149597774335,1.0084787220745302,-0.7526123303747557,0.6923144211999106,-0.3324431871586783,-1.5331848795184522,-1.7134561051466937,-0.23197304819316916,-1.9087700562652667,-0.26821101984098356,1.2702505145768723,0.22308069717373016,-1.6463939465625477,0.03665819869193939,-0.9488423579024656,1.4755757662251325,0.8983200759600702,-1.478934667009564,0.6482092818795447,-1.24186615786095
-0.7909138090938226,0.8985430115856632,0.5417647852588563,-0.8668436513912272,-0.569996995285749,0.8899268403264846,-0.767260020004023,1.5903824157260098,1.951126274870612,-0.7118868670423439,0.006163787197569977,1.3012980588379153,0.18053003589041056,-0.8844775352513161,-1.3214159130151377,-2.2478655743682148,-0.6536799361527532,-0.6595027910039563,0.4067516845642312,0.8864068945031675,0.33186466660978486,0.24120469293693025,-1.382121571185043,-0.09241228478767353,0.9504156650681718,-0.7717615546967034,0.4341427714033142,-0.22304489862858293,0.18289184176764653,1.176565645111206,0.9634730168266075,0.09257066824192837,1.2195446649478003,-0.034273177328989074,-1.0297443786412095,-0.11307800001695882,1.151227949896351,-0.2544163919836558,0.8703861517127767,-1.0455228676132016,-0.3940474654252173,0.807833456187164,-0.3022162021128146,0.7695226373266704
-0.8634599288770716,0.5417647852588563,1.1103626587201063,-1.4534921990981715,-2.091337922757751,-0.2736930094235572,-1.5669642224357716,2.6140400075132426,1.4313112361354714,-1.8126687658366563,0.14437489047133922,1.2929559149947416,0.19954969948518586,-1.7331829360405218,-1.6123441361553525,-2.595073158702742,0.6880980150462599,-0.5697478003117268,-0.197966921117395,1.278108176041898,-0.71301628766682,0.8015304982008091,-1.6623074753670442,-0.11098074938149148,1.363650867915383,-0.6400308450740861,0.8387005915456979,-0.7043758734537765,-0.18522824797739643,1.4214926156627226,2.196810851819166,-0.3902955178277426,1.9500003447414582,0.28377028762683254,-1.3307067693710473,-0.820097058330846,1.1598323729503677,-0.10733105859599838,-0.24636218960804293,-1.0168633856609552,-1.4672964372950408,1.3008479404021909,-0.7976833265936495,1.7482522803722234
0.8251538303753879,-0.8668436513912272,-1.4534921990981715,2.6351724665603484,2.771805053778429,0.6860184125664583,2.267024852940173,-2.37606589883334,-1.7172372447248971,2.354250609939884,-0.09626659878858598,-1.8956774471113271,-0.5574455494086512,2.5207298628656303,2.631862198002416,3.657247708138035,-0.8402752699638869,1.0043959662675452,0.8388936068591965,-1.8713415915075846,0.5902965160973279,-1.0125466512491628,1.414334740852289,0.6232461228434797,-1.7555062105778498,0.6498922767465832,-1.029792038153915,0.7991592435738031,0.49643298542540704,-2.0323775575700567,-2.838451391356264,0.9328612334228795,-2.708989878262723,-0.367136596768913,1.7695086131627864,0.8300179688919758,-1.0749167397103423,0.8972768308476955,0.285429222890029,1.4464921021646546,1.7694794781703551,-1.092891386820624,0.771633303594078,-2.4491562090468797
1.0397323597989014,-0.569996995285749,-2.091337922757751,2.771805053778429,4.550963754381169,1.6865341767474318,3.1145923488388805,-4.400008894703896,-1.2006322123231024,3.5453529115551556,-0.5037086915137551,-1.9248865437658709,-0.33055942004805383,3.1338152091337865,2.598962315109925,3.7967225751003078,-2.5495303813379437,0.7385894226517493,0.9734252489905185,-2.0091730872204483,1.7277395157295685,-1.5321878113613971,2.4013325038268216,0.3608962481197759,-2.1103747261787533,0.633600664165929,-1.5162713945297173,1.2936998172603196,0.7094284130380483,-2.0934207660924193,-4.186506953937177,1.1903188268740639,-3.2289252232353607,-0.5859851857372216,2.2294579279432063,1.9500205434672666,-1.4657379594485045,-0.05093798175625048,1.6043844642463088,1.2276827210336376,3.092693301387568,-2.178076029034414,1.585410524401812,-3.3854251174299903
-1.0331150791008887,0.8899268403264846,-0.2736930094235572,0.6860184125664583,1.6865341767474318,2.6213587192455563,0.701418053776329,0.8886316722022012,2.7227043402199373,0.7458531196839753,-0.3534300419224867,0.7827941003086406,-0.09432902398425153,0.3505592414628453,-0.3428156472494334,-1.4625017930258295,-2.579526608887826,-0.4846053859794114,1.5638587646595283,0.3115938091421789,1.0359235079566116,-0.3134919982102706,-1.4493275585034322,0.4435683086329517,0.5261776544003203,-1.055884966366411,-0.06151353210555286,0.15154059744456327,0.8908079133615519,0.7023415086802659,-0.6685595941801622,1.134360982343414,0.23659001062887955,-0.2817493906288894,-0.34821279239486425,0.8424703658619088,1.3766204476892145,-0.027450010067974675,2.3413612159106036,-1.0372996883878034,0.9677344019427999,0.5392640168918182,0.22393946839932882,-0.6959746939876091
1.0393224447527611,-0.767260020004023,-1.5669642224357716,2.267024852940173,3.1145923488388805,0.701418053776329,2.378591801178004,-3.2696351634522607,-1.6602576276674816,2.56891765597338,-0.2251564789896332,-1.8094975104448638,-0.2969012107450354,2.4576256774731915,2.361281132500836,3.4991955683451197,-1.2473608545411947,0.8284831139684747,0.590605447294586,-1.7175872724074894,0.9487185087970331,-1.116617363917536,2.011259233400446,0.39250104197320246,-1.812851413772025,0.6618947342437526,-1.146653161533399,0.9577460252485732,0.38017583894160417,-1.8656317682202344,-3.1057618496578603,0.8046240660672104,-2.665510755401463,-0.4297637323826576,1.8413850008640185,1.139916204605778,-1.3048824805962447,0.24968674083851472,0.5444587515879089,1.3386025857372517,2.103874080967932,-1.6190856959115392,1.0830813239251047,-2.5333131440211716
-2.8657641237046327,1.5903824157260098,2.6140400075132426,-2.37606589883334,-4.400008894703896,0.8886316722022012,-3.2696351634522607,8.211336715017392,4.875403199319189,-4.141121504802055,0.4183638744963181,3.3436225542886358,0.1394718415831833,-3.756948967840458,-3.460594132586782,-6.686086473574775,0.7113966302051195,-1.289375993324817,1.0103141566183251,3.0183655959517157,-1.6120900583191173,1.8193605973589158,-5.701560686913542,0.561618873516899,3.5637917967978723,-2.3534610312194792,2.1151433341305497,-1.7342005472713466,0.21857325947099032,3.625916861850807,5.125524345075351,0.08626556395758353,4.6526536736930035,0.4650862148084722,-3.4661002861581443,-2.0865318163492503,4.11484099510462,0.7273719972056809,0.3070802092615629,-2.7309579488203255,-3.374452056747526,4.2436878733523775,-2.217805372208786,3.776419311087645
-2.638842834111609,1.951126274870612,1.4313112361354714,-1.7172372447248971,-1.2006322123231024,2.7227043402199373,-1.6602576276674816,4.875403199319189,5.731365997262244,-1.989988981146469,-0.3657199000974562,3.0390924988125665,0.31065547005217614,-2.5397162685117416,-3.2203561208755143,-6.168323783890092,-2.2813440907131413,-1.6367934995587712,1.3847337598274736,2.6112619531501156,0.13478500376973723,0.9681081385726324,-4.17781573392327,0.19921231298478867,2.9257063679224964,-2.262594987194031,1.2632603167838259,-0.973305400385608,0.7430843496919459,3.2613798823221365,2.6980355028659537,0.6224146981673931,3.5901434270065224,0.1747591755577363,-2.547009503361631,-0.054707276572793034,3.400218825775666,-0.57494643232658,2.601858334002904,-3.048217474944647,-1.0675747260885098,2.5193508711533608,-0.8610712312105965,2.0263357722001927
1.3091434688043262,-0.7118868670423439,-1.8126687658366563,2.354250609939884,3.5453529115551556,0.7458531196839753,2.56891765597338,-4.141121504802055,-1.989988981146469,3.013037224255055,-0.2423683090786008,-1.927983741107901,-0.30379819268448405,2.839567487937347,2.5053055678878606,3.979944070058334,-1.3920700800555976,0.8358597640979717,0.49290194701971035,-2.0262856827137927,1.3519720417424423,-1.3579019079331882,2.532260110606815,0.20069218496787225,-2.1545952941459148,0.8979620947623046,-1.365018438217653,1.1880933429154183,0.3853024857059801,-2.1864206536979154,-3.622666868462517,0.7402423064217699,-3.121995069489374,-0.5237112283588533,2.070013616398468,1.3971654594382523,-1.7051647637850251,0.14296375050735993,0.6718398832720511,1.5191178745702474,2.483958622757435,-2.0534806057806176,1.3180816978337146,-2.8904682705516196
0.1438153627055571,0.006163787197569977,0.14437489047133922,-0.09626659878858598,-0.5037086915137551,-0.3534300419224867,-0.2251564789896332,0.4183638744963181,-0.3657199000974562,-0.2423683090786008,0.30000770653767433,0.07925857419639726,-0.006171230313857289,0.008965539242965672,0.07953563074395989,0.17765444678933248,0.6454987955327476,0.13520697338550866,-0.02178941166621408,-0.10146579055480748,-0.06896455842715518,-0.022358973361766458,-0.12799432155527393,0.06385798836292637,-0.10810074244066939,-0.003491099006867073,0.07611379210781385,0.02434706334949697,-0.13380240305712315,-0.05143026377149516,0.24639810470152,-0.059810835712302564,-0.06604313297914428,-0.06400847161974717,-0.12048066083403063,-0.4615465468288142,0.06657062268625868,0.2913539311868184,-0.4844182747856573,0.2261271484228514,-0.3327295036568502,0.18877811928808144,-0.2178698963222549,0.16079755675933963
-1.397017655238808,1.3012980588379153,1.2929559149947416,-1.8956774471113271,-1.9248865437658709,0.7827941003086406,-1.8094975104448638,3.3436225542886358,3.0390924988125665,-1.927983741107901,0.07925857419639726,2.2302420348404164,0.35998835678371255,-2.0956289080252284,-2.481254762704163,-4.122897034288435,-0.3074928445664087,-1.0872433476664292,0.2946930112376576,1.8156386583332644,-0.09965021815714335,0.7812634518062229,-2.512125917658299,-0.1619632989507173,1.9138604374233588,-1.26808673770944,1.0019447321312434,-0.6888860911991826,0.06034797671044411,2.222700358751196,2.4429837652065407,-0.1472648856866907,2.5983950025384654,0.1422447176768604,-1.9529260077037276,-0.6320390786138245,1.991220962202632,-0.41545445905762907,0.8001689237907901,-1.7964732600358801,-1.3451492547237016,1.6715689121501176,-0.812648761943346,1.9538811703708105
-0.005486355380396656,0.18053003589041056,0.19954969948518586,-0.5574455494086512,-0.33055942004805383,-0.09432902398425153,-0.2969012107450354,0.1394718415831833,0.31065547005217614,-0.30379819268448405,-0.006171230313857289,0.35998835678371255,0.25197649074695033,-0.45566116436744597,-0.5356107822215492,-0.6898135363721101,-0.009759524015906145,-0.24046750015997195,-0.15570847192412207,0.3974501257151991,0.055325126653971504,0.12462797836338489,-0.034758156822561115,-0.12087269256027584,0.2666078363392451,-0.1842147851430544,0.12544152956950796,-0.03553293400367952,-0.14409014195414774,0.4594823256468257,0.35503910142241535,-0.17979238690494953,0.47117352606754564,-0.03987429218002329,-0.3108381533414684,-0.09979839286489955,0.19980846114750522,-0.3725232785157732,0.009632254028876241,-0.2391868764397119,-0.15649594969235556,0.04287918764607076,-0.005959511302994787,0.3719129968497802
1.410444518659408,-0.8844775352513161,-1.7331829360405218,2.5207298628656303,3.1338152091337865,0.3505592414628453,2.4576256774731915,-3.756948967840458,-2.5397162685117416,2.839567487937347,0.008965539242965672,-2.0956289080252284,-0.45566116436744597,3.0054585721677327,2.851014227397849,4.490189340112745,-0.6845499043928299,1.1097186645336499,0.46768662608071926,-2.285664989436007,1.0961637753600957,-1.3693288822171623,2.425213465482704,0.3360786315172787,-2.3371140569807896,1.0166192969205876,-1.324251586465158,1.1465186907754437,0.315671267506953,-2.4605976097240463,-3.457635908125014,0.74924110995254,-3.3405444487049643,-0.4961434861198634,2.1432493584453227,0.9987573955449033,-1.7816997468650533,0.5881656095048443,0.1278958929175306,1.835264345422959,2.1572430750873877,-1.873968905813793,1.07915504708883,-2.849915557516238
1.5129154995476215,-1.3214159130151377,-1.6123441361553525,2.631862198002416,2.598962315109925,-0.3428156472494334,2.361281132500836,-3.460594132586782,-3.2203561208755143,2.5053055678878606,0.07953563074395989,-2.481254762704163,-0.5356107822215492,2.851014227397849,3.166774443960974,4.9263340342635304,0.07355762122378615,1.3656530033056817,0.22192899048265627,-2.3309840054853965,0.43891738674879566,-1.1482771281128323,2.4873761486783597,0.45787523132208696,-2.3643485059430818,1.2169926823473558,-1.224547740500496,0.9583193823836632,0.14117848900347849,-2.6538271447595836,-3.1276131354168157,0.5880516880256598,-3.319723451459136,-0.33925552065534514,2.2550793872940695,0.6526431028909833,-1.9483294573449432,0.8656362713362723,-0.6173862833656494,2.137220966497051,1.740255821440378,-1.7210921338345122,0.8818618412033423,-2.6181041610321394
2.991626320892011,-2.2478655743682148,-2.595073158702742,3.657247708138035,3.7967225751003078,-1.4625017930258295,3.4991955683451197,-6.686086473574775,-6.168323783890092,3.979944070058334,0.17765444678933248,-4.122897034288435,-0.6898135363721101,4.490189340112745,4.9263340342635304,8.36627528904623,0.8111628144142283,2.18230221945395,-0.4443874252728291,-3.864555032931029,0.7590530936196053,-1.8616282217066549,4.993099516982853,0.2576680889377315,-4.089010269755304,2.4697232007791556,-2.068353461571521,1.6459303978890867,-0.1553473710601224,-4.506666584693181,-5.028976467873979,0.3419018680091619,-5.49533226946511,-0.5093954020328343,3.7712691086338928,1.0250759708747206,-3.9183522495131418,0.9855504156146315,-1.6042667981504495,3.7381966684238837,2.7273164356389925,-3.379407374822155,1.5761043323130273,-4.037688777295689
0.6706150196641932,-0.6536799361527532,0.6880980150462599,-0.8402752699638869,-2.5495303813379437,-2.579526608887826,-1.2473608545411947,0.7113966302051195,-2.2813440907131413,-1.3920700800555976,0.6454987955327476,-0.3074928445664087,-0.009759524015906145,-0.6845499043928299,0.07355762122378615,0.8111628144142283,3.113908307416509,0.4577062490130865,-1.2658589450481832,-0.11613365071247611,-1.2842813152496482,0.5002218430010011,0.3922473613832242,-0.23442217364380355,-0.15967538427565706,0.7241212527427646,0.37941501910038294,-0.3639997815341654,-0.8474810273737888,-0.3688794919351366,1.4580550807893424,-1.0459344750423536,0.20907607318266672,0.2751486001526345,-0.18042097722000078,-1.461410473104298,-0.7006424660568215,0.5771290443834384,-2.5728678716808218,0.8687066954565495,-1.632315800105857,0.30816439338809143,-0.730089980098283,1.2025383698419299
0.6904232225552488,-0.6595027910039563,-0.5697478003117268,1.0043959662675452,0.7385894226517493,-0.4846053859794114,0.8284831139684747,-1.289375993324817,-1.6367934995587712,0.8358597640979717,0.13520697338550866,-1.0872433476664292,-0.24046750015997195,1.1097186645336499,1.3656530033056817,2.18230221945395,0.4577062490130865,0.6722024183986595,-0.05918823722306856,-0.9903534259897759,-0.02294347023118768,-0.41317981814296606,1.0542864701171535,0.19994322485758526,-1.002697224191511,0.5857733524812082,-0.4514045282330961,0.33083515546330683,-0.048736782569271206,-1.14852656100043,-1.0817208133491774,0.15090912148463145,-1.3485851967739482,-0.07814996332301392,0.9406599030862457,0.05634373720336779,-0.8865712541726964,0.44681268681293107,-0.6044373225302965,1.0006444688245093,0.48030096780070486,-0.6634858940810463,0.24680251247172472,-0.9344735136578758
-0.5538833331360445,0.4067516845642312,-0.197966921117395,0.8388936068591965,0.9734252489905185,1.5638587646595283,0.590605447294586,1.0103141566183251,1.3847337598274736,0.49290194701971035,-0.02178941166621408,0.2946930112376576,-0.15570847192412207,0.46768662608071926,0.22192899048265627,-0.4443874252728291,-1.2658589450481832,-0.05918823722306856,1.2636864414221265,-0.038025684875897706,0.5037741543886942,-0.2552621404043236,-1.1217650639918437,0.5725212609713276,0.14620914543905375,-0.7155411142651258,-0.04776372781984006,0.14213746922627504,0.5815648384402891,0.2392937589046117,-0.4820300600587184,0.8839478430999492,-0.13159819298834086,-0.28416750674643104,-0.16834005109374964,0.18662324698798743,1.0302956625498674,0.48057294001947876,1.1247935353953336,-0.32493880731320113,0.4982331453598932,0.6078826405172385,-0.00756908163859759,-0.5717327412217946
-1.2926085396986926,0.8864068945031675,1.278108176041898,-1.8713415915075846,-2.0091730872204483,0.3115938091421789,-1.7175872724074894,3.0183655959517157,2.6112619531501156,-2.0262856827137927,-0.10146579055480748,1.8156386583332644,0.3974501257151991,-2.285664989436007,-2.3309840054853965,-3.864555032931029,-0.11613365071247611,-0.9903534259897759,-0.038025684875897706,1.9032674384283368,-0.5852306435260326,0.9828082666736943,-2.123807860358844,-0.16226961775411827,1.93681534890424,-1.0668215402230126,1.006382042858638,-0.8366088399859594,-0.07319658550117068,2.1356606426194595,2.511740495699242,-0.32322372545957345,2.6865300440321187,0.3042102295060381,-1.7355247971141097,-0.562774345483024,1.6950385973489368,-0.5890617004289083,0.45415719750145184,-1.679501106815813,-1.418494629434566,1.5030489117221402,-0.7431371496519996,2.0545980577822562
0.37039455059830995,0.33186466660978486,-0.71301628766682,0.5902965160973279,1.7277395157295685,1.0359235079566116,0.9487185087970331,-1.6120900583191173,0.13478500376973723,1.3519720417424423,-0.06896455842715518,-0.09965021815714335,0.055325126653971504,1.0961637753600957,0.43891738674879566,0.7590530936196053,-1.2842813152496482,-0.02294347023118768,0.5037741543886942,-0.5852306435260326,1.2905663512574952,-0.7401012214650937,0.7302384621596858,-0.04752204579142076,-0.7018288782892821,-0.017579559268308422,-0.5501952936325346,0.6705908846137895,0.2822882267793007,-0.42630220547169234,-1.55704943499603,0.44185187525250585,-1.048467963482354,-0.42403415459845534,0.47235539324898057,0.7393222548378874,-0.266337140809213,-0.25956308385221166,1.0302264110003199,0.1886387357843203,1.2753124841422572,-0.8232135518484076,0.6415534795961657,-1.198792676742098
-0.6605960992862252,0.24120469293693025,0.8015304982008091,-1.0125466512491628,-1.5321878113613971,-0.3134919982102706,-1.116617363917536,1.8193605973589158,0.9681081385726324,-1.3579019079331882,-0.022358973361766458,0.7812634518062229,0.12462797836338489,-1.3693288822171623,-1.1482771281128323,-1.8616282217066549,0.5002218430010011,-0.41317981814296606,-0.2552621404043236,0.9828082666736943,-0.7401012214650937,0.7013844714798331,-1.1301566545725275,-0.0989946256548145,1.060416352734452,-0.37221723614813806,0.6228406513709978,-0.6064344693694226,-0.14456110056191104,1.0009177220501135,1.6420036211110605,-0.3621245067489797,1.4922367255396622,0.2979897666344184,-0.9021782268739469,-0.5066045858887,0.7444049345411354,-0.11889629625899713,-0.24056973289528238,-0.7501779272934764,-1.086386104116925,0.9308003571779955,-0.5539976471722009,1.326348792536156
2.288054860528579,-1.382121571185043,-1.6623074753670442,1.414334740852289,2.4013325038268216,-1.4493275585034322,2.011259233400446,-5.701560686913542,-4.17781573392327,2.532260110606815,-0.12799432155527393,-2.512125917658299,-0.034758156822561115,2.425213465482704,2.4873761486783597,4.993099516982853,0.3922473613832242,1.0542864701171535,-1.1217650639918437,-2.123807860358844,0.7302384621596858,-1.1301566545725275,4.265550613755512,-0.4372517538892017,-2.5794368159225516,1.8540769705729014,-1.3979560623166312,1.1340114815419806,-0.44846395358488894,-2.635672508316252,-3.229132622455196,-0.37365221760351225,-3.2117494667531155,-0.26553534111224986,2.4355207642100787,1.0460958611224174,-3.129795446605184,-0.44237157221696627,-1.016879478873003,2.2156735669422365,1.93807195165098,-2.976768115641733,1.3991198287664062,-2.324738759560612
-0.1404531786963484,-0.09241228478767353,-0.11098074938149148,0.6232461228434797,0.3608962481197759,0.4435683086329517,0.39250104197320246,0.561618873516899,0.19921231298478867,0.20069218496787225,0.06385798836292637,-0.1619632989507173,-0.12087269256027584,0.3360786315172787,0.45787523132208696,0.2576680889377315,-0.23442217364380355,0.19994322485758526,0.5725212609713276,-0.16226961775411827,-0.04752204579142076,-0.0989946256548145,-0.4372517538892017,0.4551363007590639,-0.07017469896959017,-0.27411701846637526,-0.03990327007142953,0.036522915870643095,0.20857507634235362,-0.07267620778312021,-0.23108246148923564,0.46683374185019,-0.2261104711947801,-0.11448856619838975,0.10040409379737139,-0.10941803098267246,0.4036662380105472,0.4233310106260193,0.1517772564461163,0.11099357341000271,0.1181566685090388,0.32203022626688377,-0.07555308221753348,-0.3253848491408963
-1.5560149597774335,0.9504156650681718,1.363650867915383,-1.7555062105778498,-2.1103747261787533,0.5261776544003203,-1.812851413772025,3.5637917967978723,2.9257063679224964,-2.1545952941459148,-0.10810074244066939,1.9138604374233588,0.2666078363392451,-2.3371140569807896,-2.3643485059430818,-4.089010269755304,-0.15967538427565706,-1.002697224191511,0.14620914543905375,1.93681534890424,-0.7018288782892821,1.060416352734452,-2.5794368159225516,-0.07017469896959017,2.1083264420909384,-1.1599701697167342,1.095026824272034,-0.9575642077433073,0.0567699348473599,2.1940181533574106,2.7006756552903135,-0.2100373052811679,2.8179759468319743,0.36469350887829505,-1.8477119256172068,-0.6043868172533893,1.9256385386629158,-0.35938586876734924,0.5783094826766354,-1.8198788474033665,-1.552209572250053,1.8166978146626582,-0.8904794583866592,2.135631268828462
1.0084787220745302,-0.7717615546967034,-0.6400308450740861,0.6498922767465832,0.633600664165929,-1.055884966366411,0.6618947342437526,-2.3534610312194792,-2.262594987194031,0.8979620947623046,-0.003491099006867073,-1.26808673770944,-0.1842147851430544,1.0166192969205876,1.2169926823473558,2.4697232007791556,0.7241212527427646,0.5857733524812082,-0.7155411142651258,-1.0668215402230126,-0.017579559268308422,-0.37221723614813806,1.8540769705729014,-0.27411701846637526,-1.1599701697167342,1.0901801657299164,-0.5483848123761597,0.35759422548145675,-0.25503895139968286,-1.4032369249988224,-1.1756737843716927,-0.35750369748537264,-1.4539811926601234,0.040016749905873936,1.1072288927361016,0.30826155479919315,-1.6083746936128114,0.08155463149437894,-0.8668680481202883,1.1208205428512328,0.5528571977006527,-1.204190165066052,0.450416709750699,-0.8493023112072403
-0.7526123303747557,0.4341427714033142,0.8387005915456979,-1.029792038153915,-1.5162713945297173,-0.06151353210555286,-1.146653161533399,2.1151433341305497,1.2632603167838259,-1.365018438217653,0.07611379210781385,1.0019447321312434,0.12544152956950796,-1.324251586465158,-1.224547740500496,-2.068353461571521,0.37941501910038294,-0.4514045282330961,-0.04776372781984006,1.006382042858638,-0.5501952936325346,0.6228406513709978,-1.3979560623166312,-0.03990327007142953,1.095026824272034,-0.5483848123761597,0.6535900283128528,-0.5587845538326328,-0.0784199743420126,1.1192493419221772,1.6646743910033825,-0.2250219783625067,1.5221590648403485,0.22193973652665033,-1.0368250412425728,-0.5793003090395928,0.9814985512492209,-0.04601874804829837,-0.06706283287179432,-0.8412102917797997,-1.0891796157091158,1.063946284451407,-0.6143782907989084,1.309584015272377
0.6923144211999106,-0.22304489862858293,-0.7043758734537765,0.7991592435738031,1.2936998172603196,0.15154059744456327,0.9577460252485732,-1.7342005472713466,-0.973305400385608,1.1880933429154183,0.02434706334949697,-0.6888860911991826,-0.03553293400367952,1.1465186907754437,0.9583193823836632,1.6459303978890867,-0.3639997815341654,0.33083515546330683,0.14213746922627504,-0.8366088399859594,0.6705908846137895,-0.6064344693694226,1.1340114815419806,0.036522915870643095,-0.9575642077433073,0.35759422548145675,-0.5587845538326328,0.5724325755440028,0.053540028522042815,-0.8624539754244973,-1.4506444016177182,0.21844499518693317,-1.3074304784534951,-0.30231010370961325,0.769666316790857,0.41269709519312947,-0.704253291487487,0.036477700900860936,0.11006056496288293,0.7145644773178377,0.961240141893165,-0.8773110567757038,0.525928748854973,-1.1260880372062316
-0.3324431871586783,0.18289184176764653,-0.18522824797739643,0.49643298542540704,0.7094284130380483,0.8908079133615519,0.38017583894160417,0.21857325947099032,0.7430843496919459,0.3853024857059801,-0.13380240305712315,0.06034797671044411,-0.14409014195414774,0.315671267506953,0.14117848900347849,-0.1553473710601224,-0.8474810273737888,-0.048736782569271206,0.5815648384402891,-0.07319658550117068,0.2822882267793007,-0.14456110056191104,-0.44846395358488894,0.20857507634235362,0.0567699348473599,-0.25503895139968286,-0.0784199743420126,0.053540028522042815,0.36429232527959515,0.017620397224296345,-0.38624012576872735,0.4480034705292661,-0.13128074350464142,-0.07308208173138812,0.03630956391073979,0.3337252436186203,0.355376843955256,0.15758954094385738,0.750603342170592,-0.2271270116825386,0.3936880622595555,0.16131797164685877,0.08467853954332455,-0.3973933567663289
-1.5331848795184522,1.176565645111206,1.4214926156627226,-2.0323775575700567,-2.0934207660924193,0.7023415086802659,-1.8656317682202344,3.625916861850807,3.2613798823221365,-2.1864206536979154,-0.05143026377149516,2.222700358751196,0.4594823256468257,-2.4605976097240463,-2.6538271447595836,-4.506666584693181,-0.3688794919351366,-1.14852656100043,0.2392937589046117,2.1356606426194595,-0.42630220547169234,1.0009177220501135,-2.635672508316252,-0.07267620778312021,2.1940181533574106,-1.4032369249988224,1.1192493419221772,-0.8624539754244973,0.017620397224296345,2.5159080182934987,2.7409838071948576,-0.17029490220522692,2.9995154683524548,0.23180162305094668,-2.041923116497618,-0.6563072452721161,2.1729676000232043,-0.5987339859446658,0.7617040542603359,-1.9655646800827364,-1.4984939968276558,1.8130292489455624,-0.8457195784284836,2.2042300206607823
-1.7134561051466937,0.9634730168266075,2.196810851819166,-2.838451391356264,-4.186506953937177,-0.6685595941801622,-3.1057618496578603,5.125524345075351,2.6980355028659537,-3.622666868462517,0.24639810470152,2.4429837652065407,0.35503910142241535,-3.457635908125014,-3.1276131354168157,-5.028976467873979,1.4580550807893424,-1.0817208133491774,-0.4820300600587184,2.511740495699242,-1.55704943499603,1.6420036211110605,-3.229132622455196,-0.23108246148923564,2.7006756552903135,-1.1756737843716927,1.6646743910033825,-1.4506444016177182,-0.38624012576872735,2.7409838071948576,4.387312102662831,-0.8208370822683099,3.857890839257008,0.633518605350178,-2.566912853178599,-1.6070548877674076,2.193226044662025,-0.1928874843998458,-0.5856701540992671,-1.9765504111003502,-2.9504653613426464,2.5549734893992664,-1.588756020148992,3.485690547933588
-0.23197304819316916,0.09257066824192837,-0.3902955178277426,0.9328612334228795,1.1903188268740639,1.134360982343414,0.8046240660672104,0.08626556395758353,0.6224146981673931,0.7402423064217699,-0.059810835712302564,-0.1472648856866907,-0.17979238690494953,0.74924110995254,0.5880516880256598,0.3419018680091619,-1.0459344750423536,0.15090912148463145,0.8839478430999492,-0.32322372545957345,0.44185187525250585,-0.3621245067489797,-0.37365221760351225,0.46683374185019,-0.2100373052811679,-0.35750369748537264,-0.2250219783625067,0.21844499518693317,0.4480034705292661,-0.17029490220522692,-0.8208370822683099,0.7721996300023621,-0.5270059348209938,-0.19741682815383993,0.2813872555154799,0.34408919216354683,0.4062178734765081,0.304022785966153,0.8566491909414283,-0.015971550888390144,0.6627064783088995,0.06944068025033384,0.1650986844586599,-0.8209968721236057
-1.9087700562652667,1.2195446649478003,1.9500003447414582,-2.708989878262723,-3.2289252232353607,0.23659001062887955,-2.665510755401463,4.6526536736930035,3.5901434270065224,-3.121995069489374,-0.06604313297914428,2.5983950025384654,0.47117352606754564,-3.3405444487049643,-3.319723451459136,-5.49533226946511,0.20907607318266672,-1.3485851967739482,-0.13159819298834086,2.6865300440321187,-1.048467963482354,1.4922367255396622,-3.2117494667531155,-0.2261104711947801,2.8179759468319743,-1.4539811926601234,1.5221590648403485,-1.3074304784534951,-0.13128074350464142,2.9995154683524548,3.857890839257008,-0.5270059348209938,3.9042794084779326,0.5202716134501976,-2.531073398005328,-0.9886913011588595,2.413292868196894,-0.6434549055387743,0.405052703216945,-2.3648444059509943,-2.296944366523112,2.325340173344591,-1.2328702075461702,3.1076886728624835
-0.26821101984098356,-0.034273177328989074,0.28377028762683254,-0.367136596768913,-0.5859851857372216,-0.2817493906288894,-0.4297637323826576,0.4650862148084722,0.1747591755577363,-0.5237112283588533,-0.06400847161974717,0.1422447176768604,-0.03987429218002329,-0.4961434861198634,-0.33925552065534514,-0.5093954020328343,0.2751486001526345,-0.07814996332301392,-0.28416750674643104,0.3042102295060381,-0.42403415459845534,0.2979897666344184,-0.26553534111224986,-0.11448856619838975,0.36469350887829505,0.040016749905873936,0.22193973652665033,-0.30231010370961325,-0.07308208173138812,0.23180162305094668,0.633518605350178,-0.19741682815383993,0.5202716134501976,0.26431001025088174,-0.18531691006411194,-0.08862679170690618,0.03106904175582758,-0.08879080951247902,-0.1574320315470527,-0.26703133448202,-0.44147169587645957,0.20666805984171968,-0.20255097007226866,0.4965465412198881
1.2702505145768723,-1.0297443786412095,-1.3307067693710473,1.7695086131627864,2.2294579279432063,-0.34821279239486425,1.8413850008640185,-3.4661002861581443,-2.547009503361631,2.070013616398468,-0.12048066083403063,-1.9529260077037276,-0.3108381533414684,2.1432493584453227,2.2550793872940695,3.7712691086338928,-0.18042097722000078,0.9406599030862457,-0.16834005109374964,-1.7355247971141097,0.47235539324898057,-0.9021782268739469,2.4355207642100787,0.10040409379737139,-1.8477119256172068,1.1072288927361016,-1.0368250412425728,0.769666316790857,0.03630956391073979,-2.041923116497618,-2.566912853178599,0.2813872555154799,-2.531073398005328,-0.18531691006411194,1.8915929461441543,0.8432775941386477,-1.8674775107586734,0.1815651044653199,-0.30106372391088526,1.5433646005698394,1.556104411512834,-1.775180739005441,0.907510512355841,-2.0565673012503813
0.22308069717373016,-0.11307800001695882,-0.820097058330846,0.8300179688919758,1.9500205434672666,0.8424703658619088,1.139916204605778,-2.0865318163492503,-0.054707276572793034,1.3971654594382523,-0.4615465468288142,-0.6320390786138245,-0.09979839286489955,0.9987573955449033,0.6526431028909833,1.0250759708747206,-1.461410473104298,0.05634373720336779,0.18662324698798743,-0.562774345483024,0.7393222548378874,-0.5066045858887,1.0460958611224174,-0.10941803098267246,-0.6043868172533893,0.30826155479919315,-0.5793003090395928,0.41269709519312947,0.3337252436186203,-0.6563072452721161,-1.6070548877674076,0.34408919216354683,-0.9886913011588595,-0.08862679170690618,0.8432775941386477,1.176224447854881,-0.7014282430559713,-0.4291065539624997,1.0420858308878245,0.12774072923548577,1.3501434478548915,-1.0458216328968126,0.7660932518778824,-1.230359079893025
-1.6463939465625477,1.151227949896351,1.1598323729503677,-1.0749167397103423,-1.4657379594485045,1.3766204476892145,-1.3048824805962447,4.11484099510462,3.400218825775666,-1.7051647637850251,0.06657062268625868,1.991220962202632,0.19980846114750522,-1.7816997468650533,-1.9483294573449432,-3.9183522495131418,-0.7006424660568215,-0.8865712541726964,1.0302956625498674,1.6950385973489368,-0.266337140809213,0.7444049345411354,-3.129795446605184,0.4036662380105472,1.9256385386629158,-1.6083746936128114,0.9814985512492209,-0.704253291487487,0.355376843955256,2.1729676000232043,2.193226044662025,0.4062178734765081,2.413292868196894,0.03106904175582758,-1.8674775107586734,-0.7014282430559713,2.5429883918915186,0.11911914322844512,1.0306323185423794,-1.7181346234753647,-1.1950456289452402,2.148022694680205,-0.8954618950182233,1.5984868031286241
0.03665819869193939,-0.2544163919836558,-0.10733105859599838,0.8972768308476955,-0.05093798175625048,-0.027450010067974675,0.24968674083851472,0.7273719972056809,-0.57494643232658,0.14296375050735993,0.2913539311868184,-0.41545445905762907,-0.3725232785157732,0.5881656095048443,0.8656362713362723,0.9855504156146315,0.5771290443834384,0.44681268681293107,0.48057294001947876,-0.5890617004289083,-0.25956308385221166,-0.11889629625899713,-0.44237157221696627,0.4233310106260193,-0.35938586876734924,0.08155463149437894,-0.04601874804829837,0.036477700900860936,0.15758954094385738,-0.5987339859446658,-0.1928874843998458,0.304022785966153,-0.6434549055387743,-0.08879080951247902,0.1815651044653199,-0.4291065539624997,0.11911914322844512,1.0534726366093847,-0.46963856217187294,0.5460204630600476,-0.1496259918100682,0.4691553118507499,-0.28281870285979066,-0.3364378509718655
-0.9488423579024656,0.8703861517127767,-0.24636218960804293,0.285429222890029,1.6043844642463088,2.3413612159106036,0.5444587515879089,0.3070802092615629,2.601858334002904,0.6718398832720511,-0.4844182747856573,0.8001689237907901,0.009632254028876241,0.1278958929175306,-0.6173862833656494,-1.6042667981504495,-2.5728678716808218,-0.6044373225302965,1.1247935353953336,0.45415719750145184,1.0302264110003199,-0.24056973289528238,-1.016879478873003,0.1517772564461163,0.5783094826766354,-0.8668680481202883,-0.06706283287179432,0.11006056496288293,0.750603342170592,0.7617040542603359,-0.5856701540992671,0.8566491909414283,0.405052703216945,-0.1574320315470527,-0.30106372391088526,1.0420858308878245,1.0306323185423794,-0.46963856217187294,2.3271218222464265,-1.1511032152846148,0.9765125117419214,0.19063300051974041,0.3495553510635528,-0.5371170818326795
1.4755757662251325,-1.0455228676132016,-1.0168633856609552,1.4464921021646546,1.2276827210336376,-1.0372996883878034,1.3386025857372517,-2.7309579488203255,-3.048217474944647,1.5191178745702474,0.2261271484228514,-1.7964732600358801,-0.2391868764397119,1.835264345422959,2.137220966497051,3.7381966684238837,0.8687066954565495,1.0006444688245093,-0.32493880731320113,-1.679501106815813,0.1886387357843203,-0.7501779272934764,2.2156735669422365,0.11099357341000271,-1.8198788474033665,1.1208205428512328,-0.8412102917797997,0.7145644773178377,-0.2271270116825386,-1.9655646800827364,-1.9765504111003502,-0.015971550888390144,-2.3648444059509943,-0.26703133448202,1.5433646005698394,0.12774072923548577,-1.7181346234753647,0.5460204630600476,-1.1511032152846148,1.8130393185590616,0.9382737138334055,-1.3718066776617412,0.5742930958346038,-1.5632682923584917
0.8983200759600702,-0.3940474654252173,-1.4672964372950408,1.7694794781703551,3.092693301387568,0.9677344019427999,2.103874080967932,-3.374452056747526,-1.0675747260885098,2.483958622757435,-0.3327295036568502,-1.3451492547237016,-0.15649594969235556,2.1572430750873877,1.740255821440378,2.7273164356389925,-1.632315800105857,0.48030096780070486,0.4982331453598932,-1.418494629434566,1.2753124841422572,-1.086386104116925,1.93807195165098,0.1181566685090388,-1.552209572250053,0.5528571977006527,-1.0891796157091158,0.961240141893165,0.3936880622595555,-1.4984939968276558,-2.9504653613426464,0.6627064783088995,-2.296944366523112,-0.44147169587645957,1.556104411512834,1.3501434478548915,-1.1950456289452402,-0.1496259918100682,0.9765125117419214,0.9382737138334055,2.1696310747244167,-1.675457099463631,1.166132163398146,-2.3227793407994883
-1.478934667009564,0.807833456187164,1.3008479404021909,-1.092891386820624,-2.178076029034414,0.5392640168918182,-1.6190856959115392,4.2436878733523775,2.5193508711533608,-2.0534806057806176,0.18877811928808144,1.6715689121501176,0.04287918764607076,-1.873968905813793,-1.7210921338345122,-3.379407374822155,0.30816439338809143,-0.6634858940810463,0.6078826405172385,1.5030489117221402,-0.8232135518484076,0.9308003571779955,-2.976768115641733,0.32203022626688377,1.8166978146626582,-1.204190165066052,1.063946284451407,-0.8773110567757038,0.16131797164685877,1.8130292489455624,2.5549734893992664,0.06944068025033384,2.325340173344591,0.20666805984171968,-1.775180739005441,-1.0458216328968126,2.148022694680205,0.4691553118507499,0.19063300051974041,-1.3718066776617412,-1.675457099463631,2.23945854337545,-1.1238150542260787,1.8776992074594632
0.6482092818795447,-0.3022162021128146,-0.7976833265936495,0.771633303594078,1.585410524401812,0.22393946839932882,1.0830813239251047,-2.217805372208786,-0.8610712312105965,1.3180816978337146,-0.2178698963222549,-0.812648761943346,-0.005959511302994787,1.07915504708883,0.8818618412033423,1.5761043323130273,-0.730089980098283,0.24680251247172472,-0.00756908163859759,-0.7431371496519996,0.6415534795961657,-0.5539976471722009,1.3991198287664062,-0.07555308221753348,-0.8904794583866592,0.450416709750699,-0.6143782907989084,0.525928748854973,0.08467853954332455,-0.8457195784284836,-1.588756020148992,0.1650986844586599,-1.2328702075461702,-0.20255097007226866,0.907510512355841,0.7660932518778824,-0.8954618950182233,-0.28281870285979066,0.3495553510635528,0.5742930958346038,1.166132163398146,-1.1238150542260787,0.7080668330714668,-1.1863024385542158
-1.24186615786095,0.7695226373266704,1.7482522803722234,-2.4491562090468797,-3.3854251174299903,-0.6959746939876091,-2.5333131440211716,3.776419311087645,2.0263357722001927,-2.8904682705516196,0.16079755675933963,1.9538811703708105,0.3719129968497802,-2.849915557516238,-2.6181041610321394,-4.037688777295689,1.2025383698419299,-0.9344735136578758,-0.5717327412217946,2.0545980577822562,-1.198792676742098,1.326348792536156,-2.324738759560612,-0.3253848491408963,2.135631268828462,-0.8493023112072403,1.309584015272377,-1.1260880372062316,-0.3973933567663289,2.2042300206607823,3.485690547933588,-0.8209968721236057,3.1076886728624835,0.4965465412198881,-2.0565673012503813,-1.230359079893025,1.5984868031286241,-0.3364378509718655,-0.5371170818326795,-1.5632682923584917,-2.3227793407994883,1.8776992074594632,-1.1863024385542158,2.8432312515297062
