V1,V2,V3,V4,V5,V6,V7,V8,V9,V10,V11,V12,V13,V14,V15,V16,V17,V18,V19,V20,V21,V22,V23,V24,V25,V26,V27,V28,V29,V30,V31,V32,V33,V34,V35,V36,V37,V38,V39,V40,V41,V42,V43,V44
0.529014122157311,-0.42192632504183647,4.788078471046576e-4,1.0124469491333636,0.09593096642822467,-0.5156584292507549,-0.047012395593672894,-0.21696127871648105,-0.034368292661774755,0.3537812327007547,-0.010921651785560267,0.3288954708586238,0.6654035875406785,0.11328300347866632,0.3264992309923437,-0.2949084134726165,0.19948089649221992,0.37869906687119714,-0.2783410427946472,-0.19799477314955516,1.0404169950379292,0.23515970835086902,0.2515084476912356,-0.06138762470109837,-0.35509476086917696,0.26051270112208164,-0.3073578472931498,0.28375531803176757,0.33545500619169977,0.17544368794252185,-0.37707719785659094,-0.6124706952660915,-0.2662465278910366,-0.07677527597255425,-0.6121446351702744,0.147472114888182,-0.5115755343867122,-0.2744667582858219,0.41429330124101066,0.07713527221778205,0.17695336783669632,0.4510644116207223,-0.044976604145005816,-0.17547952820869672
-0.42192632504183647,1.5486815105671647,-0.17122598340773035,0.036596582189071164,-1.5334476443078096,0.2689336710442258,0.3582756658082537,0.13058678520342912,1.1444845462621542,-0.04713818898736212,0.3554941461646133,-0.6500621492274191,-0.8539026637560696,0.32409936631355896,0.2160794423035281,0.16921582255511403,0.36917226023194555,-2.143969382359044,0.7615549283599184,1.4939071083640956,-1.2160547402984296,-0.7527716862308396,-0.1932106620702124,0.5786673492005157,-0.43269471334035514,-0.41062271003525974,0.2534394547897437,-0.2394826828695745,0.5125929756733824,-0.17367696082521109,0.5213633976409952,0.7583230687797102,0.5309574990101928,0.20590617573841374,0.6891978404816909,-1.018308999643603,0.4014916903287792,0.6118944608700957,-1.1906708238839232,-0.09813855880735367,-1.3073075253621045,-1.1958943518504797,-0.016870061732178022,0.36716582969810024
4.788078471046576e-4,-0.17122598340773035,0.43498216115661137,-0.5336434738534157,0.3218284191425297,0.5144009674176632,-0.09514159569863842,0.06374399582711739,-0.4115771876703354,-0.4560957798414246,0.0016456975323069238,0.10501896916045775,-0.14046226263164394,0.03647828981987147,-0.32704216014622134,0.20805256509395317,-0.4488001541132415,0.46665777141155473,-0.19726872199565895,-0.37598200057290987,-0.1166278639407631,0.11141509049229796,0.1936836699812518,-0.15334311132946007,0.4181452397216111,0.166540608214012,0.19955610502646454,0.005236041219137044,-0.1771166807255614,-0.19554258324314372,0.29616062770735546,0.12548820609826003,0.07247282848234823,0.0717049704158442,0.40211496112766526,0.15101050111342437,0.17547845673262422,0.07868870163229623,0.35509100755469053,0.03855219897206355,0.16219877694850035,-0.3666077527340972,0.14916234392284536,-0.2634997782640236
1.0124469491333636,0.036596582189071164,-0.5336434738534157,4.125575794995787,-1.7285439285813207,-1.5359493346208426,0.5040289903633216,-1.064523933735163,1.2843020481852685,1.7219453808525556,0.07172315789979505,0.5791409801859198,1.4049479795603084,0.5450563789807941,2.160866806866818,-1.158141680512443,0.9038572789658473,-1.0415077413259848,0.15507189463892582,0.38827378263200946,2.3902368875767523,0.07816157103719251,0.8149650658123546,0.9304738332501391,-1.899864564384112,0.26849629310885864,-0.7971223940292097,1.2609856306825333,1.4887593553967526,1.0377468813310131,-0.929254185556003,-1.8173832578644935,-0.8304802430928302,0.10877270251038636,-1.15224194131109,-0.9455146943743764,-0.8464779890025418,-0.3459168772074741,-0.20090691092016133,0.043908205302553176,-0.9525932668579306,0.6759543120886167,-0.2009176759216552,-0.22113600430940183
0.09593096642822467,-1.5334476443078096,0.3218284191425297,-1.7285439285813207,2.7697956533469488,0.18068576978816203,-0.7148451557894998,0.5667770861908803,-1.4608934113777503,-0.9249644437312182,-0.418613827757054,0.2278876138734634,0.5391608428734144,-0.7162287970075117,-1.4702619644763464,0.3375293463510515,-0.3638786853453849,2.5096207332518596,-0.929464485249253,-1.4206380584045437,0.29117426343596997,0.461865825990011,-0.41790712292383975,-1.1378118046645285,1.2864560739225657,0.5011983046887185,0.07301337350563057,-0.42831642290759,-1.0307462427515952,-0.12129200360749819,-0.09724639030376364,0.054660294628657846,0.012772446252869222,-0.3341723351663167,-0.5913272401007725,1.9426213876345952,-0.31826090467073176,-0.3840540149332513,1.3098893895367796,-0.06654664850702358,1.8220794382267929,1.1617796760799761,0.3056687298412751,-0.18772574291862384
-0.5156584292507549,0.2689336710442258,0.5144009674176632,-1.5359493346208426,0.18068576978816203,1.5819178087048489,0.06339861689924917,0.22456772342906978,-0.40310285090250714,-0.7970582780284734,0.12127320147301712,-0.1859213695390573,-0.7855123286763729,-0.07902918842088849,-0.5465121588342856,0.6106948246778696,-1.026075426450971,0.21312573971068494,0.03964248511617993,-0.47127229967615825,-0.8575866288030173,-0.24948876261732672,0.3837124001136143,0.025182091642097837,1.1148228147661938,-0.0313943126383149,0.46818301354329006,-0.3058465616867025,-0.6040507613147464,-0.36912630214848313,0.9655184237746219,0.41199502067803,0.24546107102786457,0.3693006425953237,1.2668958574489755,-0.16345337891195522,1.0785834489680173,0.45431076609887255,0.21423544952829673,-0.05004071398443586,0.016602213900075827,-1.1709213248355548,0.1293167938342501,-0.22763629279663378
-0.047012395593672894,0.3582756658082537,-0.09514159569863842,0.5040289903633216,-0.7148451557894998,0.06339861689924917,0.2615977962962442,-0.2484904906784849,0.3430037732410943,0.22779437619981777,0.057103431869437365,0.011824233875921993,-0.09451587301269068,0.1530284754918329,0.45625163359186777,-0.11561372916732991,-0.06057210156103803,-0.5698462119412822,0.23516994090597837,0.19840894574700843,0.04442989680746095,-0.10073034212393374,0.19747773362434926,0.2963331072363435,-0.2106233621923617,-0.1218086326852582,9.814592570284476e-4,0.11874206351320897,0.1642720269898182,0.12259281596647793,0.08341415512097321,-0.15397837947601561,-0.0785369465875844,0.17604947072930927,0.25092427747598184,-0.5275309973625607,0.1735291216382649,0.1222322465150192,-0.19097704602925503,0.014746847450157335,-0.4272910718898141,-0.2797418168586073,-0.07775559359335887,-0.01652427422360756
-0.21696127871648105,0.13058678520342912,0.06374399582711739,-1.064523933735163,0.5667770861908803,0.22456772342906978,-0.2484904906784849,0.60488380571564,-0.09250269904634803,-0.32696333204489536,0.12955589468032336,-0.37485516216737147,-0.348113077209854,-0.2116290808430639,-0.7064238657428716,0.3509576965228173,0.130974367092743,0.11897416556646757,-0.010531104362161198,0.2475740007132358,-0.7410259550355854,-0.2174785671928236,-0.3668083750666546,-0.20920928615717554,0.33313795582232736,-0.12448875891754589,0.09390529014597214,-0.3934289526374446,-0.24424790579546077,-0.3587927558412899,0.21383552789893634,0.42982632029561285,0.4175871210334687,-0.15723791735241105,0.00803989177012287,0.3861931017931262,0.12739091550659612,0.14790926042828914,-0.12716771953461922,-0.1055987556418687,0.26782749718595766,-0.27920224041815744,0.028400499334706147,0.2290243294999741
-0.034368292661774755,1.1444845462621542,-0.4115771876703354,1.2843020481852685,-1.4608934113777503,-0.40310285090250714,0.3430037732410943,-0.09250269904634803,1.3865434840434205,0.5297581727070975,0.29763928602302836,-0.3910856562841981,-0.10562145448997895,0.30208816520664145,0.7532098786345585,-0.23903026830666382,0.7938131654842705,-1.9169099315815425,0.6143812518092023,1.2933826383925076,-0.13313685085312357,-0.6920649611838969,-0.025901588007896652,0.7524343487908678,-0.959672656812961,-0.22310384864414814,-0.10840936170644726,0.21493064252520283,0.8467359383204041,0.31581405639756455,0.05802975443443168,0.010690514930674808,0.1706519490839804,0.12595027026866748,-0.04824042219474388,-0.8710609981502591,0.007985652061223137,0.3058326787970505,-1.060119976296041,-0.1729891725162041,-1.2096813647893532,-0.5078270467396241,-0.04566905557760313,0.31055636794450014
0.3537812327007547,-0.04713818898736212,-0.4560957798414246,1.7219453808525556,-0.9249644437312182,-0.7970582780284734,0.22779437619981777,-0.32696333204489536,0.5297581727070975,1.4301654076344763,0.2664978850394375,0.2854113296001914,0.5424006189713075,0.1854315989059041,1.2701261537774333,-0.556144606034661,0.4209111014083809,-0.13239000761661418,0.17982676459914906,0.0767028641622691,1.0441611405406508,0.10877690298441049,0.41639082961939616,0.6052440671579525,-1.0584142550762645,-0.34801834817787797,-0.6382367656506076,0.5839194141278933,0.46341464287515993,0.3345805719509573,-0.6626045398877645,-1.1252084179475021,-0.4786893478108485,-0.060983030631895446,-0.6822481245355067,-0.7026499810932788,-0.1666536020090928,-0.34750421179941365,-0.18215538212198312,0.053057442679239175,-0.23236619901620614,0.18284124777045985,-0.5070156407111066,0.07804745951755704
-0.010921651785560267,0.3554941461646133,0.0016456975323069238,0.07172315789979505,-0.418613827757054,0.12127320147301712,0.057103431869437365,0.12955589468032336,0.29763928602302836,0.2664978850394375,0.3539218410261273,-0.029389345974523976,-0.09819836043295399,0.15571000632742152,0.23541374223284836,0.03161620511039553,0.07306878818202515,-0.22334098491511314,0.13719810523678666,0.25337743236504057,0.004755127078415762,-0.24498146365511198,0.16836905975392621,0.2867620966911821,-0.22437929313204472,-0.26753321202778213,-0.11801250951202495,0.040397724383028244,0.12595003858904016,-0.06969656453014851,0.10368682294824438,-0.0585504559784565,0.07381147041316218,0.04653961483489271,0.08526824220138121,-0.40073236734750406,0.1929481226802908,0.012415131902513801,-0.14787738382415155,-0.029965601894959795,-0.2620422178451552,-0.5662508776883589,-0.2017446061044802,0.04253544653742115
0.3288954708586238,-0.6500621492274191,0.10501896916045775,0.5791409801859198,0.2278876138734634,-0.1859213695390573,0.011824233875921993,-0.37485516216737147,-0.3910856562841981,0.2854113296001914,-0.029389345974523976,0.6577886816805578,0.6006795217561768,0.08879912969186912,0.43174567926891877,-0.29377933253801125,-0.27590359039640283,1.0043934757624875,-0.32587257007248605,-0.8331930706318559,1.1470064753440032,0.3649254838621485,0.4016669423656632,-0.03524395981630529,-0.07646206987046675,0.07149429616156094,-0.21028010886264065,0.3837863117167919,-0.13213825162124038,0.31998802611417704,-0.27743483440109984,-0.6380433743024826,-0.47531911246815667,0.06334459493105975,-0.21359506052963223,0.03418435383184591,-0.17954807327572442,-0.44118753356008367,0.751766318060316,0.07791656916068404,0.37782783827495486,0.40448250367555877,-0.1329549979145711,-0.35985864157267644
0.6654035875406785,-0.8539026637560696,-0.14046226263164394,1.4049479795603084,0.5391608428734144,-0.7855123286763729,-0.09451587301269068,-0.348113077209854,-0.10562145448997895,0.5424006189713075,-0.09819836043295399,0.6006795217561768,1.246507723684779,-0.030143502011878473,0.5609662531271028,-0.5330680949469858,0.2542058310067173,1.00814080340346,-0.4659513407753605,-0.6775633419057395,1.6969155627508419,0.3015663418548019,0.29017088795785834,-0.0833419408771154,-0.41624354096300353,0.32709583999369124,-0.47726927951291986,0.4936633553926915,0.22871615980918913,0.5940358345450775,-0.6600435993788271,-1.0132384948345146,-0.553314075415421,-0.1252343417408313,-1.040711841032955,0.4985436044332672,-0.6880725904800031,-0.5258382419213932,0.7273156878404108,0.02901354704033878,0.47543855418929726,1.0163084449398714,-0.03418290720667352,-0.28600591342803794
0.11328300347866632,0.32409936631355896,0.03647828981987147,0.5450563789807941,-0.7162287970075117,-0.07902918842088849,0.1530284754918329,-0.2116290808430639,0.30208816520664145,0.1854315989059041,0.15571000632742152,0.08879912969186912,-0.030143502011878473,0.31209163507723064,0.39954659695217726,-0.11028140898260888,0.07309174994348329,-0.5211395794567026,0.1340192805020995,0.30956517404084283,0.1652477762165729,-0.06325709269441523,0.20418512315569068,0.2583262208179925,-0.3880415425379932,-0.05455033717003849,-0.03482084902757328,0.17353635825255595,0.35454287759214126,0.022773374068791017,0.0025484319841887313,0.01678024902525741,-0.04633892754925921,0.0877896412557037,0.12859864850061756,-0.5182428068702868,-0.04479688847900412,-0.0012248100441450535,-0.19038529757423203,0.06108963947666801,-0.48761901396346047,-0.3172603020776257,-0.0763940024741229,-0.05806410907713598
0.3264992309923437,0.2160794423035281,-0.32704216014622134,2.160866806866818,-1.4702619644763464,-0.5465121588342856,0.45625163359186777,-0.7064238657428716,0.7532098786345585,1.2701261537774333,0.23541374223284836,0.43174567926891877,0.5609662531271028,0.39954659695217726,1.6583463664640965,-0.6666526650974398,0.18003505683485266,-0.5423661883342181,0.2926068339989371,0.04804859946018263,1.1412653851619046,0.016564162230284698,0.6785657212877899,0.8539419870541862,-1.135637457790054,-0.2536518146582051,-0.46113101157860453,0.8264140738127274,0.6423987919075801,0.5991126638912322,-0.4735855176048346,-1.0648335106237505,-0.6031461459114738,0.16706602349349717,-0.255405258269647,-1.059555417085596,-0.02499524807076066,-0.21382997137765256,-0.2578506332020538,0.07279668294430912,-0.7447509131053918,-0.08931999311777944,-0.35188837875016543,-0.15908736646031438
-0.2949084134726165,0.16921582255511403,0.20805256509395317,-1.158141680512443,0.3375293463510515,0.6106948246778696,-0.11561372916732991,0.3509576965228173,-0.23903026830666382,-0.556144606034661,0.03161620511039553,-0.29377933253801125,-0.5330680949469858,-0.11028140898260888,-0.6666526650974398,0.422910760583485,-0.25946287185513356,-0.0011117027029951686,0.00978319585345846,0.06220312290458314,-0.781752675300759,-0.14412948158029817,-0.1426052993517113,-0.1910193661518921,0.5832772497605444,-0.006937087979171621,0.2656260826340721,-0.3895609936486675,-0.30234918279913153,-0.3820498717095874,0.4350106149300475,0.5520752425817492,0.3301240539997956,0.030998225184350543,0.4621166046232009,0.15493716219976403,0.35395022061638676,0.2359161203317728,-0.05107556256100334,-0.03532530282229005,0.11523711741943937,-0.43927012720852826,0.09757900244587449,0.07567347889672976
0.19948089649221992,0.36917226023194555,-0.4488001541132415,0.9038572789658473,-0.3638786853453849,-1.026075426450971,-0.06057210156103803,0.130974367092743,0.7938131654842705,0.4209111014083809,0.07306878818202515,-0.27590359039640283,0.2542058310067173,0.07309174994348329,0.18003505683485266,-0.25946287185513356,1.100786672969151,-0.9697429642700286,0.20170481946038998,1.0021454086782364,0.11820520632714121,-0.2967849207850456,-0.46506902701055314,0.16537973243883378,-0.881260529721618,-0.0218045618824924,-0.24890256889372106,0.056683455835931276,0.6608874785407692,0.19386260515698103,-0.42230317662451883,0.10770502487734764,0.1489718567932987,-0.24923371604974362,-0.8069610856215582,-0.004453383554104476,-0.6301267655567774,-0.08822825440611845,-0.6954136611465971,-0.12485370686404915,-0.4104884101640718,0.46575684971259457,-0.013507842752699327,0.404419081045906
0.37869906687119714,-2.143969382359044,0.46665777141155473,-1.0415077413259848,2.5096207332518596,0.21312573971068494,-0.5698462119412822,0.11897416556646757,-1.9169099315815425,-0.13239000761661418,-0.22334098491511314,1.0043934757624875,1.00814080340346,-0.5211395794567026,-0.5423661883342181,-0.0011117027029951686,-0.9697429642700286,3.721468393638818,-1.1393175023500097,-2.459464919751517,1.4086773976116604,0.9670904968891089,0.3411569889737995,-0.8807330997921538,1.0531261349369279,0.2345402172563208,-0.28296635627052125,0.13989170031039608,-1.240218195179453,0.05722210060181375,-0.44186773618668956,-0.9566677978100723,-0.6161053730088568,-0.23563106346944263,-0.5972296857750102,1.477427639788028,-0.15830453314193302,-0.8472729148811705,2.0471128745322598,0.12966631646148252,2.1260210680729124,1.0601243566097993,-0.12428843607608019,-0.6221886540445802
-0.2783410427946472,0.7615549283599184,-0.19726872199565895,0.15507189463892582,-0.929464485249253,0.03964248511617993,0.23516994090597837,-0.010531104362161198,0.6143812518092023,0.17982676459914906,0.13719810523678666,-0.32587257007248605,-0.4659513407753605,0.1340192805020995,0.2926068339989371,0.00978319585345846,0.20170481946038998,-1.1393175023500097,0.4748306833735411,0.7247796411618223,-0.6466825346371664,-0.322365257731851,-0.10363922783231955,0.39390618515757564,-0.33648465688801105,-0.29633714604649963,0.08870099366101844,-0.033084320348934715,0.23923939053731957,-0.02851467345038049,0.1578971321767122,0.27945465531705754,0.18052973472758838,0.09510364892417791,0.33764307594852744,-0.6352817873686326,0.26196186283004197,0.2818516779911107,-0.7348919896064933,-0.0468591903302514,-0.6914943718978973,-0.5086066779390471,-0.06847445117583166,0.23566383386768477
-0.19799477314955516,1.4939071083640956,-0.37598200057290987,0.38827378263200946,-1.4206380584045437,-0.47127229967615825,0.19840894574700843,0.2475740007132358,1.2933826383925076,0.0767028641622691,0.25337743236504057,-0.8331930706318559,-0.6775633419057395,0.30956517404084283,0.04804859946018263,0.06220312290458314,1.0021454086782364,-2.459464919751517,0.7247796411618223,2.019994611797255,-1.2286565437296766,-0.6694672068962257,-0.5939243002077086,0.3799513766067148,-0.8365369134159714,-0.26761907296644155,0.11177696121427824,-0.3332058929332763,0.8710654597633215,-0.26504429951307307,0.12486686442703243,0.9063627357754138,0.6478760911945429,-0.0804584680225166,0.0299956873956401,-0.7196063827419978,-0.21401930393896162,0.5210350715548449,-1.4742015554064347,-0.06588622264271334,-1.2815856624944477,-0.6394613864840992,0.02640028917364101,0.6139763748608484
1.0404169950379292,-1.2160547402984296,-0.1166278639407631,2.3902368875767523,0.29117426343596997,-0.8575866288030173,0.04442989680746095,-0.7410259550355854,-0.13313685085312357,1.0441611405406508,0.004755127078415762,1.1470064753440032,1.6969155627508419,0.1652477762165729,1.1412653851619046,-0.781752675300759,0.11820520632714121,1.4086773976116604,-0.6466825346371664,-1.2286565437296766,3.1374922862665433,0.4130831393266028,0.9590951595639913,0.14959520079937663,-0.5868710534110991,0.43224873360836913,-0.7800852715032887,0.9099978960930136,0.3410216299668576,0.9084216216751275,-0.7038683174448871,-1.8899583838559264,-1.0089601456423887,0.1284844360836199,-1.1282654247314925,0.08210612059926739,-0.6455505534933547,-0.8906424511725195,1.3454398469142816,-0.0028106173015939773,0.5965283982337749,1.1508153428300156,-0.27314728647352665,-0.5567907359895056
0.23515970835086902,-0.7527716862308396,0.11141509049229796,0.07816157103719251,0.461865825990011,-0.24948876261732672,-0.10073034212393374,-0.2174785671928236,-0.6920649611838969,0.10877690298441049,-0.24498146365511198,0.3649254838621485,0.3015663418548019,-0.06325709269441523,0.016564162230284698,-0.14412948158029817,-0.2967849207850456,0.9670904968891089,-0.322365257731851,-0.6694672068962257,0.4130831393266028,0.6353022013654959,0.07594172765460025,-0.3485809609481481,0.09744793879757957,0.14127042157490877,-0.09983709208735604,0.11258870829080844,-0.21775916528887782,-0.07693624954492823,-0.39311176352047117,-0.3391110931547269,-0.2902111706456044,-0.14028260560581965,-0.26475701001311847,0.32897358378400776,-0.31038511226213905,-0.28032227840079343,0.5476300621164119,0.20689018891331418,0.5757819151193463,0.5736727198456373,-0.047654432616241284,-0.20021883646306218
0.2515084476912356,-0.1932106620702124,0.1936836699812518,0.8149650658123546,-0.41790712292383975,0.3837124001136143,0.19747773362434926,-0.3668083750666546,-0.025901588007896652,0.41639082961939616,0.16836905975392621,0.4016669423656632,0.29017088795785834,0.20418512315569068,0.6785657212877899,-0.1426052993517113,-0.46506902701055314,0.3411569889737995,-0.10363922783231955,-0.5939243002077086,0.9590951595639913,0.07594172765460025,0.8455176034587867,0.37717621717927596,-0.04562391227224298,0.08938578634009998,-0.19045867392475452,0.4666317540431182,0.12005021385612721,0.1906729463264037,0.108240960446168,-0.8358088985185902,-0.39777460156686256,0.2756367157182122,0.22124105891135054,-0.4937061321150145,0.3411961213593543,-0.0941897776694455,0.43990540786943755,0.04140609277083517,-0.08758070630569247,-0.38214310696008325,-0.14981289346221505,-0.3806569130733676
-0.06138762470109837,0.5786673492005157,-0.15334311132946007,0.9304738332501391,-1.1378118046645285,0.025182091642097837,0.2963331072363435,-0.20920928615717554,0.7524343487908678,0.6052440671579525,0.2867620966911821,-0.03524395981630529,-0.0833419408771154,0.2583262208179925,0.8539419870541862,-0.1910193661518921,0.16537973243883378,-0.8807330997921538,0.39390618515757564,0.3799513766067148,0.14959520079937663,-0.3485809609481481,0.37717621717927596,0.7464626825461602,-0.6246920197590463,-0.24861015260849212,-0.1291142451988914,0.4338977685221387,0.4363795124593233,0.2686259979659788,0.06470533433886357,-0.32012313681234256,-0.12585384251657258,0.1852873566142633,0.22047076785699204,-0.8691026979446524,0.35521429090973156,0.10135616076461458,-0.5749107300484392,-0.08980559383112073,-0.782195658596858,-0.5802082133119661,-0.15555900119426636,0.02660174511262943
-0.35509476086917696,-0.43269471334035514,0.4181452397216111,-1.899864564384112,1.2864560739225657,1.1148228147661938,-0.2106233621923617,0.33313795582232736,-0.959672656812961,-1.0584142550762645,-0.22437929313204472,-0.07646206987046675,-0.41624354096300353,-0.3880415425379932,-1.135637457790054,0.5832772497605444,-0.881260529721618,1.0531261349369279,-0.33648465688801105,-0.8365369134159714,-0.5868710534110991,0.09744793879757957,-0.04562391227224298,-0.6246920197590463,1.4350334132759388,0.2114080470258209,0.4211628391690167,-0.577077475937679,-0.926688716057299,-0.36733586952931224,0.6401732851365906,0.43021213730252417,0.21285422280870098,0.13807698415701272,0.6715935743570726,0.7240757313249466,0.5369427355989482,0.19232365375469432,0.7356022284794714,-0.02585223705241217,0.8287316120869669,-0.14937100132710968,0.2272144775661935,-0.1709133824092566
0.26051270112208164,-0.41062271003525974,0.166540608214012,0.26849629310885864,0.5011983046887185,-0.0313943126383149,-0.1218086326852582,-0.12448875891754589,-0.22310384864414814,-0.34801834817787797,-0.26753321202778213,0.07149429616156094,0.32709583999369124,-0.05455033717003849,-0.2536518146582051,-0.006937087979171621,-0.0218045618824924,0.2345402172563208,-0.29633714604649963,-0.26761907296644155,0.43224873360836913,0.14127042157490877,0.08938578634009998,-0.24861015260849212,0.2114080470258209,0.5566278145695152,0.05683250433982674,0.08297009038750734,0.1508139762791313,0.09760391818189833,-0.004741288709825973,-0.09362566307099784,-0.08250152744407523,-0.004367985653133519,-0.19650739248306573,0.4801301021308303,-0.2753405347619422,-0.009811391379946105,0.29391605301887735,0.003575691088788794,0.19989856060135558,0.4600534104181529,0.3067519853580249,-0.1842682077595041
-0.3073578472931498,0.2534394547897437,0.19955610502646454,-0.7971223940292097,0.07301337350563057,0.46818301354329006,9.814592570284476e-4,0.09390529014597214,-0.10840936170644726,-0.6382367656506076,-0.11801250951202495,-0.21028010886264065,-0.47726927951291986,-0.03482084902757328,-0.46113101157860453,0.2656260826340721,-0.24890256889372106,-0.28296635627052125,0.08870099366101844,0.11177696121427824,-0.7800852715032887,-0.09983709208735604,-0.19045867392475452,-0.1291142451988914,0.4211628391690167,0.05683250433982674,0.38450868728106263,-0.23249955057539962,-0.18952150114539237,-0.1657279256342922,0.39191764756928615,0.6202551474225905,0.25615192271073883,0.0876554625116761,0.5694027510797627,0.0644767735484573,0.24177426769240137,0.2802080030416626,-0.1551721868794936,-0.02516762925003738,-0.14017822790518097,-0.30605024822382504,0.23560618383234125,-0.00603339154365729
0.28375531803176757,-0.2394826828695745,0.005236041219137044,1.2609856306825333,-0.42831642290759,-0.3058465616867025,0.11874206351320897,-0.3934289526374446,0.21493064252520283,0.5839194141278933,0.040397724383028244,0.3837863117167919,0.4936633553926915,0.17353635825255595,0.8264140738127274,-0.3895609936486675,0.056683455835931276,0.13989170031039608,-0.033084320348934715,-0.3332058929332763,0.9099978960930136,0.11258870829080844,0.4666317540431182,0.4338977685221387,-0.577077475937679,0.08297009038750734,-0.23249955057539962,0.701593949969798,0.34721909220977065,0.44578805728290966,-0.2804837129710126,-0.7370030996694082,-0.42061861774726306,0.06180409928072721,-0.20253423415494745,-0.3117544894908413,-0.0684421397517455,-0.21648125093693607,0.05892347891262565,-0.016405258890174752,-0.21817992781722126,0.12657668271674785,-0.038497311080937575,-0.2539153344603515
0.33545500619169977,0.5125929756733824,-0.1771166807255614,1.4887593553967526,-1.0307462427515952,-0.6040507613147464,0.1642720269898182,-0.24424790579546077,0.8467359383204041,0.46341464287515993,0.12595003858904016,-0.13213825162124038,0.22871615980918913,0.35454287759214126,0.6423987919075801,-0.30234918279913153,0.6608874785407692,-1.240218195179453,0.23923939053731957,0.8710654597633215,0.3410216299668576,-0.21775916528887782,0.12005021385612721,0.4363795124593233,-0.926688716057299,0.1508139762791313,-0.18952150114539237,0.34721909220977065,0.9453269095318718,0.18030854055075426,-0.23010638648223475,-0.15014152130085873,-0.015427243205773334,-0.022852963877934316,-0.3661283663563532,-0.5046680762137676,-0.40036245896836076,0.08464343982974508,-0.6466912717394514,0.009560089387429097,-0.8432211156824382,-0.06789128445489429,0.03837185622677765,0.0881534258429278
0.17544368794252185,-0.17367696082521109,-0.19554258324314372,1.0377468813310131,-0.12129200360749819,-0.36912630214848313,0.12259281596647793,-0.3587927558412899,0.31581405639756455,0.3345805719509573,-0.06969656453014851,0.31998802611417704,0.5940358345450775,0.022773374068791017,0.5991126638912322,-0.3820498717095874,0.19386260515698103,0.05722210060181375,-0.02851467345038049,-0.26504429951307307,0.9084216216751275,-0.07693624954492823,0.1906729463264037,0.2686259979659788,-0.36733586952931224,0.09760391818189833,-0.1657279256342922,0.44578805728290966,0.18030854055075426,0.6467952224696537,-0.21897013675730811,-0.5214036686903373,-0.36421665967111166,0.10035354119919704,-0.30328414378566565,-0.04500265324375171,-0.14547286718412916,-0.21390448201630136,0.11661552933925502,-0.11464574023884108,-0.12226990344252843,0.4713862467547396,0.03707448813172687,-0.14135398764652796
-0.37707719785659094,0.5213633976409952,0.29616062770735546,-0.929254185556003,-0.09724639030376364,0.9655184237746219,0.08341415512097321,0.21383552789893634,0.05802975443443168,-0.6626045398877645,0.10368682294824438,-0.27743483440109984,-0.6600435993788271,0.0025484319841887313,-0.4735855176048346,0.4350106149300475,-0.42230317662451883,-0.44186773618668956,0.1578971321767122,0.12486686442703243,-0.7038683174448871,-0.39311176352047117,0.108240960446168,0.06470533433886357,0.6401732851365906,-0.004741288709825973,0.39191764756928615,-0.2804837129710126,-0.23010638648223475,-0.21897013675730811,0.8020213134105476,0.46464813114268116,0.3466802263836486,0.3035679819795215,0.9130077956324423,-0.21782712042071414,0.6652042343846888,0.426320510576478,-0.05850979632480122,-0.13149296261486249,-0.24420038185226342,-0.8880766211096158,0.1619249442294057,-0.043976319382875516
-0.6124706952660915,0.7583230687797102,0.12548820609826003,-1.8173832578644935,0.054660294628657846,0.41199502067803,-0.15397837947601561,0.42982632029561285,0.010690514930674808,-1.1252084179475021,-0.0585504559784565,-0.6380433743024826,-1.0132384948345146,0.01678024902525741,-1.0648335106237505,0.5520752425817492,0.10770502487734764,-0.9566677978100723,0.27945465531705754,0.9063627357754138,-1.8899583838559264,-0.3391110931547269,-0.8358088985185902,-0.32012313681234256,0.43021213730252417,-0.09362566307099784,0.6202551474225905,-0.7370030996694082,-0.15014152130085873,-0.5214036686903373,0.46464813114268116,1.8456790613022636,0.6890669655416726,-0.10735573453794005,0.6560720259505922,0.1450328236094524,0.10643748387067348,0.3796098142530957,-0.8317563789531316,-0.005278077065168499,-0.4370913085153291,-0.4078481222662712,0.30534912010090426,0.3569292491802149
-0.2662465278910366,0.5309574990101928,0.07247282848234823,-0.8304802430928302,0.012772446252869222,0.24546107102786457,-0.0785369465875844,0.4175871210334687,0.1706519490839804,-0.4786893478108485,0.07381147041316218,-0.47531911246815667,-0.553314075415421,-0.04633892754925921,-0.6031461459114738,0.3301240539997956,0.1489718567932987,-0.6161053730088568,0.18052973472758838,0.6478760911945429,-1.0089601456423887,-0.2902111706456044,-0.39777460156686256,-0.12585384251657258,0.21285422280870098,-0.08250152744407523,0.25615192271073883,-0.42061861774726306,-0.015427243205773334,-0.36421665967111166,0.3466802263836486,0.6890669655416726,0.5064969907150827,-0.04799769511213202,0.2854932068814844,0.07675555994774304,0.10560790037555953,0.3489442198573214,-0.39957510592874995,-0.06450336487164177,-0.1934674897604938,-0.473136028002486,0.1311393448887813,0.2346397444039499
-0.07677527597255425,0.20590617573841374,0.0717049704158442,0.10877270251038636,-0.3341723351663167,0.3693006425953237,0.17604947072930927,-0.15723791735241105,0.12595027026866748,-0.060983030631895446,0.04653961483489271,0.06334459493105975,-0.1252343417408313,0.0877896412557037,0.16706602349349717,0.030998225184350543,-0.24923371604974362,-0.23563106346944263,0.09510364892417791,-0.0804584680225166,0.1284844360836199,-0.14028260560581965,0.2756367157182122,0.1852873566142633,0.13807698415701272,-0.004367985653133519,0.0876554625116761,0.06180409928072721,-0.022852963877934316,0.10035354119919704,0.3035679819795215,-0.10735573453794005,-0.04799769511213202,0.2513108299892817,0.4149850006269928,-0.34451729230255707,0.3204296464931313,0.11271881940144256,0.07950460969391486,-0.04758839666230397,-0.21467756176066605,-0.3398392959936186,-3.9376184084931835e-4,-0.11507090217633618
-0.6121446351702744,0.6891978404816909,0.40211496112766526,-1.15224194131109,-0.5913272401007725,1.2668958574489755,0.25092427747598184,0.00803989177012287,-0.04824042219474388,-0.6822481245355067,0.08526824220138121,-0.21359506052963223,-1.040711841032955,0.12859864850061756,-0.255405258269647,0.4621166046232009,-0.8069610856215582,-0.5972296857750102,0.33764307594852744,0.0299956873956401,-1.1282654247314925,-0.26475701001311847,0.22124105891135054,0.22047076785699204,0.6715935743570726,-0.19650739248306573,0.5694027510797627,-0.20253423415494745,-0.3661283663563532,-0.30328414378566565,0.9130077956324423,0.6560720259505922,0.2854932068814844,0.4149850006269928,1.469447441884968,-0.6603769224457072,0.9800719755106175,0.5115063718428394,-0.2212214585107374,-0.03388877371774918,-0.5026765743822307,-1.2449890815603255,0.11346838103765021,-0.12568277145150086
0.147472114888182,-1.018308999643603,0.15101050111342437,-0.9455146943743764,1.9426213876345952,-0.16345337891195522,-0.5275309973625607,0.3861931017931262,-0.8710609981502591,-0.7026499810932788,-0.40073236734750406,0.03418435383184591,0.4985436044332672,-0.5182428068702868,-1.059555417085596,0.15493716219976403,-0.004453383554104476,1.477427639788028,-0.6352817873686326,-0.7196063827419978,0.08210612059926739,0.32897358378400776,-0.4937061321150145,-0.8691026979446524,0.7240757313249466,0.4801301021308303,0.0644767735484573,-0.3117544894908413,-0.5046680762137676,-0.04500265324375171,-0.21782712042071414,0.1450328236094524,0.07675555994774304,-0.34451729230255707,-0.6603769224457072,1.5520350283406528,-0.5144572454357728,-0.19337050169397232,0.7191837432092995,-0.02657797342033365,1.1612172607116973,1.041947717686773,0.3527063634123059,-0.06902047694928673
-0.5115755343867122,0.4014916903287792,0.17547845673262422,-0.8464779890025418,-0.31826090467073176,1.0785834489680173,0.1735291216382649,0.12739091550659612,0.007985652061223137,-0.1666536020090928,0.1929481226802908,-0.17954807327572442,-0.6880725904800031,-0.04479688847900412,-0.02499524807076066,0.35395022061638676,-0.6301267655567774,-0.15830453314193302,0.26196186283004197,-0.21401930393896162,-0.6455505534933547,-0.31038511226213905,0.3411961213593543,0.35521429090973156,0.5369427355989482,-0.2753405347619422,0.24177426769240137,-0.0684421397517455,-0.40036245896836076,-0.14547286718412916,0.6652042343846888,0.10643748387067348,0.10560790037555953,0.3204296464931313,0.9800719755106175,-0.5144572454357728,1.0162553598448594,0.32124415005430074,-0.1477839941426025,-0.10934015784849596,-0.20411076928432237,-0.9855322510237461,-0.06897152370866907,-0.04315772876389261
-0.2744667582858219,0.6118944608700957,0.07868870163229623,-0.3459168772074741,-0.3840540149332513,0.45431076609887255,0.1222322465150192,0.14790926042828914,0.3058326787970505,-0.34750421179941365,0.012415131902513801,-0.44118753356008367,-0.5258382419213932,-0.0012248100441450535,-0.21382997137765256,0.2359161203317728,-0.08822825440611845,-0.8472729148811705,0.2818516779911107,0.5210350715548449,-0.8906424511725195,-0.28032227840079343,-0.0941897776694455,0.10135616076461458,0.19232365375469432,-0.009811391379946105,0.2802080030416626,-0.21648125093693607,0.08464343982974508,-0.21390448201630136,0.426320510576478,0.3796098142530957,0.3489442198573214,0.11271881940144256,0.5115063718428394,-0.19337050169397232,0.32124415005430074,0.501909031899903,-0.44638424166476415,-0.03775203844840135,-0.43530951553511427,-0.630181088020815,0.17668653416577576,0.10071643737455666
0.41429330124101066,-1.1906708238839232,0.35509100755469053,-0.20090691092016133,1.3098893895367796,0.21423544952829673,-0.19097704602925503,-0.12716771953461922,-1.060119976296041,-0.18215538212198312,-0.14787738382415155,0.751766318060316,0.7273156878404108,-0.19038529757423203,-0.2578506332020538,-0.05107556256100334,-0.6954136611465971,2.0471128745322598,-0.7348919896064933,-1.4742015554064347,1.3454398469142816,0.5476300621164119,0.43990540786943755,-0.5749107300484392,0.7356022284794714,0.29391605301887735,-0.1551721868794936,0.05892347891262565,-0.6466912717394514,0.11661552933925502,-0.05850979632480122,-0.8317563789531316,-0.39957510592874995,0.07950460969391486,-0.2212214585107374,0.7191837432092995,-0.1477839941426025,-0.44638424166476415,1.6114010245001904,0.07508503056467226,1.2077240408847125,0.5422289175703269,-0.055269831004421136,-0.5239379975548403
0.07713527221778205,-0.09813855880735367,0.03855219897206355,0.043908205302553176,-0.06654664850702358,-0.05004071398443586,0.014746847450157335,-0.1055987556418687,-0.1729891725162041,0.053057442679239175,-0.029965601894959795,0.07791656916068404,0.02901354704033878,0.06108963947666801,0.07279668294430912,-0.03532530282229005,-0.12485370686404915,0.12966631646148252,-0.0468591903302514,-0.06588622264271334,-0.0028106173015939773,0.20689018891331418,0.04140609277083517,-0.08980559383112073,-0.02585223705241217,0.003575691088788794,-0.02516762925003738,-0.016405258890174752,0.009560089387429097,-0.11464574023884108,-0.13149296261486249,-0.005278077065168499,-0.06450336487164177,-0.04758839666230397,-0.03388877371774918,-0.02657797342033365,-0.10934015784849596,-0.03775203844840135,0.07508503056467226,0.13794604034992802,0.03763108892865243,0.04132774561952782,-0.04821588386564812,-0.05309015016243556
0.17695336783669632,-1.3073075253621045,0.16219877694850035,-0.9525932668579306,1.8220794382267929,0.016602213900075827,-0.4272910718898141,0.26782749718595766,-1.2096813647893532,-0.23236619901620614,-0.2620422178451552,0.37782783827495486,0.47543855418929726,-0.48761901396346047,-0.7447509131053918,0.11523711741943937,-0.4104884101640718,2.1260210680729124,-0.6914943718978973,-1.2815856624944477,0.5965283982337749,0.5757819151193463,-0.08758070630569247,-0.782195658596858,0.8287316120869669,0.19989856060135558,-0.14017822790518097,-0.21817992781722126,-0.8432211156824382,-0.12226990344252843,-0.24420038185226342,-0.4370913085153291,-0.1934674897604938,-0.21467756176066605,-0.5026765743822307,1.1612172607116973,-0.20411076928432237,-0.43530951553511427,1.2077240408847125,0.03763108892865243,1.5102053115383682,0.8875280091765472,-0.039019916362261084,-0.1756183359606933
0.4510644116207223,-1.1958943518504797,-0.3666077527340972,0.6759543120886167,1.1617796760799761,-1.1709213248355548,-0.2797418168586073,-0.27920224041815744,-0.5078270467396241,0.18284124777045985,-0.5662508776883589,0.40448250367555877,1.0163084449398714,-0.3172603020776257,-0.08931999311777944,-0.43927012720852826,0.46575684971259457,1.0601243566097993,-0.5086066779390471,-0.6394613864840992,1.1508153428300156,0.5736727198456373,-0.38214310696008325,-0.5802082133119661,-0.14937100132710968,0.4600534104181529,-0.30605024822382504,0.12657668271674785,-0.06789128445489429,0.4713862467547396,-0.8880766211096158,-0.4078481222662712,-0.473136028002486,-0.3398392959936186,-1.2449890815603255,1.041947717686773,-0.9855322510237461,-0.630181088020815,0.5422289175703269,0.04132774561952782,0.8875280091765472,1.967279112669736,0.1071718265592102,0.012248015414001586
-0.044976604145005816,-0.016870061732178022,0.14916234392284536,-0.2009176759216552,0.3056687298412751,0.1293167938342501,-0.07775559359335887,0.028400499334706147,-0.04566905557760313,-0.5070156407111066,-0.2017446061044802,-0.1329549979145711,-0.03418290720667352,-0.0763940024741229,-0.35188837875016543,0.09757900244587449,-0.013507842752699327,-0.12428843607608019,-0.06847445117583166,0.02640028917364101,-0.27314728647352665,-0.047654432616241284,-0.14981289346221505,-0.15555900119426636,0.2272144775661935,0.3067519853580249,0.23560618383234125,-0.038497311080937575,0.03837185622677765,0.03707448813172687,0.1619249442294057,0.30534912010090426,0.1311393448887813,-3.9376184084931835e-4,0.11346838103765021,0.3527063634123059,-0.06897152370866907,0.17668653416577576,-0.055269831004421136,-0.04821588386564812,-0.039019916362261084,0.1071718265592102,0.33633472353175825,-0.06443662203894372
-0.17547952820869672,0.36716582969810024,-0.2634997782640236,-0.22113600430940183,-0.18772574291862384,-0.22763629279663378,-0.01652427422360756,0.2290243294999741,0.31055636794450014,0.07804745951755704,0.04253544653742115,-0.35985864157267644,-0.28600591342803794,-0.05806410907713598,-0.15908736646031438,0.07567347889672976,0.404419081045906,-0.6221886540445802,0.23566383386768477,0.6139763748608484,-0.5567907359895056,-0.20021883646306218,-0.3806569130733676,0.02660174511262943,-0.1709133824092566,-0.1842682077595041,-0.00603339154365729,-0.2539153344603515,0.0881534258429278,-0.14135398764652796,-0.043976319382875516,0.3569292491802149,0.2346397444039499,-0.11507090217633618,-0.12568277145150086,-0.06902047694928673,-0.04315772876389261,0.10071643737455666,-0.5239379975548403,-0.05309015016243556,-0.1756183359606933,0.012248015414001586,-0.06443662203894372,0.35490941701277634
